hidden representaion(r*topic):
[[-1.34115458e-01 -1.99016891e-02 -5.09640217e-01 -2.40322843e-01 -2.04402298e-01  6.79233670e-02 -6.60596415e-05  1.53259963e-01  2.08016679e-01 -2.62607396e-01  1.74919069e-01 -1.31898060e-01 -3.51460055e-02  1.56108186e-01  4.07749228e-02]
 [-1.30626753e-01 -1.14654880e-02 -5.62178254e-01 -2.41031140e-01 -2.20130846e-01  8.08795840e-02  9.84727964e-03  1.65209725e-01  2.33135656e-01 -3.02208036e-01  2.04599634e-01 -1.55736312e-01 -5.58027476e-02  1.73463613e-01  5.22527806e-02]
 [-1.31472707e-01 -3.00970990e-02 -4.25055981e-01 -2.40131989e-01 -1.86161295e-01  1.03759943e-02 -7.34900124e-04  1.15190193e-01  1.57184362e-01 -1.96749106e-01  1.78161517e-01 -1.10124931e-01  3.10177170e-02  1.41663164e-01 -3.41008715e-02]
 [-1.43161803e-01 -2.75276694e-02 -1.34622335e-01 -1.81937262e-01 -8.24077800e-02  1.39330290e-02 -3.84916924e-03 -5.20143658e-04  6.35546371e-02 -6.60327636e-03 -1.46636488e-02  1.09715248e-02  7.99010545e-02  9.42785442e-02 -4.80410494e-02]
 [-1.33808404e-01 -4.33918312e-02 -1.60903469e-01 -1.95075348e-01 -9.97521803e-02 -1.65438727e-02 -1.39071308e-02  1.87226683e-02  6.27437159e-02 -2.19676364e-02  1.75064579e-02  1.61062367e-03  9.08140838e-02  8.77938122e-02 -6.26989156e-02]
 [-1.34647146e-01 -5.40081151e-02 -2.24934444e-01 -2.22498804e-01 -1.28507912e-01 -3.26789506e-02 -1.98757164e-02  5.37337065e-02  7.40709081e-02 -5.73217571e-02  7.06648007e-02 -2.44149249e-02  9.54695642e-02  9.43857133e-02 -7.57748187e-02]
 [-1.35499448e-01 -4.02475521e-02 -1.70955420e-01 -1.96105272e-01 -1.01721287e-01 -1.06080240e-02 -1.19437920e-02  2.15431377e-02  6.72048926e-02 -2.85384227e-02  2.13127919e-02 -3.22825834e-03  8.65242928e-02  9.19298381e-02 -5.94526604e-02]
 [-1.25490114e-01 -2.48465668e-02 -1.40457407e-01 -1.64290816e-01 -7.13995099e-02  2.41837371e-03 -2.96245106e-02  1.79058220e-02  5.35546355e-02 -1.64057110e-02 -2.76506115e-02  1.52361766e-02  6.64280057e-02  7.25185648e-02 -1.96550824e-02]
 [-1.22647762e-01 -1.18107535e-03 -1.07633807e-01 -1.36783838e-01 -3.61559503e-02  4.81501780e-03 -4.30018976e-02  7.29656406e-03  3.32967788e-02  2.06325855e-03 -5.35353497e-02  3.06061096e-02  6.60603046e-02  5.32220900e-02 -9.57369525e-03]
 [-1.37169510e-01  2.32078135e-03 -1.00001574e-01 -1.44054189e-01 -3.76997292e-02  2.77522020e-02 -2.72855405e-02 -4.64350637e-03  3.97758745e-02  1.08676432e-02 -6.23816997e-02  2.94081364e-02  6.54822364e-02  6.87600300e-02 -1.24906823e-02]
 [-1.30316660e-01 -1.04855886e-02 -1.41215399e-01 -1.53841630e-01 -6.99990019e-02  3.61599028e-02 -1.32250683e-02 -8.72922875e-03  5.65531738e-02 -1.05625819e-02 -4.29771654e-02  3.24485358e-03  5.90175241e-02  9.01579484e-02 -7.78500922e-03]
 [-1.30153775e-01 -4.33270708e-02 -1.50295869e-01 -1.90506950e-01 -9.13604274e-02 -2.41832733e-02 -2.47880258e-02  2.51980890e-02  5.38684689e-02 -1.70821212e-02  8.71661678e-03  9.48539656e-03  9.07878503e-02  7.73489475e-02 -5.78698926e-02]
 [-1.17617860e-01 -1.80896856e-02 -1.29488796e-01 -1.52245462e-01 -5.69249839e-02 -7.89726898e-03 -4.50936034e-02  2.35300753e-02  3.81103158e-02 -1.10919718e-02 -3.55299860e-02  2.33667828e-02  6.63549751e-02  5.89698926e-02 -1.32765323e-02]
 [-1.43813223e-01  3.24662961e-02 -5.54106720e-02 -1.22467041e-01  1.76800136e-02  1.12953065e-02 -4.78471257e-02  1.51817705e-02  3.29853408e-02  7.23680621e-03 -6.43270463e-02  5.21223173e-02  5.82691021e-02  2.81404238e-02 -1.57245994e-02]
 [-2.13878587e-01  4.04389948e-02 -8.50886479e-02 -1.74195737e-01 -2.99540125e-02  1.32223874e-01  3.88066396e-02 -4.65766415e-02  7.25505278e-02  4.37393710e-02 -8.74912739e-02  2.55691912e-02  6.80869371e-02  1.33238852e-01 -3.39508839e-02]]
R_hid(hidden representaion to predict r):
[[-6.56405509e-01  6.25090022e-03 -2.61103368e+00  1.42425060e-01  1.10500848e+00 -1.52118921e-01  8.73602390e-01 -3.41323495e-01 -1.20522749e+00 -5.77450931e-01 -2.85892785e-02  1.68493068e+00  7.21326768e-02  1.21541647e-02 -9.16274916e-03]
 [-1.34263015e+00 -1.66811496e-02 -2.40211582e+00  3.11919332e-01  1.53723097e+00 -5.38360894e-01  1.31845009e+00  1.39638638e+00 -8.79723668e-01 -1.25290990e-01  4.30819958e-01  9.43014801e-01  2.52914995e-01  3.54569033e-02  7.72520751e-02]
 [-1.00756526e+00 -5.91727644e-02 -1.28075862e+00  4.44774091e-01  9.00206208e-01 -5.60529530e-01  7.77709603e-01  1.02121007e+00 -7.83994973e-01 -9.75147709e-02 -2.59192944e-01  1.36725354e+00  1.08845830e-01  2.54902244e-03 -5.26341982e-03]
 [-5.50755672e-02 -2.90870994e-01 -1.90554097e-01  8.19947422e-02  1.88119769e-01 -4.18332464e-04  3.35764855e-01  2.20474392e-01 -2.36893874e-02 -2.38536322e-03 -1.17883839e-01  2.51501113e-01  2.54152492e-02 -1.03710247e-02 -4.49886173e-02]
 [-2.38203928e-01 -1.83077559e-01 -3.28670889e-01  3.07439297e-01  3.82652879e-01 -5.52763417e-03  5.46062946e-01  3.40419471e-01 -1.39663190e-01  3.59370038e-02 -2.03987941e-01  4.67600703e-01 -3.93130817e-03  8.27601925e-03 -5.95253408e-02]
 [-2.63066292e-01 -1.31333232e-01 -5.20371437e-01  3.51582319e-01  5.22497296e-01 -5.81897795e-04  6.89841270e-01  5.63724279e-01 -2.52460241e-01  2.26660259e-02 -2.16061980e-01  7.33855486e-01  9.84224677e-03  2.32750010e-02 -1.15651377e-02]
 [-2.13753507e-01 -1.75972000e-01 -2.36293167e-01  1.93926170e-01  3.31671327e-01  2.74959933e-02  4.63112384e-01  4.66651738e-01 -1.08565927e-01  1.57493018e-02 -2.17539325e-01  3.96344781e-01 -1.24270823e-02  4.98666242e-03 -4.99491841e-02]
 [-2.49306224e-02 -1.97287768e-01 -2.42094934e-01 -1.05113618e-01  1.01955619e-03  4.85793427e-02  1.04401998e-01 -4.27460447e-02 -2.38028802e-02 -5.05284630e-02 -1.32868692e-01  3.24536264e-02 -2.86139190e-01 -2.26091266e-01 -1.42345116e-01]
 [ 2.79952735e-01 -2.18595073e-01  1.19388610e-01 -3.32848936e-01 -1.85052082e-01 -1.71860933e-01  4.04952802e-02 -4.35914919e-02  4.15362805e-01 -4.66994457e-02  2.65524805e-01 -1.04460092e-02 -5.49606323e-01 -3.28058660e-01 -2.90239692e-01]
 [ 3.19914371e-01 -2.78903306e-01  2.65685357e-02 -2.71455288e-01 -1.45780846e-01 -1.30498946e-01 -1.98441558e-02 -4.86476943e-02  2.89284587e-01  2.50908732e-02  2.77853191e-01 -3.12970281e-02 -4.20653969e-01 -3.01831126e-01 -1.79581702e-01]
 [-1.95551425e-01 -1.02232605e-01 -6.98587179e-01  2.76401788e-01  2.53867924e-01  5.42171374e-02  3.13768804e-01 -1.29715472e-01 -3.91289741e-01 -4.43945080e-03 -2.69445151e-01  3.00024658e-01 -1.91871986e-01 -1.15711093e-01 -7.02476352e-02]
 [-7.85735548e-02 -1.19261742e-01  2.94490979e-04 -6.74318522e-02  2.10073292e-01 -2.52598077e-02  2.70766705e-01  3.04995358e-01  1.06421292e-01 -5.16433120e-02 -9.87239704e-02  1.52144626e-01  3.98357771e-02  1.17749879e-02 -9.76843312e-02]
 [ 1.16888404e-01 -2.59955674e-01 -6.98277578e-02 -2.45911896e-01 -8.43078047e-02 -7.93539211e-02 -3.14487889e-02 -6.04330376e-03  9.21567678e-02 -1.60617903e-01  4.03940678e-02 -9.15533900e-02 -2.40172669e-01 -2.62211472e-01 -1.82413444e-01]
 [ 6.39566422e-01 -2.46720701e-01  5.33068061e-01 -5.12271047e-01 -3.62091571e-01 -5.20562887e-01 -4.14854009e-03  1.92427367e-01  7.25702822e-01 -3.60316366e-01  6.48497045e-01  9.08213109e-03 -2.35272974e-01 -4.14280772e-01 -3.88426036e-01]
 [ 1.12587407e-01 -5.26095033e-02  5.66833168e-02 -8.67327750e-02  3.87501940e-02  1.44353405e-01  3.03086825e-02 -4.46429849e-02  1.49870530e-01 -1.59397170e-01  1.00064471e-01  2.10938621e-02 -3.03757787e-01 -1.72285140e-01 -2.76005328e-01]]
topics:
[[-0.16268648 -0.012495    0.24051069  0.03846378  0.07868577  0.26863378  0.14196481 -0.5226205   0.26752403  0.0309502  -0.18473287  0.13168974 -0.05795705 -0.211233    0.09553143]
 [-0.07593252  0.05362287  0.03316527 -0.06759482  0.12710945 -0.15092997 -0.15061797  0.16444816  0.01159576 -0.10229197  0.01562151  0.08627614 -0.00834507 -0.10499217 -0.00797311]
 [-0.12561607  0.00517339 -0.65378314 -0.23608898 -0.24089324  0.12044269  0.01842568  0.19290133  0.28056753 -0.37273815  0.2305699  -0.18956554 -0.10854939  0.19522318  0.10168768]
 [ 0.07945825 -0.01824716 -0.03748352  0.07177132 -0.05240915 -0.08456893  0.02540233  0.04003023  0.17688745 -0.01681348 -0.2747989   0.38393727 -0.16385989  0.22234556  0.16516505]
 [ 0.18000694 -0.01873914 -0.25216505 -0.00296944 -0.17191684 -0.02808757 -0.24917568 -0.10057145 -0.468399    0.14312904 -0.13252251 -0.22332516  0.12499589  0.1693504   0.18489514]
 [-0.52338475  0.09846568 -0.06860022 -0.39977822 -0.08842304  0.4788355   0.3231592  -0.11073563  0.2710409   0.09477071 -0.07612269  0.01971075  0.05563853  0.42689982 -0.17318426]
 [-0.1043281   0.06239344 -0.01642241 -0.01363928  0.11444597 -0.07535468 -0.14901197 -0.04351676 -0.03441818  0.08901229 -0.14892493  0.10565098  0.1494753  -0.15373924 -0.00162584]
 [-0.11255594 -0.06862681  0.00772866 -0.21434046 -0.07205477 -0.2616832  -0.02366838 -0.07582926 -0.10463188  0.1388328   0.15338854  0.01079198  0.34578565  0.04569155 -0.36848983]
 [-0.05420778  0.04075896 -0.10300101  0.0147927   0.01674564 -0.03739906  0.02923867  0.01125486  0.1791481  -0.11125651 -0.18412589 -0.12588388  0.01232378  0.07412096  0.06442288]
 [-0.29961604 -0.24107142 -0.00147364 -0.4445333  -0.1536813   0.06055333 -0.08169971  0.16778605  0.04803893  0.12937431 -0.19195534  0.15056777  0.11447233  0.02730246 -0.01586795]]
R:
[[7.65934470e-04 3.12044844e-03 7.77607858e-01 3.42665799e-03 6.23426680e-03 2.49349832e-05 2.61313040e-02 1.05516963e-01 1.09757634e-03 7.60740638e-02]
 [2.38442517e-04 4.85803845e-04 8.60470116e-01 1.08260557e-03 1.04564009e-03 1.85043791e-05 1.86472991e-03 9.50497687e-02 3.02517117e-04 3.94418091e-02]
 [7.18319730e-04 1.42154703e-03 6.52253985e-01 2.90480372e-03 2.27774307e-03 1.02710874e-04 4.38085105e-03 2.72541165e-01 9.25380504e-04 6.24734499e-02]
 [5.94263859e-02 5.82568087e-02 1.80224314e-01 6.62745386e-02 7.23719522e-02 1.02027126e-01 6.59935698e-02 2.16361299e-01 5.52665368e-02 1.23797551e-01]
 [4.99582775e-02 4.29061428e-02 2.31680900e-01 6.00435995e-02 5.37860617e-02 5.05775064e-02 4.24769931e-02 2.78064191e-01 4.68880236e-02 1.43618375e-01]
 [2.38043126e-02 2.43528429e-02 3.37855697e-01 3.65890898e-02 3.03635020e-02 1.45308459e-02 2.81647835e-02 3.26602668e-01 2.32230648e-02 1.54513180e-01]
 [4.74085622e-02 4.38650958e-02 2.45562375e-01 5.70077449e-02 5.42982705e-02 5.65609485e-02 4.42296490e-02 2.68564433e-01 4.56941389e-02 1.36808783e-01]
 [4.90967073e-02 9.05034244e-02 1.84842020e-01 6.89769015e-02 8.27147812e-02 6.80231676e-02 1.10230543e-01 1.58736229e-01 5.37013970e-02 1.33174807e-01]
 [4.09424864e-02 1.40517518e-01 1.25098184e-01 6.67348653e-02 9.80292633e-02 9.66474116e-02 1.98690385e-01 1.03548616e-01 3.79122868e-02 9.18790400e-02]
 [4.62947637e-02 1.28263921e-01 1.07760653e-01 6.40911758e-02 1.03672229e-01 1.35088697e-01 1.85969889e-01 9.33180600e-02 4.52409275e-02 9.02996957e-02]
 [6.50660098e-02 6.42829314e-02 1.71675876e-01 6.46853298e-02 1.11678854e-01 1.13149971e-01 1.17255941e-01 1.23477243e-01 7.08129257e-02 9.79148969e-02]
 [4.29222509e-02 6.46457598e-02 2.13785365e-01 6.14152849e-02 5.61899953e-02 4.27942649e-02 6.04122579e-02 2.61973917e-01 4.26574871e-02 1.53203443e-01]
 [3.78934331e-02 1.25687227e-01 1.63878515e-01 7.02895820e-02 9.13424492e-02 6.36667758e-02 1.47278637e-01 1.36656433e-01 3.93118113e-02 1.23995148e-01]
 [2.62359176e-02 2.94528455e-01 5.29365316e-02 4.04648297e-02 7.41861835e-02 1.57235578e-01 2.52481669e-01 3.95284332e-02 1.90752372e-02 4.33271602e-02]
 [3.46096307e-02 7.92726800e-02 5.72764911e-02 4.01752703e-02 1.03988536e-01 3.34954351e-01 2.42238924e-01 3.23488191e-02 3.98941636e-02 3.52411680e-02]]
cosine similarity of topic:
[[ 9.9999976e-01  3.9558039e-05 -2.1909036e-05 -1.9468540e-05  4.7879781e-05 -1.8573239e-05  9.2419550e-06 -1.7069330e-04 -1.0362352e-05  3.1903022e-05]
 [ 3.9558039e-05  9.9999994e-01  1.3284594e-05 -9.2556882e-05  1.6098486e-05 -4.7408161e-05 -5.6249297e-05 -8.9363923e-05  1.3913485e-04  4.7778492e-05]
 [-2.1909036e-05  1.3284594e-05  1.0000002e+00 -3.3409003e-06  8.7216889e-05 -2.5686830e-05 -7.8308854e-05  1.9872035e-05  4.9851929e-05 -2.5806885e-05]
 [-1.9468540e-05 -9.2556882e-05 -3.3409003e-06  1.0000002e+00  4.1998253e-05 -4.1721843e-05  1.3893463e-04 -1.0793299e-05 -4.5594959e-05  7.6438873e-06]
 [ 4.7879781e-05  1.6098486e-05  8.7216889e-05  4.1998253e-05  9.9999988e-01  2.5051508e-05 -6.5556618e-05 -1.0057742e-05  6.4494889e-05 -9.5988726e-05]
 [-1.8573239e-05 -4.7408161e-05 -2.5686830e-05 -4.1721843e-05  2.5051508e-05  9.9999994e-01 -9.2860697e-05 -8.2661871e-05 -3.2034620e-06  2.9609668e-05]
 [ 9.2419550e-06 -5.6249297e-05 -7.8308854e-05  1.3893463e-04 -6.5556618e-05 -9.2860697e-05  1.0000002e+00  1.9749597e-05 -3.2030275e-05 -6.4438711e-05]
 [-1.7069330e-04 -8.9363923e-05  1.9872035e-05 -1.0793299e-05 -1.0057742e-05 -8.2661871e-05  1.9749597e-05  9.9999976e-01  1.7714749e-06  9.9503661e-05]
 [-1.0362352e-05  1.3913485e-04  4.9851929e-05 -4.5594959e-05  6.4494889e-05 -3.2034620e-06 -3.2030275e-05  1.7714749e-06  1.0000001e+00 -4.5247594e-05]
 [ 3.1903022e-05  4.7778492e-05 -2.5806885e-05  7.6438873e-06 -9.5988726e-05  2.9609668e-05 -6.4438711e-05  9.9503661e-05 -4.5247594e-05  1.0000000e+00]]
