hidden representaion(r*topic):
[[-0.05713646 -0.02869729 -0.26033282 -0.10906197 -0.10514526  0.02088555  0.05959769  0.11300965  0.07986063 -0.1182031   0.03407647 -0.13261943 -0.04205222  0.09901769  0.00790692]
 [-0.05837313 -0.03022401 -0.270037   -0.1125346  -0.1094638   0.02190002  0.06362711  0.11782049  0.08247047 -0.12314789  0.0373572  -0.13786475 -0.04479041  0.10285275  0.0071664 ]
 [-0.05819178 -0.02724161 -0.22308089 -0.10501149 -0.09228519  0.01991503  0.04353906  0.09989215  0.07507359 -0.10003034  0.02104353 -0.10724298 -0.0309609   0.08530719  0.00970548]
 [-0.06545322 -0.03042158 -0.09703045 -0.10759297 -0.05731034  0.02258414 -0.01482551  0.05222763  0.04163811 -0.02549872 -0.02108149 -0.01670658  0.0144269   0.03777606  0.01643926]
 [-0.05969709 -0.02443356 -0.10448206 -0.10259129 -0.05540491  0.01792591 -0.01577451  0.05815095  0.03824443 -0.03209085 -0.01381454 -0.02193483  0.01069264  0.03976594  0.01711802]
 [-0.06659237 -0.02908139 -0.12439562 -0.11175466 -0.06487563  0.020834   -0.0053625   0.07070217  0.0509386  -0.04344451 -0.01024888 -0.03211334  0.00465967  0.04894438  0.01380337]
 [-0.07191132 -0.0312591  -0.10872475 -0.1156579  -0.06149703  0.02366376 -0.01042974  0.06593086  0.05190785 -0.03538462 -0.01653937 -0.02023167  0.01034519  0.04328082  0.0129733 ]
 [-0.04342084 -0.01686337 -0.08766391 -0.07093182 -0.04689512  0.0072467  -0.0046541   0.03566451  0.03710155 -0.02412027 -0.02611745 -0.02043783  0.00460248  0.04695511  0.01748062]
 [-0.03606496 -0.01085493 -0.06608555 -0.05968709 -0.03958131 -0.00526861 -0.00776935  0.02232541  0.02503659 -0.00972852 -0.02431655 -0.01179572  0.01656016  0.04821247  0.0071766 ]
 [-0.0290056  -0.01117056 -0.07965656 -0.05522072 -0.04424302 -0.00228415 -0.00377659  0.01957872  0.01878255 -0.01277125 -0.02420876 -0.02305283  0.01034735  0.05217303  0.01481397]
 [-0.03176571  0.00964249 -0.04704599 -0.04863289 -0.0093817  -0.00374627 -0.0352969   0.03283857  0.02345208 -0.02581754 -0.01548853  0.00472249  0.00706133  0.01396895  0.0225966 ]
 [-0.05783378 -0.02154127 -0.07602403 -0.08897396 -0.0452165   0.01351796 -0.01803562  0.04200267  0.04175099 -0.019379   -0.02760966 -0.0084729   0.01724998  0.03695431  0.01419104]
 [-0.04343301 -0.01045172 -0.07352486 -0.0578997  -0.04237553 -0.00060431  0.01198602  0.02651299  0.04598422 -0.02064663 -0.02966949 -0.01632901  0.00423212  0.06109435  0.00295277]
 [-0.02352665 -0.00819489 -0.03202003 -0.03611322 -0.03584733 -0.02452752  0.00681388  0.00533348  0.02389786  0.01184745 -0.04235578  0.01593353  0.01020075  0.06713692 -0.00094015]
 [-0.01349682 -0.01247592 -0.06145483 -0.04760713 -0.04296612 -0.01222787 -0.02393411  0.00486606 -0.01170458  0.01381891 -0.03183145 -0.01238601  0.02536573  0.04779802  0.02182432]]
R_hid(hidden representaion to predict r):
[[0.6191954  0.         0.840527   0.         1.4010895  0.         0.         0.8729121  0.         0.08827335 0.12722957 0.46687177 0.         0.1478767  0.        ]
 [0.18614805 0.20126294 1.2258474  0.         0.78124    0.         0.         2.1886156  0.06844463 0.         0.         1.0753096  1.3447406  0.         0.        ]
 [0.15102091 0.         1.3242537  0.         1.7180659  0.01832894 0.5934173  1.3578993  0.         0.         0.         0.         1.3161762  0.         0.04086307]
 [1.211522   0.         0.         0.         0.         0.9301618  0.         0.         0.33987537 0.7295742  0.         0.         1.3823544  0.         0.        ]
 [0.         0.         0.         0.         0.91476846 1.0683047  0.         0.         0.5700551  0.         0.11879192 0.         1.6160017  0.         0.60778695]
 [0.686602   0.         0.         0.         1.329732   0.49849406 0.         0.         0.22215334 0.         0.         0.         1.3663805  0.         0.5079356 ]
 [0.37157708 0.32583472 0.         0.20763344 0.         0.         0.         0.         0.89079803 0.         0.         0.         0.9722344  0.         0.45891804]
 [0.42329845 0.14589502 0.         0.         0.36345303 0.71555275 0.         0.48245305 0.6511384  0.         0.36503646 0.         0.7123254  0.         0.76558846]
 [0.         0.         0.         0.         0.9078081  0.5188732  0.         1.3714964  0.7274429  0.         0.28167185 1.6824002  0.         0.         0.24008217]
 [0.         0.         0.05317957 0.         0.7524518  0.83209807 0.19526623 1.423544   0.52647203 0.         0.         1.7539277  0.         0.         0.        ]
 [0.63316077 0.19383891 0.         0.         1.7075852  0.         0.         1.1725556  0.         0.         0.07825523 0.         1.0459094  0.         0.6883068 ]
 [0.32653472 0.         0.         0.         0.         0.50845224 0.         0.         1.5940567  0.         0.         0.28708014 0.95047593 0.         1.3568794 ]
 [0.33474547 0.         0.         0.         1.0644004  0.         0.         0.         1.5572923  0.02445101 0.8561885  1.1145881  0.         0.1663519  1.4581532 ]
 [0.         0.         0.         0.         1.88456    0.67479396 0.         0.8508255  1.4180083  0.         0.0510564  1.1810755  0.         0.         0.7872334 ]
 [0.         0.         0.         0.         0.6837594  1.5147994  0.         0.         1.718765   0.         0.5730613  0.23762678 0.         0.         1.3834537 ]]
topics:
[[-0.07180016 -0.03699674  0.08581229  0.01390149  0.03301914  0.08894475  0.09843613 -0.19815293  0.0962422   0.01057962 -0.09477056  0.02788564 -0.03437974 -0.08971849  0.02209573]
 [-0.02868434  0.05780768  0.01859991 -0.03365764  0.05535379 -0.0233511  -0.0988781   0.0589597   0.01786727 -0.04519456  0.01953495  0.05487485  0.01978587 -0.04164141  0.01824287]
 [-0.05833669 -0.03066818 -0.2780406  -0.11376216 -0.11232055  0.02218924  0.06697536  0.12099452  0.08375549 -0.1272075   0.04020146 -0.1430012  -0.04726666  0.10577086  0.00680899]
 [ 0.01353826 -0.01277592 -0.02557645  0.01022055 -0.05382435 -0.03667052  0.03768381  0.02778085  0.05264217  0.017601   -0.12630773  0.07260682 -0.07735516  0.13598081  0.0556483 ]
 [ 0.10614318 -0.0156704  -0.12434298  0.01161081 -0.07860836 -0.01573473 -0.09654606 -0.07696301 -0.20239212  0.0930541  -0.05222346 -0.1014016   0.06499977  0.05872923  0.11704276]
 [-0.20998028  0.0421058   0.00572403 -0.16650963 -0.02713561  0.17526124  0.137611    0.00029442  0.11077452 -0.02519451 -0.05848868  0.02096824  0.01574118  0.17144385 -0.07116054]
 [-0.0645358   0.01321106 -0.03166712 -0.02577492  0.01737147 -0.01782309 -0.02047881 -0.01694867 -0.03308551  0.07207266 -0.0791894  -0.049002    0.0500283  -0.02321196 -0.00349076]
 [-0.03661877 -0.02569744  0.00039378 -0.08162473 -0.03287123 -0.09950577 -0.01350541 -0.03240604 -0.04432883  0.05770612  0.08773065  0.00077075  0.132257    0.00146208 -0.12636237]
 [-0.01959087  0.01541254 -0.03185918  0.01199855  0.01162191 -0.00569518 -0.03198548 -0.00350637  0.07571063 -0.03621556 -0.06120167 -0.02623903  0.00973832  0.00721538  0.03446592]
 [-0.11630449 -0.06207829 -0.00789643 -0.18536757 -0.05742573  0.04431112 -0.07409555  0.0606476   0.03024586  0.03942928 -0.05529923  0.08268762  0.06369279  0.00484416  0.01364553]]
R:
[[2.49239593e-03 8.55296664e-03 9.31282282e-01 3.08575109e-03 4.77092108e-03 1.50362263e-03 5.31661185e-03 2.69526709e-03 2.59759277e-02 1.43243289e-02]
 [7.24418438e-04 1.52995787e-03 9.69316661e-01 1.28789060e-03 7.01912213e-04 6.48258778e-04 7.46306381e-04 1.26509008e-03 1.21371420e-02 1.16423368e-02]
 [5.84933069e-03 1.91477835e-02 7.91092634e-01 1.07205734e-02 3.93005786e-03 2.36438611e-03 3.98086151e-03 6.32163743e-03 7.81918243e-02 7.84009993e-02]
 [3.82656604e-02 5.73991090e-02 3.16954792e-01 2.19542198e-02 5.03884815e-02 9.10604559e-03 2.26045144e-03 2.30467785e-02 1.09455980e-01 3.71168435e-01]
 [2.55668983e-02 1.19463176e-01 3.45238179e-01 2.80148331e-02 5.79216182e-02 7.73254363e-03 5.05252602e-03 2.08593346e-02 7.51499981e-02 3.15000892e-01]
 [1.22415451e-02 7.05857351e-02 4.22751039e-01 2.66247503e-02 2.41148584e-02 6.16034586e-03 3.70954163e-03 1.63343791e-02 9.03568044e-02 3.27120960e-01]
 [1.73793230e-02 5.46869002e-02 3.67773324e-01 2.20501516e-02 1.47402566e-02 1.00485943e-02 2.20108009e-03 1.74454525e-02 1.11713804e-01 3.81961077e-01]
 [3.94303426e-02 7.96603709e-02 2.67959893e-01 1.15952827e-01 6.79789335e-02 2.20745336e-02 8.07713345e-03 5.88288791e-02 1.59237459e-01 1.80799648e-01]
 [1.52918175e-02 7.83350393e-02 1.73365280e-01 1.45492554e-01 8.13942924e-02 4.61735688e-02 5.59842680e-03 1.44301012e-01 1.88032672e-01 1.22015387e-01]
 [3.48784141e-02 8.35111439e-02 2.15477183e-01 1.44790024e-01 1.23926543e-01 4.33626734e-02 2.96982704e-03 1.16177469e-01 1.47054315e-01 8.78524780e-02]
 [5.58028370e-02 4.02386665e-01 1.59917146e-01 9.36346278e-02 7.11668879e-02 8.44843872e-03 2.23975163e-02 2.82673948e-02 7.15392679e-02 8.64392668e-02]
 [1.75089277e-02 6.08577244e-02 2.26447105e-01 5.69751710e-02 4.11964841e-02 2.29989495e-02 3.76751064e-03 5.26469573e-02 2.11291790e-01 3.06309313e-01]
 [1.63899530e-02 2.24404167e-02 2.12667555e-01 1.86104208e-01 2.71128267e-02 7.02843368e-02 1.07568866e-02 1.34933010e-01 2.37063885e-01 8.22468251e-02]
 [7.22619146e-03 2.77361739e-02 4.36102450e-02 3.57612878e-01 5.15583381e-02 6.43699169e-02 5.30161196e-03 2.34714568e-01 1.72132745e-01 3.57373618e-02]
 [1.54355075e-02 7.75807872e-02 1.04699835e-01 1.66543067e-01 2.07443684e-01 2.91481782e-02 8.51740036e-03 1.43399000e-01 1.27663240e-01 1.19569294e-01]]
cosine similarity of topic:
[[ 1.00000048e+00 -2.49078148e-05 -3.43699940e-05  8.94726254e-05 -1.57995149e-04  7.71339983e-05  1.27825886e-04  1.28598884e-04 -5.64364018e-05 -1.95331872e-04]
 [-2.49078148e-05  1.00000024e+00 -1.05360523e-04  1.55042100e-04 -7.23376870e-05  9.93390568e-05  4.34363610e-05 -1.69948034e-04  3.05300811e-04  3.66855413e-04]
 [-3.43699940e-05 -1.05360523e-04  1.00000000e+00  4.70699742e-05  2.94386409e-05  9.87891108e-05 -2.61090696e-04 -2.03393400e-04  4.31689201e-04 -8.77619023e-05]
 [ 8.94726254e-05  1.55042100e-04  4.70699742e-05  1.00000012e+00 -8.21757130e-04  8.09476478e-05 -1.30610755e-02 -1.85240060e-06  5.05978242e-05  5.73182479e-06]
 [-1.57995149e-04 -7.23376870e-05  2.94386409e-05 -8.21757130e-04  1.00000000e+00 -2.43660761e-04 -1.57120448e-04  4.80020419e-04  3.39634717e-05  2.54078768e-05]
 [ 7.71339983e-05  9.93390568e-05  9.87891108e-05  8.09476478e-05 -2.43660761e-04  9.99999523e-01 -3.00128013e-05 -1.29953027e-04 -1.85677200e-04 -2.89384741e-04]
 [ 1.27825886e-04  4.34363610e-05 -2.61090696e-04 -1.30610755e-02 -1.57120448e-04 -3.00128013e-05  1.00000012e+00 -2.12028273e-04 -2.41493806e-04 -2.90333293e-04]
 [ 1.28598884e-04 -1.69948034e-04 -2.03393400e-04 -1.85240060e-06  4.80020419e-04 -1.29953027e-04 -2.12028273e-04  9.99999821e-01 -1.07829459e-04  3.32411379e-04]
 [-5.64364018e-05  3.05300811e-04  4.31689201e-04  5.05978242e-05  3.39634717e-05 -1.85677200e-04 -2.41493806e-04 -1.07829459e-04  1.00000024e+00  1.06822699e-05]
 [-1.95331872e-04  3.66855413e-04 -8.77619023e-05  5.73182479e-06  2.54078768e-05 -2.89384741e-04 -2.90333293e-04  3.32411379e-04  1.06822699e-05  9.99999762e-01]]
