hidden representaion(r*topic):
[[ 0.05950948 -0.05116393 -0.02403603  0.04884027 -0.16611916 -0.00880901  0.05821537  0.04638132  0.13063547  0.09403384 -0.26136398  0.2478215  -0.10475539  0.2029108   0.1912758 ]
 [ 0.07911888 -0.02708956 -0.02638936  0.07795557 -0.15589741 -0.02566734  0.07144114  0.02709912  0.12869395  0.07572645 -0.23747125  0.2317075  -0.10297412  0.20302135  0.17893787]
 [ 0.06836199 -0.01621992 -0.04106036  0.07606655 -0.1402203  -0.0204444   0.06381007  0.02268686  0.12800491  0.06465457 -0.23790573  0.19341752 -0.09311675  0.1901493   0.17630175]
 [-0.00217769 -0.0584426  -0.1520546  -0.02395211 -0.15572552  0.02142171  0.0846421   0.08521037  0.16655922 -0.02381352 -0.1625071   0.09841844 -0.09022145  0.16024029  0.12608089]
 [-0.06194049 -0.0916013  -0.10715112 -0.09849022 -0.12733313  0.02365073  0.01950501  0.06777482  0.11572884  0.01084237 -0.14551729  0.09395561 -0.03375167  0.10698777  0.08585121]
 [-0.04206802 -0.10272515 -0.03158763 -0.07879668 -0.13828796  0.02234613  0.00422726  0.03643586  0.09455978  0.0808827  -0.20583814  0.17920642 -0.03836793  0.12545426  0.11961223]
 [-0.21037583 -0.25926864 -0.00890598 -0.3327914  -0.16511753  0.05045893 -0.09614026  0.09928805  0.05498116  0.13485904 -0.17270897  0.19811949  0.05465714  0.07766268  0.03277109]
 [-0.0332019  -0.05994771 -0.07158279 -0.05379855 -0.11669453  0.01756557  0.02792862  0.01175258  0.08873748  0.03211469 -0.15523985  0.10310921 -0.02438542  0.11529392  0.08690205]
 [-0.08412811 -0.03948031 -0.22306995 -0.08450568 -0.08855037  0.01552976  0.0425817   0.0975601   0.11933854 -0.04625806 -0.06743971 -0.05659645  0.0119577   0.01476358  0.01923015]
 [-0.06702985 -0.08152504 -0.36821717 -0.11667137 -0.16037841  0.05052798  0.11937302  0.17437667  0.21846408 -0.1932962  -0.02418125 -0.11308952 -0.08516385  0.09667363  0.0509036 ]
 [-0.04810172 -0.09082117 -0.36292583 -0.10340927 -0.1832291   0.05429043  0.13847812  0.18266937  0.24348539 -0.19365028 -0.04790996 -0.07518578 -0.11682972  0.13089988  0.0789345 ]
 [-0.0680998  -0.04811787 -0.05874297 -0.08789331 -0.07780588 -0.01307555 -0.02513711  0.00418248  0.0232114   0.05440914 -0.1042852   0.05632286  0.05098771  0.07078929  0.02280922]
 [-0.04347752 -0.04961892 -0.15104966 -0.06234676 -0.12207171  0.00502118  0.06617001  0.05548303  0.13389127 -0.03652297 -0.09685387  0.03677009 -0.02605683  0.11693842  0.05108473]
 [-0.10707358 -0.0612844  -0.0695618  -0.12649813 -0.06636481 -0.04202339 -0.0298073   0.0317449   0.0370772   0.04629311 -0.05352376  0.03841236  0.08900304  0.03027594 -0.03563141]
 [-0.05822036 -0.04206327 -0.1533305  -0.0668251  -0.08565489  0.01018411  0.03138905  0.06631006  0.12381653 -0.04848389 -0.08967909  0.0097845  -0.02508075  0.06577316  0.05649422]]
R_hid(hidden representaion to predict r):
[[2.2019355  0.         0.         0.         0.         0.         2.0214038  2.5075898  0.         2.066512   0.         1.3232292  0.         0.         0.        ]
 [0.61436635 1.0812644  0.         0.5846275  2.7911391  0.41308564 0.8656757  0.         0.         0.45595044 0.         0.         0.         1.7098907  0.        ]
 [0.         1.057309   0.         0.04629019 0.8468867  0.         0.         0.         0.5510706  0.         1.3149697  2.2999625  0.         0.         0.        ]
 [0.40772536 0.         0.9462714  0.6683059  0.         0.8582786  0.03210731 0.         0.         0.07231642 1.8451676  0.5702404  0.         0.96535885 0.        ]
 [0.836589   0.9421612  0.39978126 0.         0.0664283  0.81542915 0.         0.8446717  0.         0.21596108 0.2493758  0.         0.         0.60646343 0.        ]
 [0.10060561 1.9261637  2.0007124  0.         0.         1.4211614  0.         0.5037297  0.         0.         0.         0.         0.         0.         0.64201355]
 [0.53152287 1.2059228  1.4388958  0.06475089 0.         1.5344397  0.         0.9410054  0.         0.         1.1899177  0.         1.634628   0.         1.4073167 ]
 [0.42483205 0.742223   0.         0.         0.         1.2824335  0.56158406 0.         1.16794    0.09532943 0.30586615 0.         1.1486909  0.         1.3177661 ]
 [0.         0.         0.         0.         0.         0.         1.0146188  0.         1.2878052  0.         0.         0.8610519  1.4222448  0.         1.013766  ]
 [0.         0.         0.         0.35184777 0.         0.         1.0335418  0.10429817 1.0037129  0.         0.         0.7040125  0.37052613 1.2117596  1.7038838 ]
 [1.0419034  0.         0.51801443 1.7696558  0.         0.9405563  1.1146712  0.         0.         1.8948226  1.4926302  0.00980626 0.         1.32614    0.        ]
 [0.         0.31861907 0.03547253 0.         0.7199965  0.         0.         0.36847708 0.14816755 1.2642137  0.         0.         0.         0.         0.        ]
 [0.         0.         0.         2.1537433  0.22887607 0.10198365 0.         0.         0.36947122 0.         0.03859231 0.21860015 0.4347637  0.         0.        ]
 [0.3049393  0.         0.29144976 0.         0.         0.         0.         0.1934911  1.628161   0.         0.         0.         0.12799282 0.12187762 0.        ]
 [0.         0.         0.8262799  0.48728305 1.4729536  0.         0.         0.         0.         0.         0.         0.06408973 0.77289885 0.48145738 0.        ]]
topics:
[[-0.17690341  0.04276443  0.2245958   0.03263225  0.11872938  0.2616495   0.19539028 -0.46475324  0.29516348 -0.04166321 -0.24123256  0.10411268 -0.05929399 -0.23073289  0.06153856]
 [-0.0678205  -0.01592158  0.02545418 -0.07760036  0.09551229 -0.12883674 -0.20092316  0.14312875  0.00427038 -0.06070632  0.06846596  0.10245208 -0.00782495 -0.09092176  0.01638154]
 [-0.1445658  -0.13746177 -0.6604565  -0.24696743 -0.2063163   0.10875516  0.20272921  0.31134444  0.34125686 -0.4396062   0.13345811 -0.34988126 -0.12837014  0.07336196 -0.01533372]
 [ 0.12845598 -0.02176363 -0.02049266  0.13268721 -0.18851846 -0.00983119  0.10070805  0.04258253  0.1622503   0.0923207  -0.3097646   0.29394326 -0.1657884   0.25909775  0.25485152]
 [ 0.15455963 -0.03750664 -0.27499586 -0.02369556 -0.15498354 -0.02144247 -0.25247028 -0.08675152 -0.44955778  0.11747485 -0.13826586 -0.2307182   0.11530581  0.16847187  0.15490882]
 [-0.4941896   0.07372855 -0.00811025 -0.40782642 -0.07817981  0.4535284   0.33231646 -0.01919583  0.27447093 -0.06158325 -0.07888506  0.02982037  0.07761925  0.4001964  -0.18088071]
 [-0.09725454  0.06493746 -0.01041963  0.01666241  0.04076099 -0.01688695 -0.06636088 -0.02582269 -0.03140628  0.2041769  -0.18150091  0.01190632  0.15625483 -0.14104323  0.00126664]
 [-0.1224027  -0.07277522  0.00864128 -0.18308051 -0.08565083 -0.25306302 -0.03891489 -0.07668336 -0.10946849  0.14510258  0.16072144  0.0289254   0.34165144  0.02492705 -0.32233137]
 [-0.05843983  0.05052558 -0.1100755   0.00816124  0.01473743 -0.04235609 -0.00251581 -0.01762919  0.16882221 -0.08924715 -0.1401484  -0.09998493  0.00773951  0.08712344  0.07460356]
 [-0.3042734  -0.3512356   0.00483174 -0.4798173  -0.1807392   0.07094418 -0.1521693   0.12564117  0.03237614  0.15471365 -0.14936374  0.20623213  0.10160781  0.05377603 -0.01463508]]
R:
[[0.00257781 0.01826597 0.01030609 0.78264904 0.00415722 0.00117446 0.0457273  0.02616115 0.01181898 0.09716191]
 [0.02357734 0.04341526 0.01757505 0.7889211  0.0148095  0.00264418 0.00409713 0.08326352 0.01481921 0.00687769]
 [0.01808597 0.02259707 0.01958641 0.71144235 0.02462156 0.00303129 0.03838439 0.05340497 0.10420843 0.00463752]
 [0.01815396 0.02602954 0.20889576 0.54097724 0.01411099 0.01988073 0.04361234 0.03247878 0.03471969 0.06114095]
 [0.03858823 0.06674654 0.14353852 0.35459438 0.03724343 0.01671159 0.06505573 0.02955367 0.05089015 0.19707784]
 [0.05517443 0.04008311 0.03426525 0.46845314 0.04219664 0.00652819 0.0555159  0.01936249 0.01781064 0.26061016]
 [0.0054444  0.0063646  0.01202152 0.17253572 0.00404274 0.00170408 0.05354644 0.00496448 0.00650309 0.732873  ]
 [0.08373279 0.05813448 0.08713177 0.39072987 0.08343143 0.03048994 0.03692779 0.0805015  0.03615589 0.11276458]
 [0.01080998 0.04080786 0.32571954 0.15023313 0.01467854 0.00520229 0.35687518 0.054332   0.0104982  0.03084326]
 [0.01063871 0.02954397 0.5426292  0.2506686  0.02124966 0.00689447 0.08398536 0.02685407 0.01243879 0.01509717]
 [0.00790223 0.01322227 0.53938913 0.36071163 0.00343093 0.00358861 0.02384855 0.01626758 0.00413002 0.02750907]
 [0.04836232 0.10960393 0.04583851 0.20245849 0.10960908 0.04595421 0.11637881 0.14116508 0.07255239 0.10807719]
 [0.0432786  0.04880633 0.20931596 0.34990883 0.03300755 0.03480715 0.04071568 0.13090079 0.07373878 0.03552036]
 [0.0190035  0.12045935 0.08871346 0.11300683 0.02899977 0.02723846 0.17799133 0.21656664 0.07671493 0.13130581]
 [0.04890422 0.13019615 0.21348058 0.24288476 0.03859747 0.02065633 0.11589692 0.04958446 0.09373574 0.04606342]]
cosine similarity of topic:
[[ 9.9999958e-01  2.0167245e-05  1.0654489e-05  3.1001704e-07 -6.2971245e-05  1.4011818e-05 -5.3095359e-06 -1.4993735e-04 -7.6465876e-05 -1.3224874e-04]
 [ 2.0167245e-05  1.0000000e+00  3.6231032e-07  5.3930260e-05 -4.7397596e-05 -6.7650772e-06  1.0260148e-04 -4.9506643e-06 -7.0005663e-05 -1.3679396e-06]
 [ 1.0654489e-05  3.6231032e-07  9.9999976e-01  4.6074751e-05 -2.0784260e-05  2.7675467e-06 -1.4758915e-04 -5.4711327e-06 -2.6137648e-05 -1.8170436e-05]
 [ 3.1001704e-07  5.3930260e-05  4.6074751e-05  1.0000004e+00 -1.9612084e-05  4.5122601e-05 -4.5512414e-05  9.5030708e-05  6.2448649e-05  2.9745257e-05]
 [-6.2971245e-05 -4.7397596e-05 -2.0784260e-05 -1.9612084e-05  1.0000000e+00 -2.6548978e-05 -1.6928132e-06  2.8123906e-05  5.6028908e-05  1.0451921e-04]
 [ 1.4011818e-05 -6.7650772e-06  2.7675467e-06  4.5122601e-05 -2.6548978e-05  9.9999976e-01  9.9882200e-06  6.6950493e-06  2.1776852e-05  2.9304123e-05]
 [-5.3095359e-06  1.0260148e-04 -1.4758915e-04 -4.5512414e-05 -1.6928132e-06  9.9882200e-06  9.9999982e-01  1.3588835e-05 -1.2286397e-04 -7.6590499e-05]
 [-1.4993735e-04 -4.9506643e-06 -5.4711327e-06  9.5030708e-05  2.8123906e-05  6.6950493e-06  1.3588835e-05  9.9999988e-01 -4.4087028e-05  5.5962995e-05]
 [-7.6465876e-05 -7.0005663e-05 -2.6137648e-05  6.2448649e-05  5.6028908e-05  2.1776852e-05 -1.2286397e-04 -4.4087028e-05  9.9999994e-01  3.0003937e-05]
 [-1.3224874e-04 -1.3679396e-06 -1.8170436e-05  2.9745257e-05  1.0451921e-04  2.9304123e-05 -7.6590499e-05  5.5962995e-05  3.0003937e-05  9.9999988e-01]]
