hidden representaion(r*topic):
[[-2.96457261e-01  4.53173742e-02 -5.73904254e-02 -1.80397749e-01 -2.06516329e-02  1.53163239e-01  1.71805039e-01 -4.17970717e-02  1.38827190e-01  3.73406969e-02 -9.60784256e-02  6.44135028e-02  1.13457426e-01  1.45672411e-01 -9.06273574e-02]
 [-3.74444425e-01  5.66679016e-02 -1.14949010e-01 -2.63185799e-01 -7.86116868e-02  2.87351698e-01  2.59890854e-01 -1.34781059e-02  2.27634341e-01 -4.13190871e-02 -6.27784431e-02  1.20247258e-02  8.99054408e-02  2.79845506e-01 -1.07318670e-01]
 [-3.49277318e-01  5.61750643e-02 -6.83497712e-02 -2.49823675e-01 -5.27820177e-02  2.52097249e-01  2.13766009e-01 -2.55245809e-02  2.06054255e-01 -1.28297620e-02 -9.25091952e-02  2.16406342e-02  1.00548185e-01  2.51320183e-01 -1.05235904e-01]
 [-1.50287792e-01 -4.88189012e-02 -1.36033118e-01 -1.44342199e-01 -7.88949877e-02  1.45617872e-02  3.70343104e-02  2.94228047e-02  9.53147709e-02 -1.10200010e-02 -7.50339329e-02  3.88604105e-02  4.26695123e-02  7.28717968e-02  6.49084151e-03]
 [-2.13342175e-01  2.47672424e-02 -1.24783143e-01 -1.23023450e-01 -3.56830247e-02  8.26626495e-02  1.17681667e-01 -7.86853675e-03  1.36136055e-01 -1.92088354e-02 -7.91508034e-02  9.88169573e-03  6.72052279e-02  1.06879547e-01 -2.92408597e-02]
 [-1.99143007e-01  2.85263658e-02 -1.09318160e-01 -9.34435725e-02 -1.71139520e-02  5.23558222e-02  1.11078590e-01 -2.36757956e-02  1.12827316e-01  6.86317962e-03 -8.81098956e-02  3.23351845e-02  7.56306648e-02  7.17073232e-02 -2.83563249e-02]
 [-1.49908140e-01  2.13753991e-03 -1.64076477e-01 -9.73210335e-02 -6.52078241e-02  3.47311385e-02  7.51217231e-02 -3.12195253e-03  7.83246756e-02 -2.02929974e-02 -5.87096624e-02 -1.27964094e-02  6.07948899e-02  9.87237617e-02 -4.42001596e-03]
 [-7.36985803e-02 -3.64827178e-02 -8.75206888e-02 -9.29015875e-02 -3.88828367e-02 -4.34959345e-02 -5.59168942e-02  2.24833377e-03 -2.80032642e-02  4.58991416e-02 -9.14651453e-02  4.92153093e-02  5.81671260e-02  2.75136400e-02  2.98240166e-02]
 [-6.96770251e-02 -4.59028035e-02 -3.34508270e-02 -1.34965181e-01 -2.48230509e-02 -8.15612376e-02 -1.19979382e-01 -4.06466424e-05 -6.75830320e-02  4.93415259e-02 -2.76744273e-02  3.59720811e-02  1.02636166e-01  3.48692155e-03 -3.72461639e-02]
 [-6.05470240e-02 -3.82198542e-02 -4.12531849e-03 -5.32598086e-02 -2.98238881e-02 -4.77212779e-02  1.10761505e-02 -5.06815836e-02  5.09245284e-02  4.07250114e-02 -1.20615460e-01  1.55734852e-01  8.49997345e-03  3.70431431e-02  2.36589722e-02]
 [-1.46457210e-01  1.34112500e-02 -1.08341403e-01 -4.41546850e-02  6.63299160e-03 -3.46733183e-02  4.87256050e-02 -2.92220414e-02  4.06582169e-02  4.45521399e-02 -8.36321488e-02  4.64109443e-02  8.96726847e-02 -2.51722913e-02 -1.03546595e-02]
 [-1.50516599e-01 -8.89217108e-03 -1.34771168e-01 -9.48526114e-02 -3.51203084e-02 -1.22578796e-02  3.60054299e-02 -4.78713401e-03  4.39887345e-02  1.88185740e-02 -5.78306355e-02  1.41974594e-02  8.80368948e-02  2.10837834e-02 -1.72352735e-02]
 [-6.07842878e-02 -3.58765535e-02 -8.16659853e-02 -1.04910463e-01 -3.08842715e-02 -4.89952788e-02 -1.10933930e-01  4.32378799e-03 -7.36888200e-02  6.40814528e-02 -1.00276314e-01  1.31219449e-02  7.98033848e-02  1.60667207e-02  3.57591361e-02]
 [-5.90773374e-02 -5.37653454e-02 -4.30277810e-02 -1.34349689e-01 -4.13666591e-02 -2.99105234e-02 -1.22684449e-01 -9.46983695e-03 -6.64013922e-02  5.71760833e-02 -9.12831277e-02  3.73178907e-02  6.52335435e-02  1.97904669e-02  3.10622528e-02]
 [-2.17885487e-02 -2.82985754e-02 -5.53495251e-02 -1.36772599e-02 -4.41566706e-02 -6.54833466e-02  7.68556166e-03 -4.05961424e-02  2.73565669e-03  4.76380028e-02 -1.26315489e-01  1.32647350e-01  4.77663521e-03  6.59239814e-02  5.23893535e-02]]
R_hid(hidden representaion to predict r):
[[-1.280302   -0.91978467 -0.9031335   0.60637146 -0.12866706  2.3003774  -1.418615    5.7608805  -1.2996838  -0.7256873   1.3648611  -0.04502548 -1.221044   -1.4260205   1.8303132 ]
 [-1.1760889  -1.3625802  -0.9541725  -1.1758467  -1.4577388   3.845859   -1.2995905   2.6786284  -1.4486287  -1.4577388   4.3285823   1.4126117  -1.078358   -1.4456528   2.144044  ]
 [-1.0432235  -1.1493652  -0.14561498 -1.3292165  -1.2254891   3.2125974  -1.3917245   3.0207367  -0.07642487  0.29762137  1.3670576   0.5179274  -0.50636464 -1.4391527  -1.4577388 ]
 [-0.8048385  -0.70935243 -0.63530123  0.06398526 -0.3847353  -1.0492511   0.05335846  0.8827656  -0.98653877 -0.47108817 -0.33276424 -0.27943686 -1.4577388  -0.9829565  -0.18752041]
 [-1.1044987  -0.6975107  -0.41849238 -0.17914417 -1.1476119   0.93756646 -1.2480601   1.505028   -1.4577388  -0.04713462  1.5191082   0.5025327   0.4647686  -1.3726312   1.0212747 ]
 [-1.0739878  -1.156324   -1.2889197  -0.96744037 -0.709632    1.5791272  -1.3741771   2.4499788  -1.4094635  -1.3324083   1.3685135   0.24063614 -0.20177785 -1.3604704   0.1284824 ]
 [-0.732756   -0.63449705 -0.70727605  0.5547054  -0.60251975 -1.4577388  -1.0067956   1.2763674  -1.0155946  -0.31421655  0.44482628  0.43399584 -0.16387317 -1.266171    0.8379548 ]
 [-1.0768071  -0.4058562  -1.103971   -1.4577388   0.43579346 -0.92853594 -0.01751286  0.11067818 -1.4577388   0.09832016 -0.9610243   0.41253918  0.02705663 -0.8161204  -0.5367849 ]
 [-0.13397482 -1.4577388  -1.191438    0.7910634   1.3701591  -1.252107    1.2555757  -0.9484185  -1.4577388   0.696319   -1.1708006   0.23779607 -0.17074361  1.0771582  -1.3006188 ]
 [ 0.48662168 -0.35899234 -0.6196128   0.9371217   0.8808074  -1.4133792   2.7202754   0.1360609  -0.47067457 -0.2570162  -1.3394063  -0.3079995   1.1049404   2.3106594  -0.32040522]
 [-0.5174207  -1.2975762  -0.8357479  -0.6142891  -0.28443396  1.3074983  -1.2582896  -0.16244176 -1.2301538  -0.94585574 -1.4577388   1.4319674  -1.0687217  -1.1815886  -0.02629147]
 [-0.75079745 -1.1107155  -1.1420681  -0.36527222 -0.45470732 -0.9460031  -0.5457429  -1.4577388  -1.2467824  -0.02272163  0.6073268   0.90392137 -0.991261   -1.2969583  -0.74734443]
 [-0.88233316 -0.08020894 -0.37546742  0.7329441   0.8000752  -1.2149992   0.50634164 -0.80915123 -1.3628981  -1.4577388  -0.36020672 -0.6562525  -0.48026788 -0.7239945  -1.2845279 ]
 [-0.6910723  -0.50145894 -1.138261   -0.62842315  2.5757236  -1.2958246   0.91302377 -1.4577388  -0.47431248  0.9270057  -1.37817    -1.0408803   0.9995017   2.2696972  -1.1463195 ]
 [ 0.73781675 -0.46781427 -1.4577388   1.8716592   1.0750649  -1.407793   -0.14430243  0.5934916  -0.44682193  0.62953544 -1.2207942  -1.4577388   0.45983356  0.48193198 -0.9086106 ]]
topics:
[[-1.70924515e-01  9.17080864e-02  2.48177260e-01  6.46344945e-02  8.26950893e-02  3.03110510e-01  2.26257131e-01 -5.23180664e-01  3.18058729e-01 -3.40013020e-02 -2.23204225e-01  1.01574697e-01 -6.91962615e-02 -1.79324016e-01  7.26460442e-02]
 [-6.54397532e-02 -8.40270612e-03  4.39744480e-02 -1.08624332e-01  1.47613645e-01 -1.48028865e-01 -2.29249552e-01  1.73197985e-01 -1.41288538e-03 -7.03469291e-02  2.61947736e-02  1.31983042e-01 -1.98355988e-02 -1.27070159e-01  1.66989397e-02]
 [-1.65534377e-01  4.70276037e-03 -6.28880262e-01  4.09465632e-04 -2.30945423e-01  1.02063112e-01  3.44978660e-01  1.25661388e-01  2.86156476e-01 -3.63137990e-01  1.98628947e-01 -1.97790265e-01 -1.06673829e-01  1.72786787e-01  8.29007626e-02]
 [ 5.28048091e-02 -4.58628424e-02 -3.64527777e-02  1.35495365e-01 -6.25250489e-02 -1.29614815e-01  1.91588014e-01  1.29480083e-02  1.68713406e-01  4.25201394e-02 -2.84646451e-01  4.26525712e-01 -1.86032683e-01  1.96594074e-01  1.64892748e-01]
 [ 1.86792940e-01 -1.38978334e-02 -2.53864348e-01 -1.01370004e-03 -1.70501038e-01 -1.29832178e-02 -2.68234730e-01 -1.11175090e-01 -4.65745866e-01  1.42970234e-01 -1.26889467e-01 -2.46406928e-01  1.18387252e-01  1.75642207e-01  1.85805306e-01]
 [-5.02699733e-01  7.88995251e-02 -1.83537696e-02 -4.05940235e-01 -8.88185501e-02  4.47241426e-01  3.24659854e-01 -3.34493779e-02  2.81032622e-01 -9.92223434e-03 -9.71454009e-02  4.38032262e-02  1.30823627e-01  4.24401313e-01 -1.87456489e-01]
 [-1.35545656e-01  3.93664539e-02 -1.76140238e-02  3.93140763e-02  1.07271396e-01 -1.11679181e-01  1.48717202e-02 -8.97766203e-02 -3.36913876e-02  1.61695763e-01 -1.51562467e-01  1.32060304e-01  1.34259388e-01 -1.78896174e-01 -5.90525102e-03]
 [-1.31467029e-01 -6.98598996e-02  4.23478615e-03 -1.98601469e-01 -7.68490955e-02 -2.44301185e-01 -5.25835864e-02 -7.21448436e-02 -1.05505921e-01  1.32972628e-01  1.55186936e-01  2.33170018e-02  3.36584568e-01  2.04210654e-02 -3.53021145e-01]
 [-5.20713627e-02  4.19375002e-02 -1.01578221e-01 -1.62294712e-02  1.87445022e-02 -3.39744836e-02 -5.43194711e-02  1.50732184e-02  1.72902718e-01 -9.75365639e-02 -1.66457176e-01 -1.36487454e-01  6.25786884e-03  7.18474388e-02  7.13791326e-02]
 [-2.78451741e-01 -2.55629957e-01 -6.03160588e-03 -5.32392979e-01 -1.48125917e-01  7.29160309e-02 -2.03796282e-01  1.81556270e-01  3.77055630e-02  1.39255017e-01 -1.78434908e-01  1.56613871e-01  1.05822057e-01  2.70692650e-02 -2.72711506e-04]]
R:
[[1.65675569e-03 4.73942928e-04 6.08071834e-02 2.54585203e-02 7.39705458e-04 4.52289999e-01 3.65964323e-01 4.50104102e-02 3.79119292e-02 9.68726166e-03]
 [2.33169951e-04 2.70127144e-04 1.51972353e-01 7.66903744e-04 1.89605507e-03 6.47271693e-01 1.40088394e-01 4.11838712e-03 4.48483489e-02 8.53463728e-03]
 [3.04182642e-03 1.12918497e-03 6.61986619e-02 6.37849933e-03 1.43818546e-03 6.07040167e-01 1.58745304e-01 1.89632494e-02 1.28122374e-01 8.94253142e-03]
 [3.23039964e-02 2.38998644e-02 1.79845154e-01 1.00534812e-01 4.08221073e-02 6.16090521e-02 1.12474345e-01 9.30487663e-02 1.37213260e-01 2.18248591e-01]
 [5.92459133e-03 1.33106019e-02 1.49289727e-01 2.86193695e-02 1.29799172e-02 2.54764557e-01 2.66383857e-01 3.82993743e-02 1.88593000e-01 4.18350026e-02]
 [6.22674078e-03 7.02900719e-03 1.28414422e-01 4.13013585e-02 1.16165364e-02 2.21535519e-01 3.64177227e-01 4.46795896e-02 1.52947754e-01 2.20718291e-02]
 [8.87212809e-03 1.24573167e-02 1.89651087e-01 5.36359735e-02 9.26693305e-02 1.46824509e-01 1.93746254e-01 8.38064551e-02 1.57077610e-01 6.12593777e-02]
 [3.26500908e-02 1.41427130e-01 6.90043047e-02 1.06225178e-01 1.75990641e-01 1.87421553e-02 1.68897688e-01 8.66302401e-02 6.00382909e-02 1.40394285e-01]
 [6.25809133e-02 2.77245939e-01 1.86484586e-02 3.87359075e-02 1.77096412e-01 4.62024985e-03 2.41978634e-02 2.50026911e-01 2.86524575e-02 1.18194856e-01]
 [1.47868678e-01 1.44221276e-01 1.89606715e-02 2.96972454e-01 8.83743241e-02 2.84423959e-03 2.08212901e-02 1.61207721e-01 1.59928482e-02 1.02736503e-01]
 [5.04545495e-03 2.43437812e-02 1.29965797e-01 2.30265055e-02 3.23627740e-02 6.86050877e-02 5.15336990e-01 6.37498796e-02 9.39847976e-02 4.35789973e-02]
 [6.09047757e-03 3.07365358e-02 1.64351225e-01 1.16004627e-02 6.14644922e-02 7.86140412e-02 3.41236502e-01 1.01513371e-01 1.04600407e-01 9.97924656e-02]
 [1.43474508e-02 1.52619421e-01 2.59777214e-02 4.13194485e-02 2.30574965e-01 1.21157169e-02 1.89038768e-01 6.85592592e-02 1.11959584e-01 1.53487623e-01]
 [9.18406844e-02 2.18833029e-01 1.07760718e-02 6.74665347e-02 2.41097853e-01 4.15345421e-03 2.90885400e-02 1.06718004e-01 3.63923125e-02 1.93633541e-01]
 [8.43168721e-02 1.15186922e-01 3.72029208e-02 3.28504592e-01 1.71627641e-01 5.16000064e-03 6.98615760e-02 1.25559136e-01 1.28536578e-02 4.97265980e-02]]
cosine similarity of topic:
[[ 1.00000024e+00  1.35919079e-04  3.03525794e-05  1.99590449e-05  4.59360199e-05 -4.72705578e-05 -1.09485600e-05 -4.46981539e-05  4.50256230e-05 -8.64453104e-05]
 [ 1.35919079e-04  1.00000012e+00 -4.19083117e-05  1.99438637e-06 -5.72087004e-07  1.44058315e-04  2.35187563e-05  2.20390662e-04 -1.53304092e-04 -1.07301516e-04]
 [ 3.03525794e-05 -4.19083117e-05  1.00000000e+00  3.44302316e-05 -7.63494754e-05  3.51335257e-05  2.08536330e-05 -3.93987684e-05 -3.01606019e-06 -7.12648034e-05]
 [ 1.99590449e-05  1.99438637e-06  3.44302316e-05  9.99999940e-01  5.02260191e-05  2.16353365e-05  3.92232869e-05 -1.22586222e-04 -5.37166488e-05  5.72248609e-05]
 [ 4.59360199e-05 -5.72087004e-07 -7.63494754e-05  5.02260191e-05  9.99999881e-01 -2.16618064e-05 -4.29596075e-05  4.02478399e-05  2.38121247e-05 -6.65287371e-06]
 [-4.72705578e-05  1.44058315e-04  3.51335257e-05  2.16353365e-05 -2.16618064e-05  1.00000000e+00 -5.13397972e-05  2.28802382e-05 -5.24960706e-05 -6.54808318e-05]
 [-1.09485600e-05  2.35187563e-05  2.08536330e-05  3.92232869e-05 -4.29596075e-05 -5.13397972e-05  9.99999642e-01 -4.48564970e-05 -1.13637761e-04 -4.38800998e-05]
 [-4.46981539e-05  2.20390662e-04 -3.93987684e-05 -1.22586222e-04  4.02478399e-05  2.28802382e-05 -4.48564970e-05  1.00000012e+00  1.89066952e-04 -6.28975977e-05]
 [ 4.50256230e-05 -1.53304092e-04 -3.01606019e-06 -5.37166488e-05  2.38121247e-05 -5.24960706e-05 -1.13637761e-04  1.89066952e-04  1.00000000e+00 -3.02637709e-05]
 [-8.64453104e-05 -1.07301516e-04 -7.12648034e-05  5.72248609e-05 -6.65287371e-06 -6.54808318e-05 -4.38800998e-05 -6.28975977e-05 -3.02637709e-05  9.99999940e-01]]
