hidden representaion(r*topic):
[[-3.44086498e-01  4.60250638e-02 -4.79066838e-03 -2.84461468e-01 -5.34359664e-02  2.60381997e-01  1.92541271e-01 -3.35648507e-02  1.51616022e-01  1.15471594e-02 -1.02582887e-01  3.64569500e-02  9.40549225e-02  2.44324610e-01 -1.21112064e-01]
 [-3.95446688e-01  6.25362322e-02  1.46432491e-02 -3.14475507e-01 -5.44789098e-02  3.20815116e-01  2.39696711e-01 -3.62673476e-02  1.87648207e-01  2.97572673e-03 -1.09941825e-01  4.22603115e-02  9.45715234e-02  2.87498742e-01 -1.41041040e-01]
 [-3.67249310e-01  5.48313782e-02  6.55394886e-03 -2.95076489e-01 -4.78452407e-02  2.83257246e-01  2.14202106e-01 -3.87342088e-02  1.66583732e-01  1.37799736e-02 -1.09778531e-01  4.10976112e-02  9.73988324e-02  2.55167246e-01 -1.32258534e-01]
 [-1.50738358e-01 -7.76783004e-03 -7.47481436e-02 -1.57489121e-01 -3.74143012e-02  5.84395453e-02  1.02827147e-01 -3.54758352e-02  1.06873944e-01  2.94193402e-02 -1.41946435e-01  6.70939088e-02  2.97730155e-02  1.15718223e-01 -2.34518666e-02]
 [-1.84640780e-01  9.21450555e-05 -5.99266663e-02 -1.80135995e-01 -3.73770297e-02  8.45009610e-02  9.51254293e-02 -3.46170701e-02  9.36054885e-02  3.25375497e-02 -1.21515892e-01  5.06704673e-02  5.68659417e-02  1.19937845e-01 -4.54805568e-02]
 [-2.53462404e-01  2.04882380e-02 -3.52847539e-02 -2.23685563e-01 -3.84003930e-02  1.51298672e-01  1.24319628e-01 -3.47613730e-02  1.05416745e-01  3.09430547e-02 -1.07960850e-01  3.86905558e-02  8.41623023e-02  1.57588512e-01 -8.25852230e-02]
 [-2.19587535e-01  9.39946622e-03 -4.93478402e-02 -2.03347296e-01 -4.12209406e-02  1.21795066e-01  1.15729392e-01 -3.33215967e-02  1.06533632e-01  2.70313751e-02 -1.15760311e-01  4.68629040e-02  6.51120096e-02  1.45321742e-01 -6.20341003e-02]
 [-1.56404585e-01 -7.33610429e-03 -7.37316012e-02 -1.59527391e-01 -3.72728705e-02  5.68258390e-02  8.14532563e-02 -3.48694772e-02  8.89911950e-02  2.71732472e-02 -1.19931184e-01  4.83704805e-02  4.62128147e-02  9.97059569e-02 -2.92643365e-02]
 [-1.22418851e-01 -1.38951084e-02 -8.70992765e-02 -1.33552343e-01 -3.77113670e-02  3.02397404e-02  6.17887005e-02 -3.45035531e-02  8.32711756e-02  1.75384972e-02 -1.19582206e-01  4.28677350e-02  3.10369544e-02  8.18746015e-02 -5.66387130e-03]
 [-1.07957907e-01 -1.74279325e-02 -9.07980725e-02 -1.22504719e-01 -3.63786221e-02  1.68024134e-02  6.23217113e-02 -3.68617810e-02  8.78667980e-02  1.71125531e-02 -1.26647055e-01  4.84992489e-02  2.23999359e-02  7.62127340e-02  1.89810176e-03]
 [-1.46269634e-01 -1.05478186e-02 -8.23659450e-02 -1.53799251e-01 -4.10858467e-02  5.03834151e-02  7.57860765e-02 -2.93648168e-02  9.09445956e-02  1.63826868e-02 -1.14188336e-01  4.52125296e-02  3.71993035e-02  9.71292108e-02 -1.99061725e-02]
 [-1.69772178e-01 -3.75011191e-03 -6.82287514e-02 -1.69004217e-01 -3.67199443e-02  6.54737651e-02  7.25028887e-02 -3.15344408e-02  7.97896832e-02  2.78827474e-02 -1.08311944e-01  3.87793705e-02  5.92955761e-02  9.97436494e-02 -3.86127643e-02]
 [-1.65400296e-01 -5.63437957e-03 -6.87452331e-02 -1.64284885e-01 -3.77988517e-02  6.25395551e-02  6.82786852e-02 -3.66011783e-02  7.55697116e-02  2.79691294e-02 -1.06035508e-01  3.51285823e-02  6.05720691e-02  9.34434459e-02 -3.57454494e-02]
 [-8.20346922e-02 -2.02975515e-02 -1.04274750e-01 -1.03816211e-01 -3.58004533e-02 -3.05159437e-03  4.63329889e-02 -2.83949785e-02  8.65479335e-02  5.44473715e-03 -1.26712948e-01  4.38110009e-02  6.96270354e-03  6.73349872e-02  2.17316300e-02]
 [-4.82545197e-02 -3.26678976e-02 -1.09141804e-01 -8.86447579e-02 -3.41724828e-02 -2.08994821e-02  1.27748281e-01 -4.27782387e-02  1.50334820e-01  2.43856274e-02 -2.09049121e-01  1.26452357e-01 -5.35643920e-02  1.01113200e-01  4.15231138e-02]]
R_hid(hidden representaion to predict r):
[[0.00000000e+00 0.00000000e+00 3.20813745e-01 0.00000000e+00 0.00000000e+00 0.00000000e+00 1.89492464e-01 0.00000000e+00 3.82622182e-01 3.69978577e-01 0.00000000e+00 0.00000000e+00 3.44861776e-01 0.00000000e+00 0.00000000e+00]
 [0.00000000e+00 0.00000000e+00 6.55970931e-01 0.00000000e+00 0.00000000e+00 0.00000000e+00 1.64699182e-01 0.00000000e+00 5.64706028e-01 3.37169111e-01 0.00000000e+00 0.00000000e+00 6.48225963e-01 0.00000000e+00 0.00000000e+00]
 [0.00000000e+00 0.00000000e+00 5.49282551e-01 0.00000000e+00 0.00000000e+00 0.00000000e+00 1.66847423e-01 0.00000000e+00 5.59905887e-01 3.32890362e-01 0.00000000e+00 0.00000000e+00 5.54033220e-01 0.00000000e+00 0.00000000e+00]
 [1.31632790e-01 2.28879228e-01 1.51427224e-01 1.02765158e-01 4.46424186e-02 9.45335329e-02 2.49921620e-01 0.00000000e+00 2.80771106e-01 6.58385009e-02 1.80030972e-01 0.00000000e+00 1.57858357e-01 1.73641995e-01 0.00000000e+00]
 [2.46803388e-02 1.55479684e-01 1.58993825e-01 5.55654727e-02 0.00000000e+00 3.90684344e-02 2.13933825e-01 0.00000000e+00 2.59500980e-01 8.80119503e-02 8.87303948e-02 9.18644592e-02 1.52743757e-01 1.53207928e-01 0.00000000e+00]
 [0.00000000e+00 1.91668235e-02 2.75408387e-01 0.00000000e+00 0.00000000e+00 0.00000000e+00 2.39415109e-01 0.00000000e+00 2.90480226e-01 0.00000000e+00 6.03107437e-02 0.00000000e+00 2.85319477e-01 0.00000000e+00 0.00000000e+00]
 [0.00000000e+00 1.08656324e-01 2.36807093e-01 5.33590391e-02 0.00000000e+00 4.78884988e-02 2.60122389e-01 0.00000000e+00 2.57705510e-01 7.31268451e-02 6.74594343e-02 8.63667727e-02 2.11680248e-01 7.27834702e-02 0.00000000e+00]
 [6.92768842e-02 1.40563726e-01 1.65450588e-01 6.81788325e-02 2.65022255e-02 4.01649289e-02 1.89105138e-01 0.00000000e+00 2.17110485e-01 2.21448913e-02 4.98025529e-02 1.06238179e-01 1.27195030e-01 7.58949593e-02 0.00000000e+00]
 [8.26458167e-03 1.71346724e-01 7.64238313e-02 6.87078163e-02 0.00000000e+00 0.00000000e+00 1.69431031e-01 0.00000000e+00 1.78007901e-01 7.60050071e-03 4.24237028e-02 1.69594839e-01 6.02330975e-02 0.00000000e+00 0.00000000e+00]
 [5.03028966e-02 1.63631693e-01 5.64784184e-02 8.34934115e-02 3.84765193e-02 6.06885217e-02 0.00000000e+00 0.00000000e+00 1.65056065e-01 2.67618656e-04 9.01325420e-02 1.97403252e-01 5.08429706e-02 1.42894939e-01 0.00000000e+00]
 [0.00000000e+00 1.02063537e-01 8.65568444e-02 0.00000000e+00 0.00000000e+00 0.00000000e+00 2.10470900e-01 0.00000000e+00 1.98295683e-01 1.66235819e-01 5.67139015e-02 1.08068660e-01 7.23426789e-02 8.44481140e-02 2.54720468e-02]
 [0.00000000e+00 4.96366322e-02 2.03147635e-01 1.10116713e-02 0.00000000e+00 2.98553891e-02 1.71774864e-01 0.00000000e+00 2.45188922e-01 0.00000000e+00 4.38407026e-02 7.49484673e-02 1.63718298e-01 8.83594826e-02 0.00000000e+00]
 [0.00000000e+00 6.53635114e-02 2.01100290e-01 1.49352467e-02 0.00000000e+00 0.00000000e+00 1.52325615e-01 0.00000000e+00 2.05058366e-01 0.00000000e+00 0.00000000e+00 5.87303378e-02 1.63677052e-01 4.27521095e-02 0.00000000e+00]
 [2.90851435e-03 1.42777085e-01 0.00000000e+00 4.44376655e-02 0.00000000e+00 0.00000000e+00 1.84000537e-01 0.00000000e+00 7.53097758e-02 0.00000000e+00 0.00000000e+00 2.43198350e-01 0.00000000e+00 1.65793061e-01 0.00000000e+00]
 [1.97797969e-01 2.67697513e-01 1.66612361e-02 1.68139219e-01 8.07611048e-02 2.15667784e-01 2.36308679e-01 0.00000000e+00 1.51277006e-01 1.46698132e-02 0.00000000e+00 2.82141119e-01 0.00000000e+00 2.29972392e-01 0.00000000e+00]]
topics:
[[-1.72666445e-01 -9.34471434e-04  2.56285846e-01  5.61600775e-02  6.83480352e-02  2.54320264e-01  2.03653589e-01 -4.85080987e-01  2.57709086e-01 -2.50557438e-02 -1.73736796e-01  1.26547366e-01 -5.63257150e-02 -1.96278483e-01  9.74554643e-02]
 [-6.78725615e-02  4.62662838e-02  2.11238228e-02 -9.27541852e-02  1.40661642e-01 -1.25519410e-01 -2.10601389e-01  1.46458641e-01  1.97335947e-02 -6.12041913e-02  1.99093092e-02  9.29480419e-02 -1.10786501e-02 -1.13559633e-01 -6.33270014e-03]
 [-1.50988221e-01 -2.69769202e-03 -6.18350863e-01 -1.59581423e-01 -2.22108021e-01  9.46725085e-02  3.14128757e-01  1.52043581e-01  2.71758407e-01 -3.79163027e-01  1.74884707e-01 -2.28877053e-01 -1.29399523e-01  1.49905518e-01  8.52220878e-02]
 [ 9.57896113e-02 -7.15698898e-02 -1.05820671e-01 -8.63746833e-03 -1.86262988e-02 -1.20352328e-01  2.60682285e-01 -8.30234364e-02  2.64836609e-01  8.90652537e-02 -4.24981326e-01  3.30449939e-01 -2.03364328e-01  1.57413527e-01  1.15432240e-01]
 [ 1.77460402e-01 -1.24286069e-02 -2.47077122e-01  1.69799328e-02 -1.78119674e-01 -1.89662036e-02 -2.96661913e-01 -8.77002105e-02 -4.92977887e-01  1.38712481e-01 -9.40239206e-02 -2.17425838e-01  1.23662896e-01  1.83918953e-01  1.99410111e-01]
 [-5.03322482e-01  8.75327513e-02  4.95849922e-02 -3.95125002e-01 -9.04343650e-02  4.67146605e-01  3.30440104e-01 -2.00162791e-02  2.69717932e-01 -4.97965179e-02 -9.65662524e-02  4.56134677e-02  8.20403472e-02  4.24561977e-01 -1.77224338e-01]
 [-1.17362447e-01  3.24875899e-02 -6.66174740e-02 -4.48221713e-02  1.33696079e-01 -1.01063542e-01  6.22443780e-02 -1.39775783e-01  4.05824417e-03  1.97867259e-01 -2.16839448e-01  5.97167872e-02  1.35287777e-01 -1.88264921e-01 -5.57280146e-02]
 [-1.28822044e-01 -7.26478174e-02  5.50273864e-04 -2.00379729e-01 -7.23240376e-02 -2.58837074e-01 -3.98372672e-02 -7.48756528e-02 -9.73760039e-02  1.40252590e-01  1.49171188e-01  2.13795789e-02  3.37966233e-01  1.91621929e-02 -3.62919539e-01]
 [-5.59898578e-02  4.17950936e-02 -1.08957693e-01  1.03822257e-02  1.39265414e-02 -2.15290692e-02 -4.56530042e-02  1.17890565e-02  1.72777548e-01 -8.71996135e-02 -1.59639373e-01 -1.23802871e-01  1.54944509e-02  8.28206837e-02  7.06558749e-02]
 [-2.85693496e-01 -2.34783605e-01 -1.24827456e-02 -4.64712948e-01 -1.56540349e-01  7.62347952e-02 -1.94144547e-01  1.74421191e-01  3.82076576e-02  1.50498047e-01 -1.61287725e-01  1.65715665e-01  1.14716195e-01  3.71327102e-02 -4.09838697e-03]]
R:
[[0.00977383 0.03043575 0.0197619  0.01198967 0.05195015 0.61651266 0.1583412  0.04900074 0.010476   0.041758  ]
 [0.00255665 0.01285863 0.00644674 0.00358703 0.02794639 0.7343447  0.16228995 0.02392944 0.00313041 0.02290998]
 [0.00547703 0.02008924 0.00872205 0.00530783 0.036192   0.665552   0.18653896 0.0362318  0.00542627 0.03046276]
 [0.03697788 0.07060616 0.06755561 0.18940628 0.07718523 0.22218256 0.13793364 0.07165575 0.05305195 0.07344501]
 [0.03591064 0.07243935 0.05649704 0.11764304 0.08184583 0.27117324 0.16016181 0.08016989 0.04482792 0.07933129]
 [0.02188635 0.05826902 0.03761231 0.04642032 0.07053278 0.40643305 0.19213097 0.07155523 0.0283299  0.06683008]
 [0.03051202 0.06366069 0.05169294 0.09241203 0.07359455 0.3430672  0.16024922 0.07424403 0.03712514 0.07344221]
 [0.04822343 0.07947574 0.07412005 0.13334861 0.08526586 0.20771231 0.14520608 0.08565694 0.05879518 0.08219586]
 [0.06480408 0.09297772 0.08862925 0.15022123 0.09665214 0.14019662 0.11185233 0.08366983 0.08813203 0.08286476]
 [0.06874338 0.09075061 0.09077442 0.17481941 0.09247869 0.1145777  0.10365561 0.0856678  0.09793564 0.08059673]
 [0.05476387 0.09177395 0.08941839 0.13913482 0.08716506 0.18517292 0.11642267 0.08468711 0.06602713 0.08543406]
 [0.04501807 0.08668701 0.06929676 0.096674   0.0891856  0.22518551 0.15376246 0.08985838 0.05858723 0.08574496]
 [0.05606495 0.0807643  0.07210186 0.0904543  0.09415177 0.21109478 0.15161635 0.09423132 0.06170798 0.0878124 ]
 [0.07024531 0.11311182 0.10300174 0.19092095 0.09903473 0.06862801 0.07331598 0.07547449 0.12737729 0.07888965]
 [0.04739513 0.06962007 0.08919208 0.41775864 0.05782042 0.07559045 0.06622963 0.04886328 0.0713615  0.05616883]]
cosine similarity of topic:
[[ 9.99999821e-01  3.26902045e-05  2.14246811e-05 -5.28336495e-05 -1.23978507e-05 -1.21957155e-05 -3.38946757e-06  2.26082593e-05  6.14384480e-05 -7.86390519e-05]
 [ 3.26902045e-05  1.00000024e+00 -3.29533068e-05  1.22204976e-04  1.06462765e-04  4.36253649e-05  5.21335824e-05  1.54406196e-04 -1.12079302e-04 -7.61738265e-05]
 [ 2.14246811e-05 -3.29533068e-05  9.99999881e-01  9.86116538e-06  1.85832050e-05  3.03106935e-05 -5.12670740e-05  3.51463750e-05 -2.39398451e-05 -5.23053404e-06]
 [-5.28336495e-05  1.22204976e-04  9.86116538e-06  1.00000012e+00 -5.77519086e-06 -2.38589855e-05 -1.96329893e-05 -3.27007256e-05  5.19265232e-05 -4.50362131e-05]
 [-1.23978507e-05  1.06462765e-04  1.85832050e-05 -5.77519086e-06  9.99999881e-01 -1.57039431e-05  1.91429972e-05  3.38824429e-05  5.08911253e-05 -5.23586823e-05]
 [-1.21957155e-05  4.36253649e-05  3.03106935e-05 -2.38589855e-05 -1.57039431e-05  1.00000024e+00 -3.81472892e-05  6.49810972e-05 -1.21423400e-05 -1.30686720e-04]
 [-3.38946757e-06  5.21335824e-05 -5.12670740e-05 -1.96329893e-05  1.91429972e-05 -3.81472892e-05  1.00000012e+00 -4.49041436e-05  4.38689567e-05  1.63601749e-06]
 [ 2.26082593e-05  1.54406196e-04  3.51463750e-05 -3.27007256e-05  3.38824429e-05  6.49810972e-05 -4.49041436e-05  1.00000024e+00 -3.36112607e-05 -5.88072107e-05]
 [ 6.14384480e-05 -1.12079302e-04 -2.39398451e-05  5.19265232e-05  5.08911253e-05 -1.21423400e-05  4.38689567e-05 -3.36112607e-05  9.99999702e-01 -3.34626748e-05]
 [-7.86390519e-05 -7.61738265e-05 -5.23053404e-06 -4.50362131e-05 -5.23586823e-05 -1.30686720e-04  1.63601749e-06 -5.88072107e-05 -3.34626748e-05  1.00000012e+00]]
