hidden representaion(r*topic):
[[ 0.26029    -0.27437496 -0.47138405  0.34361592  0.0725173  -0.1877509  -0.7493488  -0.1211966  -0.35184917  0.1382828   0.4088296   0.2791428  -0.12155878  0.09779853 -0.04602181  0.0097524 ]
 [-0.00080287 -0.03832577 -0.11037528  0.09102797  0.14245114 -0.09318545 -0.25285965 -0.02564992 -0.17795616  0.16436228  0.22803377  0.01256116 -0.22023052 -0.02317296 -0.03177443 -0.14664729]
 [ 0.18201873 -0.19356413 -0.36017895  0.26766905  0.1049625  -0.15371586 -0.60533446 -0.0981314  -0.3102021   0.14890334  0.36569878  0.20185353 -0.14433283  0.05779715 -0.02818022 -0.04730338]
 [ 0.00190707 -0.0090167  -0.01171838  0.04664769  0.1816125  -0.11775147 -0.11525881  0.02630276 -0.11800165  0.15996276  0.18924893  0.03459928 -0.2466517  -0.04637874 -0.021076   -0.13931692]
 [-0.04138087  0.02165396 -0.08306996  0.04247357  0.21887355 -0.08936915 -0.22753276 -0.0063106  -0.22816175  0.208589    0.2632638  -0.0132801  -0.2385667  -0.0710675   0.04088069 -0.23162915]
 [ 0.11179758 -0.09683091 -0.26444158  0.20036     0.14882351 -0.11352039 -0.48476252 -0.09347583 -0.28509897  0.16436109  0.3402248   0.13214584 -0.1429559   0.0131133   0.00188889 -0.11836459]
 [ 0.11200124 -0.14909899 -0.27266365  0.19932754  0.10803939 -0.14184304 -0.46828985 -0.05696644 -0.2512469   0.15413518  0.30274525  0.127553   -0.19006155  0.03145623 -0.0430707  -0.07442343]
 [ 0.15119995 -0.1839711  -0.2935997   0.21985169  0.09620089 -0.17100814 -0.4881664  -0.04733394 -0.24421489  0.14512594  0.304593    0.16952021 -0.19315901  0.04497824 -0.0568077  -0.03728725]
 [-0.06699691  0.04980887  0.19774055  0.01237918 -0.05266001  0.01462442  0.07451928  0.12409387 -0.00698552  0.23832442 -0.08762573  0.23451743 -0.16908115  0.3158731   0.07107916 -0.4606299 ]
 [ 0.06030776 -0.22350417 -0.02749499  0.0573153   0.12082898 -0.1288175  -0.04899952 -0.03311685  0.01595734  0.14695504 -0.06104869  0.18969196  0.02409164 -0.00947189 -0.20588565 -0.05921514]
 [ 0.04873495 -0.12534997  0.01662666  0.03600152  0.02465938 -0.05217966 -0.03226602 -0.01745157  0.04536099  0.1333617  -0.09038769  0.226555    0.04536446  0.12415092 -0.17350733 -0.16671923]
 [ 0.0555633  -0.14281407  0.01274818  0.04052573  0.05250347 -0.06634684 -0.04199036 -0.03493267  0.04413055  0.10046314 -0.04771584  0.17766798  0.01689135  0.06423526 -0.19859768 -0.08344878]
 [ 0.05838443 -0.16539575 -0.03539801  0.05537909  0.08517817 -0.07057391 -0.0511618  -0.0254071   0.03894145  0.13336396 -0.09083332  0.22856593  0.06473996  0.07453703 -0.20310706 -0.12162397]
 [-0.01254576 -0.04131508  0.03503745  0.05081109  0.05947233 -0.00460652  0.00164343  0.06942137  0.01303049  0.1941814  -0.10642811  0.25805658 -0.03872769  0.21507923 -0.06330357 -0.32190832]
 [-0.05660786  0.04127329  0.17698014  0.01263528 -0.05015721  0.01328237  0.06464839  0.11331078  0.00130434  0.22868766 -0.09321131  0.23832628 -0.14385527  0.30741313  0.04710466 -0.44293693]
 [-0.02284259 -0.04433408 -0.00387845  0.01303542  0.18592843 -0.12609717 -0.08254404  0.03011248 -0.1056895   0.1783287   0.13967253  0.02308938 -0.22016963 -0.06922643 -0.04750936 -0.15088359]]
R_hid(hidden representaion to predict r):
[[ 4.196699    2.0700705   2.7180095  -1.3750905   1.4289218  -0.86565745 -1.2495786   3.9408598  -0.9367837   2.051573   -1.2644514  -1.3984442  -1.110118   -1.2283484   1.1197855  -1.4150565 ]
 [ 1.9413296   0.30412441  1.295228   -1.1774911  -1.4577388  -0.9551408  -0.5952758   1.5170561  -0.2635769  -1.4577388  -1.1464622  -1.3337915  -0.97063756 -0.04132454  0.88214654 -1.2276917 ]
 [ 2.9105506   0.3374385   2.3151832  -1.245571    0.6572526  -0.25274447 -0.73337364  2.4713707  -0.39149737 -0.6375389  -1.3311179  -1.2990284  -1.3191941  -1.1525012  -1.4577388  -1.2703539 ]
 [ 2.321126   -0.7708194   0.31989267 -0.34084123  0.4494771  -0.62534875 -1.0072829  -0.6452616   0.77794695 -0.78573614 -0.45801252 -1.1081938  -1.4577388  -1.0736475  -0.47041196 -1.1349615 ]
 [ 2.0159369   0.42647097  1.3005993  -1.2737483  -0.02301882 -0.62810963 -1.2006553   0.03688601 -1.4577388   1.3022729  -1.2196798  -1.2984229  -0.09102243 -0.42599845 -1.1565479  -1.2960793 ]
 [ 3.0181832   1.3117241   1.9290602  -1.4460578   0.60714495  0.91338456 -1.2191192   1.9581954  -0.9980917   1.9943135  -1.3886888  -1.1052499  -1.1781923  -0.8925073   0.30199796 -1.3895483 ]
 [ 3.0156765   0.44421253  1.8411554  -1.3931043  -0.15284202 -1.4577388  -1.256453    2.6099153   0.03674376  1.0004888  -1.2861376  -1.3913299  -1.0800107  -1.2119001   0.5577398  -1.3206507 ]
 [ 3.0953403   1.4578916   1.2414225  -1.4577388   0.3761806  -1.1110325  -0.98026943  1.1544883  -1.4577388   0.78842956 -0.9103247  -1.0601072  -0.0713214  -0.8749653   0.22332224 -1.2584083 ]
 [-1.3544065  -1.4577388  -1.3363613   1.924353   -1.1434686   2.009111    1.422673   -1.3851422  -1.4577388  -0.71777683  1.5611998   1.2115985  -0.21499774  1.7600292  -1.2559525   1.1090233 ]
 [-0.8842437  -0.5098409  -0.982129    0.4277276  -1.1523457  -0.92945147  1.3199898  -1.1348878   1.0675275  -0.30593905  1.1129174  -0.59374     0.7178335   1.1471958  -1.3744134  -0.3522089 ]
 [-1.1813418  -0.03835964 -0.08352597  0.7605145  -1.1920235  -0.27861792 -0.856719   -1.3602937   0.05915718  0.35294986 -1.4577388   1.018594    0.1456914   0.4512827  -1.3131607   0.71178496]
 [-0.79444116  0.53827536  0.97218907  0.9654459  -1.2006968  -0.08981311 -0.81314653 -1.4577388  -0.81823003  0.36538956  1.0566247   0.92748976 -0.4747154   0.48291782 -0.6260832  -0.71491265]
 [-1.2372015   0.17167044 -0.6308237   0.7468355  -1.2555711  -0.9919269   1.2384754  -1.3474075   1.056237   -1.4577388   0.68126434  0.11193405 -0.5583563   0.2325319  -1.195807   -0.77947485]
 [-1.4016742   0.40768844 -1.1093142   2.2015347  -1.1379833  -0.5734583   0.26227677 -1.4577388  -0.7596853  -0.07864919  0.7663996   1.353997    0.00422962  1.4809119  -1.380642   -0.37518042]
 [-1.3973715   0.42533764 -1.4577388   0.9498532  -0.9304037  -0.10866785  0.5459002  -1.4397644  -0.28533807 -1.0084693   0.9899782  -1.4577388   0.5076771   0.36441067 -0.92321825 -1.4577388 ]
 [ 0.2626233  -0.787373   -0.6601839  -0.8083318  -0.80834574 -0.88603115 -1.0672978  -1.2772595  -0.05691084 -0.6584505  -0.82631594 -0.8153766  -0.10333663 -0.44039315 -1.4090229  -1.2885966 ]]
topics:
[[-0.10763738  0.12111502  0.24871847  0.00411485 -0.07821823  0.04411505  0.11107305  0.1787569  -0.02088885  0.27673078 -0.09570596  0.2464102  -0.23506059  0.3937358   0.15367642 -0.57679904]
 [ 0.0405511  -0.14011146  0.297726    0.12756483  0.12780234  0.03820893 -0.04943071  0.00126979 -0.07496773 -0.02387911  0.22621831  0.13303432 -0.30097628  0.11290912  0.04956533  0.06762331]
 [ 0.20036747 -0.1894753   0.11182742 -0.07982348 -0.28609547 -0.0928205  -0.07931668 -0.23193265  0.18588686 -0.09022765 -0.02982598  0.12053059  0.22017439  0.05488065 -0.4215005   0.1505743 ]
 [ 0.28071076 -0.2966057  -0.50145483  0.36443645  0.0642735  -0.1953634  -0.790645   -0.12892935 -0.36544275  0.13563727  0.42208043  0.29959187 -0.1144427   0.10866273 -0.0492973   0.0241299 ]
 [ 0.53953266  0.40267855  0.24194528  0.22966096  0.25663602 -0.23398636  0.4222535   0.01016959  0.46065015 -0.11586676  0.04677689  0.585468    0.09177123  0.02724997 -0.15956794  0.18957217]
 [-0.19111653  0.23028861  0.18554376  0.0399814  -0.00565456  0.23736003  0.0779886  -0.27634695  0.09921612  0.02300336 -0.00342934 -0.2624126   0.06075123 -0.01086008 -0.19649549 -0.1758528 ]
 [-0.20163749 -0.25340822 -0.02681492 -0.17363453  0.06831085 -0.38139233  0.11503512  0.4628678  -0.01465604  0.26333874 -0.02195035 -0.18645194 -0.8189592  -0.07331144 -0.17192957 -0.09154548]
 [ 0.07539427 -0.20505118 -0.29962692  0.14169812  0.31487206 -0.0262105  -0.1395423  -0.01336723  0.03623139  0.13312179 -0.15482429  0.32440612  0.20670491  0.03794293 -0.29597634 -0.09861258]
 [-0.14609896  0.19510889  0.00543529 -0.05087056  0.37015763 -0.01786229 -0.17242512 -0.02934516 -0.33035716  0.28372222  0.34162492 -0.09875882 -0.21510465 -0.16955122  0.19848076 -0.42818338]
 [ 0.06131721 -0.56628454  0.12788269  0.04937023  0.09512938 -0.3865748  -0.01801072 -0.16506901 -0.0907106   0.29364341 -0.04732699  0.08366692  0.00843498 -0.3023441  -0.18954992  0.08910788]]
R:
[[1.20238312e-07 1.47410773e-03 1.60168220e-05 9.46795464e-01 4.35089786e-03 1.08321887e-02 1.00164600e-02 6.31017538e-05 2.61931811e-02 2.58436310e-04]
 [8.38111882e-05 3.14145572e-02 2.96331337e-03 3.13878030e-01 2.78163310e-02 1.81075916e-01 1.60875618e-01 3.84931709e-03 2.70336419e-01 7.70670129e-03]
 [9.37109598e-06 1.68081354e-02 8.30793113e-04 7.51234055e-01 1.12534063e-02 4.88382280e-02 3.54878642e-02 1.01008732e-03 1.33137837e-01 1.39022712e-03]
 [1.33993651e-03 9.50874165e-02 1.41706755e-02 1.50749415e-01 9.40823555e-02 8.73626545e-02 1.86999798e-01 1.99151170e-02 3.19643646e-01 3.06489021e-02]
 [1.21223115e-04 1.77367162e-02 2.98062246e-03 2.16652691e-01 2.40365956e-02 8.85308310e-02 1.34626850e-01 7.35904975e-03 5.01914918e-01 6.04047440e-03]
 [3.72556633e-06 7.28064915e-03 8.90292984e-04 5.75569808e-01 2.24025268e-02 8.43060464e-02 2.70591229e-02 5.96686441e-04 2.80077159e-01 1.81396632e-03]
 [7.09353662e-06 1.55303841e-02 8.16934335e-04 5.93865573e-01 1.67744197e-02 1.03934705e-01 1.14569068e-01 2.93597579e-03 1.49921626e-01 1.64421170e-03]
 [6.71355156e-05 2.46485434e-02 8.62142816e-03 6.37098014e-01 3.63480113e-02 6.13584034e-02 1.24570996e-01 3.14165512e-03 9.52145159e-02 8.93126521e-03]
 [8.09433997e-01 1.82109363e-02 6.12857006e-02 4.95475069e-05 9.90394736e-04 2.24442780e-03 2.17412226e-03 6.99775219e-02 1.51682485e-04 3.54816690e-02]
 [9.29543003e-02 5.21690845e-02 1.36738211e-01 3.19191488e-03 2.57943962e-02 6.92859432e-03 5.65421544e-02 3.81042361e-01 2.41881516e-02 2.20450848e-01]
 [3.08366030e-01 1.10561503e-02 2.44848207e-01 3.54672724e-04 5.53928595e-03 9.44625994e-04 5.26384963e-03 3.41487080e-01 1.01404730e-03 8.11261088e-02]
 [1.50136307e-01 8.51510018e-02 2.36277729e-01 6.40960922e-03 1.96195692e-02 4.23329435e-02 4.98911142e-02 3.16146523e-01 1.40180644e-02 8.00171494e-02]
 [2.02931598e-01 2.23992020e-02 1.91669151e-01 1.10868120e-03 1.08238952e-02 4.03965032e-03 1.73949525e-02 4.35412079e-01 3.79882171e-03 1.10421978e-01]
 [5.18389404e-01 1.24132717e-02 6.94068298e-02 1.01637313e-04 2.19930266e-03 1.78960082e-03 5.20886574e-03 3.64737213e-01 2.84338079e-04 2.54695397e-02]
 [7.77472198e-01 4.21115337e-03 8.74751359e-02 3.00961292e-05 4.87415033e-04 4.00005578e-04 8.24090326e-04 1.03113353e-01 8.24714589e-05 2.59040631e-02]
 [4.43211012e-03 6.70030192e-02 4.81337756e-02 7.21742511e-02 6.08867370e-02 5.93443587e-02 1.91735268e-01 8.69330764e-02 3.35025430e-01 7.43319839e-02]]
cosine similarity of topic:
[[ 1.00000024e+00 -1.90701292e-06 -2.85204278e-05  6.45501814e-06  2.78702337e-05 -2.58349883e-05  5.01817849e-05 -2.53160069e-05 -3.69854456e-06  3.83123370e-06]
 [-1.90701292e-06  1.00000024e+00  8.42536028e-05 -4.07373882e-05  3.03174711e-05  9.52475311e-05 -3.50062237e-06 -5.71376549e-05 -9.30400274e-05 -5.31956175e-05]
 [-2.85204278e-05  8.42536028e-05  9.99999702e-01  3.01701566e-05 -1.50303676e-05 -1.56157203e-05 -1.03743841e-05 -4.99249727e-05  2.19864196e-05  1.69330433e-05]
 [ 6.45501814e-06 -4.07373882e-05  3.01701566e-05  9.99999881e-01  5.30987600e-05 -4.01566795e-05 -3.21611624e-05  2.83401532e-05 -4.51382766e-05  1.18383323e-05]
 [ 2.78702337e-05  3.03174711e-05 -1.50303676e-05  5.30987600e-05  9.99999762e-01  2.54921506e-05 -3.12594748e-05 -7.49662868e-05  1.98435555e-05  1.08005615e-05]
 [-2.58349883e-05  9.52475311e-05 -1.56157203e-05 -4.01566795e-05  2.54921506e-05  1.00000012e+00  5.02356925e-05 -8.17011605e-05 -3.62306964e-05 -7.45069701e-06]
 [ 5.01817849e-05 -3.50062237e-06 -1.03743841e-05 -3.21611624e-05 -3.12594748e-05  5.02356925e-05  1.00000036e+00  8.04508909e-06 -2.32166403e-05 -7.65215373e-06]
 [-2.53160069e-05 -5.71376549e-05 -4.99249727e-05  2.83401532e-05 -7.49662868e-05 -8.17011605e-05  8.04508909e-06  9.99999762e-01 -1.86744128e-05  1.71138254e-05]
 [-3.69854456e-06 -9.30400274e-05  2.19864196e-05 -4.51382766e-05  1.98435555e-05 -3.62306964e-05 -2.32166403e-05 -1.86744128e-05  9.99999940e-01 -5.12227198e-05]
 [ 3.83123370e-06 -5.31956175e-05  1.69330433e-05  1.18383323e-05  1.08005615e-05 -7.45069701e-06 -7.65215373e-06  1.71138254e-05 -5.12227198e-05  1.00000000e+00]]
