hidden representaion(r*topic):
[[-0.209463    0.21322498 -0.03473032 -0.03318193  0.3967311   0.04031034 -0.1914192  -0.02459982 -0.3400068   0.31501487  0.3470899  -0.09167654 -0.2204414  -0.19423352  0.20994242 -0.44859442]
 [-0.01146487  0.00999333  0.02138036  0.03869863  0.16620238 -0.05067701 -0.08124334 -0.02239651 -0.08201155  0.14823312  0.13512245  0.06623005 -0.12080039 -0.03519215 -0.04403856 -0.15256956]
 [-0.1730118   0.17195979 -0.02568621 -0.01873542  0.3527084   0.02280816 -0.17135763 -0.02635279 -0.29024062  0.2813708   0.30638474 -0.06587876 -0.20021231 -0.16671006  0.15734635 -0.38758183]
 [ 0.01776246 -0.02599454  0.03790157  0.0490579   0.122991   -0.06209902 -0.06071178 -0.0200384  -0.04137509  0.12564567  0.09412049  0.09727277 -0.10611167  0.00102973 -0.07897036 -0.1150943 ]
 [-0.07590614  0.06902569  0.0016117   0.01500584  0.24142432 -0.02180065 -0.11709639 -0.0278066  -0.16343327  0.19942853  0.20199421  0.01056279 -0.14834589 -0.09326227  0.03047748 -0.24010646]
 [-0.1313955   0.13047934 -0.01241193 -0.00434842  0.3014439   0.00237081 -0.14514881 -0.02646656 -0.23280689  0.24516872  0.26026335 -0.03550771 -0.17950614 -0.13408168  0.10110847 -0.32329178]
 [-0.16012536  0.16226427 -0.02357874 -0.01460726  0.34136894  0.01776508 -0.16543229 -0.02754927 -0.2753745   0.27198383  0.29505733 -0.05503732 -0.19148014 -0.15906653  0.14308833 -0.37126374]
 [-0.15077999  0.15235044 -0.01848749 -0.01043025  0.327882    0.01495701 -0.1596183  -0.02904973 -0.26171812  0.26141924  0.28497472 -0.04922707 -0.18669657 -0.15025117  0.12968805 -0.35436592]
 [-0.09129431  0.130615    0.26603156 -0.01791186 -0.0776982   0.04275154  0.11535088  0.14568129 -0.01021944  0.268329   -0.11627956  0.24825303 -0.24870344  0.41123685  0.15788187 -0.5637397 ]
 [ 0.00830642 -0.00996353  0.08195809  0.03798176  0.07109606 -0.04798076 -0.02308812  0.00950096 -0.02068441  0.14200127  0.04230227  0.13303822 -0.12443781  0.08485694 -0.05215009 -0.18118271]
 [-0.06028247  0.08584233  0.18691695  0.00057537 -0.00278755  0.01305081  0.05119816  0.08550531 -0.02796413  0.22273645 -0.03765486  0.19152977 -0.19820394  0.26593745  0.08369677 -0.4205774 ]
 [-0.08259386  0.11821892  0.25024346 -0.01360738 -0.0651157   0.03576029  0.10312828  0.13240837 -0.01070173  0.2565522  -0.10272333  0.23801684 -0.23605154  0.38245475  0.13870516 -0.53001475]
 [-0.03346678  0.05389065  0.1717588   0.01234818 -0.00542918 -0.00487795  0.04577067  0.07306267 -0.00910905  0.19887875 -0.03992975  0.19561145 -0.17706773  0.24633989  0.04324156 -0.36024478]
 [-0.07449226  0.10674411  0.23023799 -0.00787432 -0.04573381  0.02791652  0.08788632  0.11942276 -0.01486617  0.2459722  -0.08427507  0.22585754 -0.2248064   0.34805262  0.12106549 -0.49514642]
 [-0.08777048  0.12598112  0.25887632 -0.01609495 -0.07132255  0.03988114  0.10963688  0.14004822 -0.01119417  0.263627   -0.10951161  0.24367952 -0.24355684  0.39825404  0.15042458 -0.54980123]
 [ 0.01609886 -0.0266504   0.05733239  0.04563644  0.09378786 -0.0601347  -0.04223699 -0.00366316 -0.02784284  0.13114229  0.06504636  0.11551405 -0.11608654  0.04298462 -0.07270939 -0.13866137]]
R_hid(hidden representaion to predict r):
[[8.7136477e-01 5.3139389e-01 0.0000000e+00 8.0887407e-01 1.4354916e+00 0.0000000e+00 1.3983260e+00 0.0000000e+00 0.0000000e+00 1.6647674e+00 0.0000000e+00 0.0000000e+00 4.7060719e-01 1.6102272e+00 0.0000000e+00 0.0000000e+00]
 [2.3169903e-01 1.7844152e-02 9.1622032e-02 1.8144156e-01 2.9314733e-01 3.8073692e-02 3.5626876e-01 0.0000000e+00 0.0000000e+00 4.2742962e-01 0.0000000e+00 0.0000000e+00 8.7550595e-02 3.1666222e-01 1.2175691e-01 1.7198367e-02]
 [6.2562311e-01 3.3610883e-01 0.0000000e+00 5.9281421e-01 8.0970091e-01 0.0000000e+00 8.8157457e-01 0.0000000e+00 0.0000000e+00 1.0110440e+00 0.0000000e+00 0.0000000e+00 2.6004902e-01 9.7147048e-01 1.9625153e-02 0.0000000e+00]
 [1.6622610e-01 0.0000000e+00 5.4012530e-02 1.2863557e-01 1.2898631e-01 1.2004617e-01 1.8385884e-01 0.0000000e+00 0.0000000e+00 2.7969414e-01 8.7674238e-02 0.0000000e+00 0.0000000e+00 2.1887144e-01 1.4482404e-01 4.4273730e-02]
 [3.0958021e-01 1.5213639e-01 0.0000000e+00 2.9375243e-01 4.8466116e-01 0.0000000e+00 5.6945187e-01 0.0000000e+00 0.0000000e+00 6.2108445e-01 2.2310531e-02 0.0000000e+00 1.2262566e-01 5.1488507e-01 1.4177765e-01 0.0000000e+00]
 [4.3687081e-01 2.0399484e-01 0.0000000e+00 4.0273362e-01 5.0531238e-01 0.0000000e+00 5.9140903e-01 0.0000000e+00 0.0000000e+00 0.0000000e+00 1.3515081e-01 0.0000000e+00 3.4778529e-01 7.2827500e-01 1.1834311e-01 0.0000000e+00]
 [4.9910426e-01 2.4136181e-01 0.0000000e+00 4.2449406e-01 7.9657811e-01 0.0000000e+00 9.3777674e-01 0.0000000e+00 0.0000000e+00 8.7680697e-01 0.0000000e+00 0.0000000e+00 3.2956791e-01 9.3005812e-01 1.3517796e-02 0.0000000e+00]
 [5.0730169e-01 3.0207175e-01 0.0000000e+00 4.3381950e-01 6.6334122e-01 0.0000000e+00 8.2539058e-01 0.0000000e+00 0.0000000e+00 8.9344001e-01 0.0000000e+00 0.0000000e+00 2.5963050e-01 8.4489948e-01 8.1502734e-04 0.0000000e+00]
 [8.1483662e-02 0.0000000e+00 7.1773881e-01 0.0000000e+00 0.0000000e+00 0.0000000e+00 0.0000000e+00 3.5441560e-01 0.0000000e+00 1.2288059e-01 8.5984015e-01 7.3106921e-01 0.0000000e+00 0.0000000e+00 0.0000000e+00 5.1016164e-01]
 [7.9326011e-02 0.0000000e+00 1.5686738e-01 4.3861009e-03 6.1903648e-02 1.9155496e-01 0.0000000e+00 6.5316401e-02 0.0000000e+00 2.0926024e-01 1.7827187e-01 1.9500917e-01 0.0000000e+00 1.0334891e-01 2.7105039e-01 1.5007216e-01]
 [0.0000000e+00 0.0000000e+00 4.5645782e-01 1.9139323e-02 2.3547462e-01 2.8535211e-01 2.1257971e-01 1.3441774e-01 0.0000000e+00 3.2574928e-01 5.2366066e-01 3.7311718e-01 0.0000000e+00 2.5578776e-01 5.3689533e-01 0.0000000e+00]
 [9.0207614e-02 0.0000000e+00 6.0121095e-01 0.0000000e+00 1.5743807e-03 4.1041976e-01 2.3271309e-02 2.6645714e-01 0.0000000e+00 0.0000000e+00 6.4511096e-01 6.0599661e-01 0.0000000e+00 7.5670995e-02 6.4762014e-01 4.3479538e-01]
 [4.2658143e-02 0.0000000e+00 3.4480056e-01 0.0000000e+00 0.0000000e+00 2.8392360e-01 0.0000000e+00 1.2904909e-01 0.0000000e+00 7.3815048e-02 3.0900639e-01 3.7004361e-01 0.0000000e+00 5.8673114e-02 3.7805355e-01 2.8364560e-01]
 [1.2086489e-01 0.0000000e+00 5.3195280e-01 9.3211321e-04 7.3395722e-02 4.3228468e-01 9.3567632e-02 1.5831104e-01 0.0000000e+00 1.7625859e-01 0.0000000e+00 4.0299684e-01 0.0000000e+00 1.4802805e-01 6.0998887e-01 0.0000000e+00]
 [1.1526290e-01 0.0000000e+00 5.8287603e-01 0.0000000e+00 8.7277241e-02 4.8944896e-01 1.6293647e-02 2.4868755e-01 0.0000000e+00 1.8464348e-01 0.0000000e+00 6.5279031e-01 0.0000000e+00 1.9117436e-01 6.5491909e-01 3.5596913e-01]
 [1.2028282e-01 0.0000000e+00 1.4167611e-01 3.8824528e-02 1.0037356e-01 6.7404874e-02 1.2185127e-01 0.0000000e+00 0.0000000e+00 1.4944826e-01 1.2055573e-01 1.2525052e-01 0.0000000e+00 1.0378737e-01 1.9174099e-01 6.8327002e-02]]
topics:
[[-9.38933939e-02  1.34161368e-01  2.70698518e-01 -1.89572945e-02 -8.11674148e-02  4.48005423e-02  1.18814960e-01  1.49284363e-01 -1.02210389e-02  2.71640271e-01 -1.19867176e-01  2.50799477e-01 -2.52476513e-01  4.19176191e-01  1.63440391e-01 -5.73109269e-01]
 [ 4.33138907e-02 -1.41709760e-01  2.90767342e-01  1.28256366e-01  1.23106346e-01  1.08538955e-01 -5.26797511e-02 -1.28182408e-03 -7.47793838e-02 -2.99315378e-02  2.31824413e-01  1.37105927e-01 -3.05295706e-01  1.17771022e-01  5.21867014e-02  6.39304891e-02]
 [ 1.91988796e-01 -1.82604536e-01  1.05282962e-01 -8.73695612e-02 -2.78516173e-01 -9.54028368e-02 -7.80280754e-02 -2.33232170e-01  1.85434774e-01 -1.16557442e-01 -3.23208012e-02  1.19070321e-01  2.12986052e-01  5.05088381e-02 -4.24155176e-01  1.61052570e-01]
 [ 1.96999848e-01 -3.12274814e-01 -4.85489696e-01  3.29607368e-01  7.37804845e-02 -3.04199964e-01 -7.82134473e-01 -1.86580664e-03 -4.28459823e-01  9.25884321e-02  4.09282357e-01  2.30490074e-01 -5.95975593e-02  9.22445878e-02 -1.01857871e-01  1.18909158e-01]
 [ 5.73337913e-01  4.09996241e-01  2.51434237e-01  2.19260484e-01  2.24458605e-01 -1.16351821e-01  4.23303306e-01 -2.32248698e-04  4.90838021e-01 -1.07521556e-01  4.42130044e-02  5.99119008e-01  8.71940330e-02  4.85787652e-02 -1.34893849e-01  1.65900424e-01]
 [-2.07959861e-01  2.23791838e-01  1.64345339e-01  5.55294566e-02  3.87301445e-02  1.82016760e-01  6.82200864e-02 -2.75332421e-01  8.21989179e-02  8.83000903e-03  6.48772530e-03 -2.66660988e-01  5.89620695e-02 -2.05967501e-02 -2.10064009e-01 -1.34754568e-01]
 [-1.97774783e-01 -2.49944016e-01 -1.63074695e-02 -1.75510228e-01  4.61546332e-02 -3.68763089e-01  1.30302906e-01  4.77889210e-01 -9.53221507e-03  2.61387944e-01 -1.88560039e-02 -1.89574331e-01 -7.91529596e-01 -4.95125279e-02 -1.66989744e-01 -9.33042616e-02]
 [ 6.90545887e-02 -2.01363981e-01 -2.94034123e-01  1.44718155e-01  3.21695715e-01 -4.78093065e-02 -1.35185674e-01 -1.42772906e-02  3.41184177e-02  1.28806904e-01 -1.56775564e-01  3.21347833e-01  2.06119314e-01  3.54981013e-02 -2.97029376e-01 -8.48332122e-02]
 [-2.13400558e-01  2.17639595e-01 -3.55522111e-02 -3.47729363e-02  4.01627183e-01  4.20515537e-02 -1.93454266e-01 -2.40539666e-02 -3.45519632e-01  3.18861604e-01  3.51614654e-01 -9.43483934e-02 -2.23155260e-01 -1.97201326e-01  2.15976879e-01 -4.55337375e-01]
 [ 6.83727413e-02 -5.67003906e-01  1.27664804e-01  5.04021868e-02  8.07011798e-02 -3.08048904e-01 -2.42047347e-02 -1.69066593e-01 -8.87137651e-02  2.99902380e-01 -4.13277373e-02  8.75279754e-02  8.02844670e-03 -2.94130921e-01 -1.85711592e-01  7.23345876e-02]]
R:
[[1.20478850e-04 1.39103050e-03 2.14303122e-03 1.58379087e-03 1.38885318e-03 3.16917989e-03 1.46800594e-03 2.00946559e-03 9.85495090e-01 1.23106607e-03]
 [5.54944947e-02 7.69786537e-02 9.25488621e-02 7.14356974e-02 8.51025954e-02 9.03139487e-02 7.40331933e-02 7.86724612e-02 3.11952472e-01 6.34676069e-02]
 [3.22176120e-03 1.65975261e-02 1.83702558e-02 1.58787426e-02 1.55850360e-02 2.77875513e-02 1.74311474e-02 1.80295613e-02 8.52896512e-01 1.42019745e-02]
 [8.88037458e-02 9.35756341e-02 1.05378233e-01 7.87358135e-02 9.11900997e-02 9.78433937e-02 7.90099576e-02 9.17760953e-02 1.95385158e-01 7.83018619e-02]
 [2.36157402e-02 5.51921576e-02 6.72874302e-02 4.50221412e-02 5.48777431e-02 6.75977021e-02 5.18888570e-02 5.96197397e-02 5.26789188e-01 4.81093265e-02]
 [1.36852954e-02 2.78356634e-02 3.81543227e-02 3.08898054e-02 3.54381166e-02 5.28387427e-02 3.61125171e-02 2.96276957e-02 7.07102835e-01 2.83150543e-02]
 [4.99669975e-03 1.81566998e-02 2.56539006e-02 1.90455448e-02 2.24443655e-02 2.99907159e-02 1.88743882e-02 2.39125136e-02 8.19426358e-01 1.74987745e-02]
 [6.68595266e-03 2.62447223e-02 3.02310493e-02 2.30721459e-02 2.57313997e-02 3.96229811e-02 2.19813418e-02 2.46991776e-02 7.81925797e-01 1.98053289e-02]
 [9.82077658e-01 1.72267470e-03 3.91835254e-03 9.58109449e-04 1.50726328e-03 1.16119802e-03 1.29397167e-03 2.82060681e-03 3.44714709e-03 1.09299761e-03]
 [2.55161762e-01 7.84459189e-02 1.01062730e-01 6.56177774e-02 7.62909204e-02 8.15678835e-02 6.89665899e-02 8.19341838e-02 1.25329912e-01 6.56223446e-02]
 [6.73520148e-01 3.11268624e-02 4.58738953e-02 2.09985897e-02 2.74944175e-02 2.93283127e-02 2.12757494e-02 3.31479646e-02 9.61656421e-02 2.10684408e-02]
 [9.17651772e-01 9.04026441e-03 1.54771199e-02 5.05925482e-03 7.03931227e-03 7.84143712e-03 5.79858385e-03 1.08216982e-02 1.50905112e-02 6.18011784e-03]
 [6.08491540e-01 4.21268418e-02 6.11158423e-02 3.35122645e-02 4.21102941e-02 4.00582626e-02 3.27600874e-02 4.96269949e-02 5.47299236e-02 3.54679227e-02]
 [8.43690157e-01 1.68853905e-02 2.15055160e-02 1.09441504e-02 1.43936360e-02 1.42890355e-02 1.15524167e-02 2.03783028e-02 3.50092836e-02 1.13521330e-02]
 [9.53710854e-01 4.82048700e-03 8.55200551e-03 2.75354786e-03 4.09544446e-03 3.36711365e-03 3.02278227e-03 6.06095511e-03 1.07037788e-02 2.91293534e-03]
 [1.66758746e-01 8.73955637e-02 1.01555742e-01 7.68249333e-02 8.41281712e-02 9.30835083e-02 8.06785375e-02 8.92425925e-02 1.44827381e-01 7.55048096e-02]]
cosine similarity of topic:
[[ 1.00000000e+00  3.69894406e-05  2.86059803e-05  4.00063254e-05  1.19324395e-05  3.72660907e-05  4.94902952e-06 -7.12905530e-05 -2.33132578e-05  9.06445985e-06]
 [ 3.69894406e-05  1.00000048e+00  1.05834370e-04  6.80564408e-05  1.21231892e-06  5.59626096e-05  1.74919217e-06 -8.88184513e-05  1.07795713e-04  1.79844483e-05]
 [ 2.86059803e-05  1.05834370e-04  9.99999464e-01 -1.26465402e-05  2.83775153e-05 -2.14204392e-05 -6.90616871e-05 -5.39561115e-05 -1.34011279e-05  1.66859863e-05]
 [ 4.00063254e-05  6.80564408e-05 -1.26465402e-05  1.00000012e+00  5.84633526e-05 -8.11897044e-05 -1.21166559e-05  2.08080455e-05 -3.59751284e-05  6.08384580e-05]
 [ 1.19324395e-05  1.21231892e-06  2.83775153e-05  5.84633526e-05  9.99999881e-01  2.99737749e-05 -5.34195460e-05 -1.53014244e-05 -1.47645633e-05  8.22914171e-06]
 [ 3.72660907e-05  5.59626096e-05 -2.14204392e-05 -8.11897044e-05  2.99737749e-05  1.00000012e+00 -7.78313279e-06 -2.42137521e-05 -1.19492121e-04  1.06369589e-05]
 [ 4.94902952e-06  1.74919217e-06 -6.90616871e-05 -1.21166559e-05 -5.34195460e-05 -7.78313279e-06  1.00000024e+00 -4.80919589e-05 -2.32178863e-05  1.87324677e-05]
 [-7.12905530e-05 -8.88184513e-05 -5.39561115e-05  2.08080455e-05 -1.53014244e-05 -2.42137521e-05 -4.80919589e-05  9.99999940e-01  8.37502885e-05  1.60280397e-05]
 [-2.33132578e-05  1.07795713e-04 -1.34011279e-05 -3.59751284e-05 -1.47645633e-05 -1.19492121e-04 -2.32178863e-05  8.37502885e-05  1.00000000e+00  6.60780788e-05]
 [ 9.06445985e-06  1.79844483e-05  1.66859863e-05  6.08384580e-05  8.22914171e-06  1.06369589e-05  1.87324677e-05  1.60280397e-05  6.60780788e-05  1.00000000e+00]]
