hidden representaion(r*topic):
[[ 0.03923254 -0.1779582   0.01840526  0.01135197  0.06288014 -0.13648474 -0.00844014 -0.04161149 -0.04037452  0.11409484 -0.0133083   0.02581059 -0.00567158 -0.11281762 -0.07532682  0.00655529]
 [-0.01052382 -0.03528694 -0.00973365  0.0028496   0.08373338 -0.04123807 -0.03480916 -0.00669711 -0.05278697  0.07744199  0.03845123  0.01561045 -0.03874915 -0.04258143 -0.00756231 -0.0670289 ]
 [ 0.02384979 -0.13846026  0.01472765  0.00773873  0.06457227 -0.11031511 -0.01333747 -0.03028557 -0.04343617  0.10574934 -0.00123009  0.02312043 -0.0176398  -0.08877529 -0.05448286 -0.01766992]
 [-0.00423944 -0.03333688  0.01057231  0.00647351  0.05104524 -0.04279014 -0.00456705  0.01554758 -0.02150799  0.07256964  0.00496952  0.03910026 -0.05181094 -0.00067916 -0.01254431 -0.07120015]
 [ 0.01009332 -0.08656133  0.00341205  0.00883065  0.06820178 -0.07423529 -0.02067471 -0.01500607 -0.04127085  0.08819979  0.01178344  0.02718174 -0.02680268 -0.0557002  -0.03350413 -0.04089224]
 [ 0.01154007 -0.09000582 -0.0018344   0.0086584   0.0783083  -0.07610545 -0.02542589 -0.02317507 -0.04621807  0.09008858  0.01661624  0.02346561 -0.01799847 -0.07031639 -0.03621539 -0.03718094]
 [ 0.0188184  -0.11935399  0.01083294  0.00647577  0.07099704 -0.09921595 -0.01813181 -0.02942455 -0.04737828  0.10185738  0.00924818  0.02026096 -0.01920448 -0.0857401  -0.04533827 -0.02616668]
 [ 0.02423906 -0.13369086  0.0202396   0.00949297  0.0551563  -0.1064538  -0.00835015 -0.02455582 -0.03744354  0.10335631 -0.00737713  0.02999966 -0.02095346 -0.07280751 -0.0519158  -0.02222601]
 [-0.076271   -0.08062571 -0.00393415 -0.0566974   0.0206101  -0.11809299  0.03497785  0.14164184 -0.00816065  0.08231263  0.00206008 -0.06380203 -0.27140042 -0.03667025 -0.03526066 -0.0320131 ]
 [-0.00416119 -0.0330052  -0.00692379  0.01076859  0.05243172 -0.04155467 -0.01723192  0.0264376  -0.02208546  0.05942184  0.01529202  0.03543862 -0.06603073 -0.00121638 -0.0179013  -0.05374919]
 [-0.00673452 -0.0703771  -0.05278851  0.02068481  0.02533007 -0.08354954 -0.07662719  0.0649761  -0.05657737  0.05174946  0.05469538  0.01103102 -0.13757634  0.00100033 -0.02499882 -0.01433483]
 [-0.07767824 -0.08099505 -0.00334577 -0.05824886  0.02050692 -0.11913828  0.03699609  0.14329797 -0.00731747  0.08308242  0.00100287 -0.06537539 -0.27414837 -0.0375662  -0.03560769 -0.03239416]
 [ 0.02420366 -0.06361549 -0.07441474  0.05468975  0.02882647 -0.06636879 -0.12338765  0.03143099 -0.07501248  0.03651811  0.07654864  0.0448445  -0.07744072  0.01726967 -0.02156958 -0.00559929]
 [-0.02072893 -0.06670909 -0.03076532  0.00030518  0.03167536 -0.08550748 -0.03770573  0.07303681 -0.03868373  0.0608752   0.03631963 -0.00285236 -0.15403621 -0.01367634 -0.02686351 -0.02339178]
 [-0.07617106 -0.08030678 -0.00377616 -0.05661764  0.02063815 -0.11783577  0.03497425  0.14129753 -0.00819797  0.08239557  0.00200652 -0.06352856 -0.27077937 -0.0364432  -0.03506485 -0.03243238]
 [ 0.02040113 -0.04099836 -0.05395925  0.04984405  0.03962003 -0.04404025 -0.11050823  0.01131049 -0.07465082  0.0428291   0.07309317  0.05014205 -0.04913683  0.02083053 -0.00606642 -0.03308775]]
R_hid(hidden representaion to predict r):
[[2.30984539e-01 0.00000000e+00 0.00000000e+00 0.00000000e+00 0.00000000e+00 1.77579746e-01 0.00000000e+00 0.00000000e+00 1.73471853e-01 0.00000000e+00 0.00000000e+00 8.32134068e-01 1.35192260e-01 1.79789618e-01 2.72042006e-01 0.00000000e+00]
 [1.46126318e+00 0.00000000e+00 3.36355299e-01 5.26235580e-01 0.00000000e+00 0.00000000e+00 9.99514699e-01 0.00000000e+00 0.00000000e+00 0.00000000e+00 9.93794382e-01 0.00000000e+00 0.00000000e+00 5.21958590e-01 0.00000000e+00 0.00000000e+00]
 [1.97284117e-01 0.00000000e+00 9.12242830e-02 0.00000000e+00 0.00000000e+00 0.00000000e+00 0.00000000e+00 0.00000000e+00 5.87867200e-01 0.00000000e+00 0.00000000e+00 1.11444914e+00 0.00000000e+00 1.10950398e+00 1.81970492e-01 1.82115689e-01]
 [1.00385439e+00 8.02696645e-01 8.70448232e-01 2.36166805e-01 0.00000000e+00 0.00000000e+00 2.20124578e+00 6.81167126e-01 3.72693151e-01 0.00000000e+00 1.36047113e+00 4.55247551e-01 0.00000000e+00 0.00000000e+00 0.00000000e+00 8.39468241e-02]
 [8.83630812e-01 9.30973366e-02 0.00000000e+00 1.06208467e+00 0.00000000e+00 1.04184642e-01 1.25573266e+00 0.00000000e+00 0.00000000e+00 3.38823318e-01 7.05772340e-01 1.25646740e-01 0.00000000e+00 0.00000000e+00 0.00000000e+00 0.00000000e+00]
 [1.18517435e+00 0.00000000e+00 0.00000000e+00 0.00000000e+00 1.49801403e-01 0.00000000e+00 1.59460926e+00 0.00000000e+00 0.00000000e+00 0.00000000e+00 8.01777482e-01 0.00000000e+00 0.00000000e+00 2.43259877e-01 2.35986352e-01 0.00000000e+00]
 [6.36308312e-01 0.00000000e+00 0.00000000e+00 1.34066969e-01 0.00000000e+00 0.00000000e+00 5.23176730e-01 0.00000000e+00 1.57331452e-02 0.00000000e+00 1.10806644e-01 1.23648357e-03 0.00000000e+00 1.13231254e+00 0.00000000e+00 0.00000000e+00]
 [1.24836719e+00 0.00000000e+00 0.00000000e+00 0.00000000e+00 0.00000000e+00 0.00000000e+00 4.28793393e-02 0.00000000e+00 6.38078392e-01 0.00000000e+00 0.00000000e+00 1.15255523e+00 3.64815414e-01 5.40218890e-01 0.00000000e+00 4.77120876e-01]
 [3.29156041e-01 0.00000000e+00 0.00000000e+00 2.61568099e-01 1.23475063e+00 0.00000000e+00 6.62444308e-02 1.71176299e-01 0.00000000e+00 4.58775610e-01 0.00000000e+00 1.46822023e+00 0.00000000e+00 0.00000000e+00 0.00000000e+00 1.81713212e+00]
 [4.04805452e-01 1.61723495e-01 0.00000000e+00 1.48415124e+00 4.33423631e-02 7.15901613e-01 1.92972374e+00 4.03209656e-01 0.00000000e+00 0.00000000e+00 6.58560634e-01 0.00000000e+00 0.00000000e+00 0.00000000e+00 0.00000000e+00 3.31315637e-01]
 [0.00000000e+00 2.30051223e-02 3.08228910e-01 1.76389236e-02 2.89862156e-02 0.00000000e+00 0.00000000e+00 6.67946041e-02 0.00000000e+00 2.84894615e-01 4.47603256e-01 1.09974039e+00 0.00000000e+00 0.00000000e+00 0.00000000e+00 7.46737778e-01]
 [0.00000000e+00 7.81112194e-01 0.00000000e+00 0.00000000e+00 1.52688587e+00 0.00000000e+00 9.76103306e-01 7.30880022e-01 0.00000000e+00 7.25363731e-01 0.00000000e+00 1.14234042e+00 0.00000000e+00 0.00000000e+00 0.00000000e+00 1.33207703e+00]
 [1.28442633e+00 1.01125014e+00 0.00000000e+00 3.22264224e-01 3.55989158e-01 0.00000000e+00 1.29366648e+00 0.00000000e+00 1.09275126e+00 0.00000000e+00 7.82252252e-02 2.53777653e-01 0.00000000e+00 0.00000000e+00 0.00000000e+00 1.06342030e+00]
 [7.41237819e-01 3.64861637e-01 0.00000000e+00 5.40567875e-01 5.09953260e-01 0.00000000e+00 3.58927578e-01 1.99541852e-01 0.00000000e+00 7.61152685e-01 1.96103707e-01 6.12961650e-01 0.00000000e+00 0.00000000e+00 0.00000000e+00 3.11719149e-01]
 [5.94818294e-02 1.23552166e-01 0.00000000e+00 5.75843096e-01 1.49198818e+00 0.00000000e+00 0.00000000e+00 0.00000000e+00 0.00000000e+00 0.00000000e+00 3.66980940e-01 2.10877633e+00 0.00000000e+00 0.00000000e+00 0.00000000e+00 1.36520088e+00]
 [1.95016694e+00 9.01664972e-01 7.49687910e-01 0.00000000e+00 7.87023306e-02 0.00000000e+00 1.54028487e+00 0.00000000e+00 0.00000000e+00 6.13514669e-02 0.00000000e+00 0.00000000e+00 0.00000000e+00 0.00000000e+00 0.00000000e+00 7.79068589e-01]]
topics:
[[-0.03607292  0.04346538  0.08009381 -0.00187112 -0.01821783  0.01640279  0.03502351  0.04895697 -0.00204845  0.07823454 -0.03070542  0.07401204 -0.07691666  0.14284283  0.05410465 -0.17813113]
 [ 0.01546158 -0.04257449  0.08570259  0.03593112  0.0372006   0.03215994 -0.01263046  0.00577287 -0.02256295 -0.0009189   0.06085852  0.04753938 -0.09602293  0.03616704  0.01895646  0.01593237]
 [ 0.0541879  -0.05687452  0.0166393  -0.03083127 -0.09727684 -0.01436795 -0.02690544 -0.06136204  0.04741009 -0.04384608 -0.01657731  0.03616882  0.05644415  0.02271422 -0.10939202  0.0496077 ]
 [ 0.07048301 -0.08166139 -0.14804791  0.11413893  0.0223181  -0.07362359 -0.23349825  0.00444453 -0.12418769  0.0149176   0.12656952  0.08447462 -0.02127084  0.03863246 -0.02747947  0.02832432]
 [ 0.1706918   0.11400959  0.07018206  0.0803801   0.06830914 -0.04793895  0.11644455 -0.00505308  0.13449988 -0.03022504  0.01421578  0.17891505  0.02709303 -0.01631026 -0.0545861   0.049428  ]
 [-0.06551358  0.08550557  0.06387249  0.01403026  0.00586401  0.06543611  0.03149548 -0.07465608  0.03577764  0.00080965 -0.00094683 -0.07285339  0.02004352  0.0127978  -0.04886593 -0.03882439]
 [-0.07812519 -0.08074901 -0.00342331 -0.05855068  0.02036707 -0.11918489  0.03721534  0.14399412 -0.00718947  0.08303185  0.00101064 -0.06577234 -0.27518758 -0.03740674 -0.03551926 -0.03250487]
 [ 0.01904823 -0.05899016 -0.09002619  0.05398585  0.09375575  0.00505188 -0.04363997 -0.00413113  0.01085555  0.03188656 -0.0486553   0.10052027  0.06541138  0.01093795 -0.0773918  -0.03099153]
 [-0.05773112  0.03739822 -0.00343319 -0.02751458  0.10770658 -0.01168696 -0.06165394 -0.00804143 -0.10674091  0.09286481  0.10597607 -0.03606064 -0.07699841 -0.04868169  0.0582678  -0.1340404 ]
 [ 0.04171977 -0.18488672  0.01780802  0.01192309  0.06364387 -0.1411036  -0.00846207 -0.04373793 -0.04039576  0.11536881 -0.01458013  0.02557994 -0.00355643 -0.11832584 -0.07924984  0.01137145]]
R:
[[1.57367196e-02 1.20395597e-03 8.68109055e-05 1.18243341e-04 5.09724021e-04 3.04971600e-05 4.06290783e-04 1.91789458e-03 1.21284872e-02 9.67861354e-01]
 [2.50473302e-02 2.83164047e-02 2.26673903e-03 1.25580495e-02 3.31454277e-02 6.85417908e-04 4.25085537e-02 1.87664643e-01 4.50405985e-01 2.17401460e-01]
 [5.31245694e-02 6.42646709e-03 8.51642108e-04 2.80500785e-03 3.21876304e-03 2.87619914e-04 1.26736118e-02 3.49242873e-02 1.17982402e-01 7.67705560e-01]
 [2.44839653e-01 1.01823900e-02 3.62817780e-03 1.53394453e-02 6.20796159e-02 3.95090843e-04 1.05530523e-01 1.63731873e-01 1.88398138e-01 2.05875129e-01]
 [7.63527378e-02 1.83138810e-02 2.03393865e-03 1.66926403e-02 2.50444822e-02 1.98379668e-04 3.24185938e-02 1.25345424e-01 2.23156974e-01 4.80443001e-01]
 [1.22979237e-02 1.30145689e-02 1.44196965e-03 4.69995895e-03 2.59595551e-02 3.03189940e-04 9.55480803e-03 1.45804077e-01 2.80533254e-01 5.06390691e-01]
 [3.17261368e-02 7.15875486e-03 7.90285412e-04 2.03537173e-03 1.48168933e-02 2.43273360e-04 5.67247858e-03 5.01924269e-02 2.04933822e-01 6.82430625e-01]
 [1.24538884e-01 1.01725692e-02 1.04747713e-03 1.19495597e-02 5.55929821e-03 2.95982987e-04 1.73208266e-02 2.50845794e-02 5.95558621e-02 7.44474947e-01]
 [1.06058607e-03 3.42175947e-03 2.54843762e-04 6.69379951e-03 2.23911600e-04 5.33647944e-05 9.84070778e-01 2.85922055e-04 9.53971816e-04 2.98104854e-03]
 [1.43504724e-01 4.87049520e-02 9.65288281e-03 6.68173507e-02 6.74919412e-02 7.60830881e-04 1.84003666e-01 2.02315748e-01 1.75613731e-01 1.01134181e-01]
 [3.97095904e-02 3.95044424e-02 6.09280774e-03 3.91867369e-01 8.55364557e-03 6.51567534e-04 4.37576354e-01 9.97783337e-03 4.06329446e-02 2.54334547e-02]
 [2.56484287e-04 2.47194723e-04 3.66620225e-05 1.83514785e-04 3.69196314e-05 6.42070063e-06 9.96007264e-01 8.29678320e-05 1.31185006e-04 3.01134912e-03]
 [4.65721861e-02 5.87323718e-02 1.02007315e-02 5.50216854e-01 1.91355851e-02 1.48432865e-03 1.99966624e-01 3.15330029e-02 5.96578121e-02 2.25005206e-02]
 [3.18666659e-02 3.74909565e-02 5.02749300e-03 2.31717393e-01 2.60295700e-02 7.93821295e-04 5.11731744e-01 3.46225239e-02 6.90937042e-02 5.16261049e-02]
 [3.06894351e-03 2.56103580e-03 3.35395103e-04 6.36984501e-03 3.78883153e-04 5.28861383e-05 9.81313944e-01 3.41623236e-04 2.03282852e-03 3.54463421e-03]
 [1.16656281e-01 6.85371906e-02 1.03104170e-02 4.45029199e-01 2.12733913e-02 2.23401771e-03 5.36917336e-02 5.62019311e-02 1.82685629e-01 4.33802530e-02]]
cosine similarity of topic:
[[ 9.99999583e-01  3.97907570e-06  7.75326043e-08 -2.64766859e-05 -1.15251169e-05 -1.37847848e-04 -8.98757426e-05  9.48533416e-05  1.04989158e-04  4.24106838e-06]
 [ 3.97907570e-06  9.99999881e-01 -2.28706747e-04 -3.35299410e-05  2.24631745e-04  2.29319558e-05 -1.93153508e-04 -2.54974468e-04 -2.94814818e-05 -7.56764784e-05]
 [ 7.75326043e-08 -2.28706747e-04  9.99999881e-01 -1.13339163e-04  1.03483908e-04 -1.94777269e-04  5.51093835e-05  8.13030638e-05 -2.10340600e-04  1.37313735e-04]
 [-2.64766859e-05 -3.35299410e-05 -1.13339163e-04  9.99999702e-01 -2.47857533e-05  1.41187571e-04  5.21214679e-05  1.65421749e-04 -5.74657461e-05 -2.22426548e-04]
 [-1.15251169e-05  2.24631745e-04  1.03483908e-04 -2.47857533e-05  1.00000012e+00 -4.94555097e-05  1.38978357e-05 -1.32755580e-04  1.33366790e-04 -9.32594412e-05]
 [-1.37847848e-04  2.29319558e-05 -1.94777269e-04  1.41187571e-04 -4.94555097e-05  1.00000000e+00 -6.04595989e-05  1.61988661e-04  6.78002834e-06  4.97100409e-05]
 [-8.98757426e-05 -1.93153508e-04  5.51093835e-05  5.21214679e-05  1.38978357e-05 -6.04595989e-05  9.99999762e-01  1.62713695e-05 -6.09704293e-05 -1.23982783e-04]
 [ 9.48533416e-05 -2.54974468e-04  8.13030638e-05  1.65421749e-04 -1.32755580e-04  1.61988661e-04  1.62713695e-05  1.00000024e+00 -4.12424561e-05  1.02932565e-04]
 [ 1.04989158e-04 -2.94814818e-05 -2.10340600e-04 -5.74657461e-05  1.33366790e-04  6.78002834e-06 -6.09704293e-05 -4.12424561e-05  9.99999762e-01  7.56466179e-05]
 [ 4.24106838e-06 -7.56764784e-05  1.37313735e-04 -2.22426548e-04 -9.32594412e-05  4.97100409e-05 -1.23982783e-04  1.02932565e-04  7.56466179e-05  1.00000012e+00]]
