hidden representaion(r*topic):
[[ 2.78230786e-01 -3.08694214e-01 -5.00415444e-01  5.08338749e-01  9.52002108e-02 -2.14385480e-01 -8.18722367e-01 -7.95358866e-02 -4.90370840e-01  2.64748752e-01  4.36006993e-01  1.79996818e-01 -5.15682809e-02  1.16793796e-01 -6.49149492e-02  1.39394850e-01]
 [ 1.63250446e-01 -2.03253224e-01 -2.47816220e-01  2.96377212e-01  1.01160519e-01 -1.65554762e-01 -4.69339788e-01 -4.66185361e-02 -2.84493566e-01  2.03626215e-01  2.75749862e-01  1.37910157e-01 -8.99786428e-02  5.69427125e-02 -7.73103312e-02  3.22073437e-02]
 [ 2.78220117e-01 -3.08685631e-01 -5.00396490e-01  5.08320630e-01  9.52015966e-02 -2.14382172e-01 -8.18695784e-01 -7.95324221e-02 -4.90356475e-01  2.64744997e-01  4.35995549e-01  1.79991648e-01 -5.15730642e-02  1.16787642e-01 -6.49149865e-02  1.39384732e-01]
 [ 1.53238222e-01 -1.94710076e-01 -2.50043124e-01  2.83930302e-01  1.18157424e-01 -1.67818710e-01 -4.59467232e-01 -3.85970548e-02 -2.85126805e-01  2.09645182e-01  2.72370934e-01  1.36219159e-01 -9.42078009e-02  4.52650860e-02 -7.14536533e-02  1.42841917e-02]
 [ 1.89160153e-01 -2.41036862e-01 -3.32229137e-01  3.60816002e-01  9.68097523e-02 -1.81772187e-01 -5.79692245e-01 -5.11241257e-02 -3.51367444e-01  2.28406489e-01  3.20467830e-01  1.41066283e-01 -8.64797756e-02  7.64874592e-02 -7.65754879e-02  6.14824519e-02]
 [ 2.64506161e-01 -2.97751099e-01 -4.74787146e-01  4.83885318e-01  9.60200727e-02 -2.10004687e-01 -7.81766772e-01 -7.46522322e-02 -4.68987107e-01  2.58991927e-01  4.18688595e-01  1.73985109e-01 -5.71756512e-02  1.09456345e-01 -6.66896775e-02  1.26738489e-01]
 [ 2.78162390e-01 -3.08641434e-01 -5.00299752e-01  5.08228302e-01  9.52132493e-02 -2.14361176e-01 -8.18561494e-01 -7.95185119e-02 -4.90285367e-01  2.64726430e-01  4.35937077e-01  1.79964498e-01 -5.15925735e-02  1.16754062e-01 -6.49133623e-02  1.39329642e-01]
 [ 2.77937353e-01 -3.08403581e-01 -5.00037789e-01  5.07918417e-01  9.53321010e-02 -2.14280114e-01 -8.18214238e-01 -7.94657245e-02 -4.90173519e-01  2.64707506e-01  4.35869396e-01  1.79828748e-01 -5.16995266e-02  1.16599582e-01 -6.48034960e-02  1.39054254e-01]
 [-1.18838891e-01  9.17495340e-02  1.90792195e-02 -5.61146997e-02  2.91297972e-01 -5.43764010e-02 -1.53115481e-01 -1.74476951e-02 -2.51007080e-01  2.11604506e-01  2.74206370e-01 -4.09308225e-02 -1.95813134e-01 -1.58648178e-01  1.12900004e-01 -3.38321537e-01]
 [ 5.90867996e-02 -7.57050216e-02  1.72998682e-02  8.76545757e-02  1.16014749e-01 -1.19160816e-01 -1.06127694e-01  1.58898719e-03 -7.54833892e-02  1.44572884e-01  1.20982893e-01  1.19123846e-01 -1.42702907e-01  1.01103317e-02 -6.59769699e-02 -8.99270326e-02]
 [ 1.11808993e-01 -1.82519227e-01 -5.98978177e-02  1.73727766e-01  9.82141942e-02 -1.54365629e-01 -2.33497038e-01 -4.55027893e-02 -1.45697564e-01  1.67287067e-01  1.58446997e-01  1.37888193e-01 -9.14822742e-02  9.46183875e-03 -8.84877741e-02 -8.60090833e-03]
 [ 9.56345052e-02 -1.43224180e-01 -2.04353988e-01  2.19674185e-01  1.57650679e-01 -1.50868326e-01 -4.18280154e-01 -3.80954258e-02 -3.00511897e-01  2.19471261e-01  2.89900601e-01  9.11597461e-02 -1.20066591e-01 -5.24512865e-03 -2.39709318e-02 -5.86148463e-02]
 [-8.11820626e-02  5.41636497e-02  6.02955557e-02 -4.83790711e-02  1.94518700e-01 -6.14872500e-02 -8.03914815e-02 -4.33283579e-03 -1.45417050e-01  1.77294984e-01  1.78345427e-01  9.40868631e-05 -1.81468830e-01 -8.48802626e-02  3.43286917e-02 -2.76834399e-01]
 [ 1.86385233e-02 -1.17318198e-01  9.83102024e-02  2.32503135e-02  8.76520053e-02 -1.15070075e-01 -2.75029950e-02 -3.14165018e-02 -3.25041860e-02  1.40515953e-01  5.58554456e-02  9.53553617e-02 -1.10885479e-01 -2.53207311e-02 -9.00000483e-02 -1.04877993e-01]
 [ 3.90172005e-02 -7.35653266e-02 -6.03270940e-02  1.08898520e-01  1.73768029e-01 -1.19535252e-01 -2.18616322e-01 -2.60607749e-02 -1.83116764e-01  1.83137342e-01  2.03227937e-01  7.95185789e-02 -1.29283994e-01 -4.10231464e-02 -2.43064407e-02 -1.20049208e-01]
 [ 8.47543329e-02 -1.31302521e-01  3.27799618e-02  1.04388222e-01  9.51213837e-02 -1.45119071e-01 -8.04237798e-02  2.48691626e-03 -4.14223261e-02  1.34218141e-01  8.80496949e-02  1.39386445e-01 -1.40089601e-01  1.32852979e-02 -1.01345941e-01 -3.19917649e-02]]
R_hid(hidden representaion to predict r):
[[1.8378268  1.8558705  0.         1.929908   1.8847951  1.607774   0.         1.8664546  0.17210184 0.         1.0971107  0.         1.8713002  1.7573735  0.         1.8715359 ]
 [0.0634575  0.         0.         0.         0.         0.         0.         0.         0.         0.43248984 0.6091288  0.         0.4822925  0.         0.331952   0.22764815]
 [0.73139864 1.2865933  0.         1.1514229  1.4163617  1.0974332  0.         1.3346505  0.         0.         1.1529208  0.         0.9257272  0.12593096 0.         0.6413292 ]
 [0.07151133 0.         1.1450981  0.         0.02141761 0.5907391  0.         0.         0.06101421 0.712242   0.         0.         0.         0.         0.54192615 0.21182962]
 [0.         0.         0.         0.         0.         0.         0.         1.0640529  1.4023905  0.         0.         0.         0.         1.3131912  0.         0.7564054 ]
 [0.5862882  0.79636425 0.         0.62612605 0.         0.31937304 0.         0.869901   0.4393524  0.         1.273615   0.         0.62894434 0.         0.         0.06190614]
 [1.4696542  1.5388733  0.         0.96563584 2.0976377  1.4930983  0.         1.4271432  0.         0.         1.7694216  0.         0.96002084 1.6000907  0.         0.6879915 ]
 [1.520878   1.264046   0.         1.9501296  1.2944764  1.7813041  1.0998838  0.6000205  1.2210581  0.         1.5684108  0.         1.2696197  0.         0.         1.9578438 ]
 [0.         0.         0.3396458  0.         0.         0.         1.4869114  0.         0.9795633  0.42218626 0.         1.90552    0.         0.76908284 1.1058307  0.        ]
 [0.         0.         0.51308966 0.         0.         0.         0.         0.         0.         0.88711196 0.         0.26971117 0.         0.07011489 0.21398847 0.        ]
 [0.         0.         1.3779821  0.         0.         0.         0.5161353  0.         0.         1.0257831  0.         0.96730536 0.         0.         1.4237509  0.        ]
 [0.69209844 0.03375738 1.331438   0.27522975 0.04364817 0.63153803 0.8856706  0.         1.8194941  1.0762085  0.         0.10696618 0.         0.43949226 1.3620389  0.24303108]
 [0.         0.         0.22195503 0.         0.         0.         1.4015273  0.         0.         0.         0.         1.4838936  0.         0.         0.         0.        ]
 [0.         0.         0.44939956 0.         0.         0.         1.1236815  0.         0.         0.3404581  0.         1.3543606  0.53984505 0.         0.5141841  0.        ]
 [0.10217807 0.         1.7682976  0.12767854 0.         0.         0.8839087  0.         1.0415777  1.4167262  0.         0.3866382  0.         0.         1.3915777  0.20579432]
 [0.         0.         0.         0.         0.         0.         0.         0.         0.         0.7539266  0.         0.         0.         0.         0.01486421 0.        ]]
topics:
[[-0.11214909  0.1267598   0.24560547 -0.01075929 -0.05990072  0.04805717  0.11497477  0.15588185 -0.00587953  0.2758303  -0.12650996  0.24951777 -0.24375574  0.39413822  0.15686655 -0.581811  ]
 [ 0.04013791 -0.1422886   0.29495797  0.09471814  0.11291623  0.05663693 -0.04211338  0.00121097 -0.07103115 -0.03907808  0.23234099  0.14090778 -0.3049517   0.11433794  0.04984453  0.05850424]
 [ 0.19210176 -0.19528481  0.10093957 -0.08296403 -0.27594686 -0.07383636 -0.09617461 -0.234995    0.17248553 -0.07821089 -0.02392651  0.12021025  0.21439902  0.0508897  -0.42596367  0.14618734]
 [ 0.27823153 -0.30869478 -0.5004164   0.5083398   0.09519999 -0.21438567 -0.81872374 -0.0795361  -0.4903715   0.2647489   0.43600753  0.1799972  -0.05156793  0.11679424 -0.0649151   0.13939556]
 [ 0.5836785   0.4039546   0.24939762  0.19046761  0.24538451 -0.21494506  0.42700988  0.00934646  0.49702594 -0.15060651  0.05016594  0.618819    0.08411126  0.02152864 -0.15081385  0.16875446]
 [-0.21695189  0.22492316  0.17431794  0.07495545  0.00346557  0.23244709  0.07137187 -0.27338558  0.08385356  0.04793098  0.00081928 -0.27814242  0.06305528 -0.01202459 -0.20027155 -0.16633922]
 [-0.19993606 -0.25093967 -0.02351477 -0.1644585   0.069114   -0.3797616   0.10917844  0.47109637 -0.00994363  0.24865703 -0.02245124 -0.18451962 -0.81076926 -0.06593071 -0.1713764  -0.0923619 ]
 [ 0.0701164  -0.20777322 -0.3033882   0.18491887  0.32233715 -0.03311262 -0.14552347 -0.01273869  0.02834757  0.1446567  -0.15294525  0.3211818   0.20622556  0.03923538 -0.3000851  -0.09481686]
 [-0.17193311  0.18139637 -0.00453854 -0.0904364   0.3775078  -0.02596989 -0.19808038 -0.0192321  -0.3364136   0.2374823   0.36253253 -0.09024951 -0.21958423 -0.21584997  0.19864321 -0.43587422]
 [ 0.06120323 -0.56409574  0.13751057  0.03616192  0.09699345 -0.38398033 -0.01452377 -0.1617692  -0.07984098  0.26608953 -0.04554231  0.09094088  0.00636639 -0.3017782  -0.18827996  0.07899527]]
R:
[[9.25080172e-08 8.36234619e-08 1.03242478e-07 9.99998093e-01 5.60381501e-08 8.04432148e-08 2.98275722e-07 7.99345088e-08 9.08658194e-07 1.85047355e-07]
 [3.92134525e-02 4.87043597e-02 4.68295701e-02 5.76571405e-01 3.75297219e-02 3.87104750e-02 5.29591925e-02 3.31887454e-02 7.16243014e-02 5.46687841e-02]
 [2.37155973e-06 2.19698950e-06 4.10823714e-06 9.99964476e-01 1.74727154e-06 2.10069288e-06 6.10228881e-06 2.09518271e-06 1.08593613e-05 3.92317770e-06]
 [3.74974534e-02 3.40040438e-02 3.86799946e-02 5.55656374e-01 3.87958847e-02 2.78467741e-02 5.85376658e-02 5.06632030e-02 1.03347234e-01 5.49713857e-02]
 [2.95182038e-02 2.54113860e-02 2.74046473e-02 7.10338593e-01 1.62183195e-02 3.54583450e-02 5.04175499e-02 2.67636273e-02 4.21420746e-02 3.63272652e-02]
 [3.49663850e-03 2.62574456e-03 6.83022896e-03 9.53829706e-01 2.69398163e-03 2.75347615e-03 8.47325195e-03 4.39572055e-03 1.03195403e-02 4.58174990e-03]
 [1.24907729e-05 1.64717112e-05 2.04315711e-05 9.99788582e-01 6.76970512e-06 1.47195233e-05 2.80686945e-05 1.96522797e-05 6.74314870e-05 2.54068964e-05]
 [2.48200649e-05 7.39962343e-06 2.83926420e-05 9.99272406e-01 1.84283526e-05 2.34764520e-05 7.51568878e-05 1.49676216e-05 5.11082180e-04 2.37533222e-05]
 [3.54069211e-02 2.95628179e-02 3.34659666e-02 1.58550888e-02 1.39945559e-02 2.14754753e-02 3.28419656e-02 1.50280884e-02 7.46340394e-01 5.60287200e-02]
 [1.09440669e-01 1.04095109e-01 7.06799701e-02 1.54352620e-01 1.00634284e-01 5.47024645e-02 1.00619584e-01 5.20983264e-02 1.51217982e-01 1.02158934e-01]
 [7.48240277e-02 1.06247410e-01 5.86250164e-02 3.01430792e-01 6.73897341e-02 4.73587364e-02 5.05136885e-02 4.28278334e-02 7.07960948e-02 1.79986626e-01]
 [3.10675390e-02 2.83285119e-02 2.96807066e-02 4.65820700e-01 2.63057705e-02 2.40245629e-02 4.95611764e-02 2.58266702e-02 2.52715498e-01 6.66688159e-02]
 [1.00856118e-01 3.61986458e-02 9.77336466e-02 1.96299981e-03 3.62902619e-02 5.21240346e-02 7.71000087e-02 1.88439712e-02 5.22675455e-01 5.62148504e-02]
 [1.26656696e-01 1.12877816e-01 1.19442932e-01 2.94406191e-02 5.89144416e-02 6.67978600e-02 7.37206414e-02 5.48080839e-02 1.44522086e-01 2.12818906e-01]
 [5.20787388e-02 5.96143492e-02 3.85192484e-02 2.27183715e-01 6.11636527e-02 4.71942648e-02 5.99367730e-02 5.18574417e-02 2.99778283e-01 1.02673590e-01]
 [9.68422145e-02 1.36670530e-01 5.92034608e-02 1.54032677e-01 1.13292105e-01 5.90439439e-02 1.18675858e-01 5.84674254e-02 4.40099388e-02 1.59761801e-01]]
cosine similarity of topic:
[[ 1.0000002e+00  2.4049747e-05  1.2621985e-05 -3.9431074e-05 -1.2299499e-05  2.9879127e-05 -4.6344809e-05  2.6713783e-06 -8.2577326e-06 -3.8782191e-06]
 [ 2.4049747e-05  1.0000005e+00  2.1194050e-05  7.6760793e-05 -5.8395785e-06 -5.3080646e-05  3.1766755e-05  3.9637358e-05 -7.7986670e-06  8.5460778e-07]
 [ 1.2621985e-05  2.1194050e-05  1.0000001e+00  2.2661363e-05  1.9561990e-05  2.4079494e-05 -3.0263271e-05 -7.9316291e-05  1.2542061e-05 -1.0561913e-05]
 [-3.9431074e-05  7.6760793e-05  2.2661363e-05  1.0000000e+00 -3.5663455e-05  7.7115386e-05 -4.2207041e-05 -6.7926635e-06  7.7818935e-05  4.0870344e-07]
 [-1.2299499e-05 -5.8395785e-06  1.9561990e-05 -3.5663455e-05  9.9999988e-01  2.3778526e-05 -4.9576069e-05  5.1978288e-05  5.5608529e-05 -6.8799869e-05]
 [ 2.9879127e-05 -5.3080646e-05  2.4079494e-05  7.7115386e-05  2.3778526e-05  9.9999964e-01  2.2390068e-05 -1.0933366e-04  2.3392815e-06 -5.4150296e-05]
 [-4.6344809e-05  3.1766755e-05 -3.0263271e-05 -4.2207041e-05 -4.9576069e-05  2.2390068e-05  1.0000001e+00 -7.7369143e-05 -2.5353402e-05 -5.1261730e-05]
 [ 2.6713783e-06  3.9637358e-05 -7.9316291e-05 -6.7926635e-06  5.1978288e-05 -1.0933366e-04 -7.7369143e-05  1.0000005e+00 -4.0442164e-06  5.9624101e-05]
 [-8.2577326e-06 -7.7986670e-06  1.2542061e-05  7.7818935e-05  5.5608529e-05  2.3392815e-06 -2.5353402e-05 -4.0442164e-06  9.9999976e-01  7.9317200e-05]
 [-3.8782191e-06  8.5460778e-07 -1.0561913e-05  4.0870344e-07 -6.8799869e-05 -5.4150296e-05 -5.1261730e-05  5.9624101e-05  7.9317200e-05  9.9999994e-01]]
