hidden representaion(r*topic):
[[ 0.15145859 -0.33100125 -0.48088577  0.35116845  0.0646662  -0.2069392  -0.7839869  -0.10152517 -0.48088676  0.23661867  0.43427318  0.27596822 -0.11105772  0.12309761 -0.11770234  0.14542484]
 [ 0.04579932 -0.13977575 -0.10341664  0.14706528  0.05130716 -0.11574448 -0.2875619  -0.04079609 -0.18205011  0.18357576  0.16883263  0.16255015 -0.11706394  0.09227322 -0.08273897 -0.06575213]
 [ 0.11501855 -0.2677113  -0.3655856   0.29027689  0.0656212  -0.17589149 -0.6318785  -0.08096161 -0.39374745  0.22431543  0.3554176   0.23981129 -0.11822394  0.11456765 -0.1005488   0.07444441]
 [ 0.03362975 -0.09480673 -0.01151656  0.08963688  0.04792637 -0.09957682 -0.16125345 -0.03748789 -0.08825022  0.14218664  0.10849033  0.12198292 -0.10034247  0.06110441 -0.10319386 -0.08081561]
 [ 0.05493163 -0.18642133 -0.18758702  0.19071722  0.05600224 -0.13347349 -0.39051872 -0.06132197 -0.24389175  0.1943204   0.22310014  0.16281135 -0.11810479  0.08281769 -0.10420421 -0.00876662]
 [ 0.07631445 -0.19533701 -0.23433742  0.21845736  0.0705618  -0.14539708 -0.46404493 -0.04821378 -0.3075785   0.22413807  0.26769862  0.21445036 -0.13169429  0.11375464 -0.06075199 -0.02922763]
 [ 0.11803108 -0.27221486 -0.38407645  0.29743767  0.07021817 -0.1801551  -0.65916204 -0.0808975  -0.41654685  0.2337558   0.3719497   0.2475824  -0.12064494  0.11756057 -0.09096598  0.07064979]
 [ 0.08474694 -0.22018169 -0.29180118  0.24884467  0.06343873 -0.1491719  -0.5337293  -0.07818908 -0.33345762  0.20949242  0.30610865  0.19955172 -0.11468938  0.10044254 -0.09990315  0.03494801]
 [ 0.20404246 -0.1893397   0.11455631 -0.06959777 -0.30481136 -0.16360465 -0.10982616 -0.19527431  0.2005163  -0.12853743 -0.03015438  0.12144968  0.2582749   0.05072805 -0.42895317  0.15754437]
 [ 0.04872977 -0.0915373   0.05845487  0.02472398 -0.03536268 -0.09806828 -0.07717327 -0.07814597  0.03569008  0.05421992  0.03878955  0.07198329 -0.01299438  0.03095944 -0.20972973 -0.01978198]
 [ 0.06137242 -0.11343053  0.01355864  0.05469036  0.00703996 -0.11772943 -0.11185291 -0.0527756  -0.00563296  0.08642212  0.06029051  0.11056259 -0.04522275  0.03672154 -0.18267004 -0.02228077]
 [ 0.20439279 -0.18956247  0.11460233 -0.06976554 -0.3053688  -0.16379353 -0.11001791 -0.19549593  0.20075971 -0.12890609 -0.03017125  0.12154915  0.2587511   0.05076212 -0.42937598  0.15796326]
 [ 0.03589649 -0.06734736  0.10151146 -0.01032225 -0.12656493 -0.06123716 -0.05250186 -0.14771326  0.10661638 -0.00952072  0.00113721  0.01001035  0.08248988  0.02525696 -0.29143423  0.01356214]
 [ 0.16635537 -0.16955672  0.09961703 -0.04701064 -0.23774591 -0.14969113 -0.10114121 -0.16493426  0.15998343 -0.08108385 -0.0167555   0.1123476   0.19249754  0.04595196 -0.3752739   0.11229041]
 [ 0.20105512 -0.18792757  0.11376974 -0.06796469 -0.2992497  -0.16250467 -0.10852054 -0.19294247  0.1976422  -0.12474597 -0.02956923  0.12080819  0.2533777   0.05007518 -0.42471087  0.15380757]
 [ 0.01381702 -0.07689265  0.03839383  0.0646731   0.05268871 -0.08885267 -0.09106264 -0.04139941 -0.04807782  0.13803512  0.07027649  0.09366942 -0.09349563  0.03834762 -0.10652241 -0.10074109]]
R_hid(hidden representaion to predict r):
[[-4.19911474e-01  5.19349754e-01 -1.92238188e+00  2.08000040e+00  2.05260611e+00  2.10404301e+00 -2.24781227e+00  7.14771807e-01  2.42299676e-01 -2.10265684e+00  2.66630054e-02 -4.00133252e-01 -9.73270178e-01 -9.14126456e-01 -6.45872593e-01  7.30834186e-01]
 [ 9.18633342e-01 -4.48956154e-02 -5.79981685e-01 -2.25363411e-02  6.22245073e-01  4.48704153e-01 -7.64097452e-01  9.53740954e-01  1.87623054e-01 -4.50747848e-01 -3.68712962e-01  1.78017393e-01 -1.42276213e-01  1.71319336e-01 -3.63101721e-01  1.38269514e-01]
 [-8.06599379e-01 -1.56492963e-01 -9.08573687e-01  1.05367661e+00  1.17403126e+00  1.70123267e+00 -1.15891600e+00  5.89843988e-01  5.78218736e-02 -7.10013092e-01 -1.50104135e-01  1.25012562e-01 -5.71069717e-01 -9.31062341e-01 -5.69210410e-01  3.82403851e-01]
 [ 4.13047135e-01 -5.30252531e-02 -5.02854884e-01  1.44840464e-01  6.23394191e-01  2.59179026e-01 -5.00863135e-01  1.28316015e-01 -1.22613370e-01 -2.52394885e-01  1.31343246e-01  1.68083251e-01 -9.07080621e-02  2.21186310e-01 -1.47299528e-01 -1.26324147e-01]
 [ 8.33290458e-01 -1.05409466e-01 -6.41718447e-01 -1.26140729e-01  1.46943688e-01  6.92924187e-02 -5.51322877e-01  4.72506464e-01  7.58801341e-01 -7.34397471e-01 -2.00173363e-01  3.34980309e-01 -2.46168375e-02 -1.21495366e-01 -1.89595401e-01 -7.78671801e-02]
 [ 3.78531218e-01  1.61751322e-02 -1.07199836e+00 -2.30393544e-01  9.74963248e-01  7.24307895e-01 -1.37932563e+00  1.12690306e+00  1.25378802e-01 -1.08716583e+00 -2.18658000e-02 -6.37214705e-02 -4.67879891e-01  4.62427773e-02 -6.93047345e-01  1.89637065e-01]
 [-2.37262085e-01  2.67678440e-01 -1.20499647e+00  1.41717219e+00  1.47448194e+00  1.24547720e+00 -1.26497126e+00  9.36475933e-01  8.22364390e-02 -9.41352308e-01  2.75867522e-01 -2.16349959e-04 -7.07851350e-01 -8.99353027e-01 -1.12865901e+00  5.69628596e-01]
 [-8.67837846e-01 -2.07072287e-03 -8.28166127e-01  1.17323661e+00  1.10464585e+00  1.20173430e+00 -9.53343868e-01  2.46595532e-01  7.57282451e-02 -5.55254936e-01 -3.62840295e-02  1.17573984e-01 -5.73025107e-01 -8.60573173e-01 -4.07045126e-01  2.10652322e-01]
 [-2.20316015e-02 -1.55161977e-01  1.97353318e-01  2.41671689e-03 -1.13757640e-01 -7.62197748e-02  1.42330110e-01  1.06331229e-01  1.10864453e-01  1.11051127e-01  2.94812530e-01  4.91551757e-01  6.68261806e-03 -7.07912743e-02  1.77097738e-01 -3.28418538e-02]
 [ 4.26133066e-01 -1.70614645e-01 -2.80148983e-01  5.65145761e-02  1.47907779e-01  3.84156331e-02 -2.44687378e-01  2.77846009e-02 -2.36587822e-01 -3.41025777e-02  1.01928651e+00  8.25737357e-01  1.18008927e-02 -4.05667424e-02 -1.20390527e-01 -1.72846112e-02]
 [-1.66535124e-01  1.43948793e-02  5.24517260e-02  3.25798653e-02 -1.10979296e-01 -1.54576927e-01  5.50896600e-02  1.81065932e-01  4.20596689e-01 -3.91193442e-02  1.03204459e-01  4.61751550e-01 -5.73954508e-02 -4.59914684e-01  1.28836229e-01 -1.58013090e-01]
 [ 1.08469687e-02 -1.64648578e-01  7.49929547e-02  1.95161387e-01 -9.42713022e-03 -6.72355369e-02 -2.91294791e-02  8.81169662e-02  7.20028758e-01 -7.57055208e-02  3.90992239e-02  2.36291736e-01 -1.43473372e-01 -7.71391451e-01  2.57984966e-01 -1.07241198e-01]
 [-3.97480130e-01 -3.40447724e-01 -2.91514069e-01  1.07708439e-01  1.34191424e-01  5.81670962e-02 -3.16545606e-01  2.00512826e-01  6.19965136e-01 -7.76025876e-02  4.54658955e-01  1.39579523e+00 -1.05189279e-01 -7.54507184e-02 -3.63349855e-01  2.46207044e-03]
 [ 8.60259533e-02 -8.18860382e-02  6.79092035e-02  2.73577631e-01 -1.00675300e-01 -1.66067928e-02  1.11321852e-01  2.60079592e-01  7.19485700e-01 -1.04195131e-02  1.83728099e-01  3.77297193e-01 -4.02636733e-03  2.36632563e-02  7.67198578e-02 -8.01887289e-02]
 [-2.01405779e-01 -1.97948411e-01  1.02648787e-01 -1.29600123e-01 -6.24058135e-02 -1.00712448e-01 -4.59817005e-03  5.10414839e-02  5.71207523e-01  9.67536569e-02  1.32795990e-01  4.73875940e-01 -2.16654658e-01 -2.40413889e-01  1.08202279e-01  7.18003046e-03]
 [ 9.76280682e-03 -9.78831723e-02 -5.66394329e-01 -3.63443494e-01  2.94644803e-01  9.15123820e-02 -4.29442734e-01  6.19438291e-01  1.22920901e-01 -2.51010507e-01 -4.36887681e-01  2.03178197e-01 -1.86878562e-01  1.93861187e-01 -7.96361744e-01  4.60378826e-03]]
topics:
[[-0.1044958   0.13103083  0.25210044 -0.01066637 -0.06407497  0.04824246  0.12308626  0.15843725 -0.00086752  0.28924984 -0.13612139  0.24703927 -0.23959218  0.39984488  0.16011442 -0.57743627]
 [ 0.04721019 -0.13986394  0.29351813  0.13374321  0.12661238  0.03124831 -0.0424983   0.0042126  -0.06859746 -0.04330036  0.22588158  0.13565008 -0.3005923   0.11454333  0.05385414  0.06156351]
 [ 0.20443705 -0.18958327  0.11462125 -0.06979388 -0.30546123 -0.16381045 -0.11003947 -0.19553722  0.20080204 -0.1289667  -0.03017528  0.12155125  0.25882682  0.05076884 -0.42944026  0.15802202]
 [ 0.15926227 -0.34564304 -0.50140226  0.36336774  0.06178832 -0.21310966 -0.8100129  -0.10635804 -0.49290574  0.23649421  0.44586614  0.28266388 -0.10822585  0.12489277 -0.12568407  0.16387758]
 [ 0.62249327  0.4099638   0.24339753  0.22674547  0.2520878  -0.22212505  0.4249209   0.01512922  0.4938444  -0.1382471   0.04431199  0.59401     0.09083024  0.04364927 -0.12520175  0.16482964]
 [-0.2395189   0.22201088  0.17931952  0.0502045  -0.00564249  0.2255312   0.06729612 -0.26915887  0.08771034  0.03434323  0.00565034 -0.2679019   0.06432366 -0.01851233 -0.21136695 -0.15329832]
 [-0.1983418  -0.24875171 -0.02292826 -0.17677742  0.06502854 -0.374822    0.11483812  0.4566338  -0.01120436  0.25608608 -0.02229231 -0.1876498  -0.8208166  -0.05293414 -0.167165   -0.10221969]
 [ 0.06820587 -0.20582923 -0.2977792   0.13115905  0.31776616 -0.03504793 -0.14111772 -0.01237749  0.03103091  0.1428888  -0.15532711  0.32517773  0.20615506  0.04078155 -0.29821393 -0.08782119]
 [-0.1353589   0.20362209  0.00844681 -0.05332155  0.3623198  -0.02615034 -0.17352748 -0.01773929 -0.32382372  0.25776714  0.3384384  -0.09980582 -0.21041217 -0.16538475  0.20729803 -0.4399412 ]
 [ 0.07004753 -0.56412417  0.12631604  0.05023338  0.09246312 -0.3650212  -0.01770817 -0.17189385 -0.08217458  0.27564463 -0.05118687  0.08533077  0.00808123 -0.29460314 -0.1852788   0.0724701 ]]
R:
[[1.26398690e-02 1.06058293e-03 1.31780926e-05 9.67387199e-01 1.02638383e-03 9.75916279e-04 5.42487076e-04 5.08562254e-04 1.35529255e-02 2.29291362e-03]
 [1.76306680e-01 4.51622941e-02 5.89880086e-02 3.81622255e-01 3.33502479e-02 8.79606605e-02 4.54514995e-02 3.14533859e-02 6.50187805e-02 7.46861845e-02]
 [6.68768436e-02 1.54547896e-02 5.15393820e-03 7.89941609e-01 1.11671928e-02 3.13965455e-02 1.40497750e-02 9.26885195e-03 3.32622081e-02 2.34283432e-02]
 [1.48356944e-01 6.76013380e-02 1.17049180e-01 2.18525648e-01 5.02061136e-02 1.15269385e-01 6.74109906e-02 4.90701012e-02 8.79962146e-02 7.85140917e-02]
 [1.12215012e-01 3.01121343e-02 3.15524079e-02 5.06213367e-01 2.17047315e-02 1.10034786e-01 5.08818999e-02 2.55713034e-02 4.12265584e-02 7.04877749e-02]
 [1.63006812e-01 2.48678699e-02 9.65598971e-03 5.89519382e-01 1.97127648e-02 2.77507883e-02 1.81409102e-02 1.65937655e-02 7.79187754e-02 5.28329648e-02]
 [7.15960786e-02 7.95417465e-03 1.19645277e-03 8.17612350e-01 6.82363193e-03 1.37129715e-02 6.21705921e-03 5.13511663e-03 5.00889570e-02 1.96631309e-02]
 [8.06519017e-02 1.86735354e-02 1.56051870e-02 6.72916591e-01 1.51787512e-02 7.99893513e-02 2.46562734e-02 1.28503488e-02 4.82478291e-02 3.12302038e-02]
 [2.34994222e-04 1.13261973e-04 9.98392165e-01 2.94322526e-05 9.44771891e-05 4.42819874e-04 1.56574228e-04 2.80881097e-04 4.91678184e-05 2.06160461e-04]
 [6.76250607e-02 5.44536747e-02 3.30429643e-01 8.54828134e-02 4.50057648e-02 1.63971901e-01 8.73292536e-02 5.33801094e-02 5.29184416e-02 5.94033189e-02]
 [7.85007477e-02 5.78269958e-02 2.47914866e-01 1.40369684e-01 5.91637306e-02 1.16373770e-01 9.37631577e-02 8.05722550e-02 5.27677387e-02 7.27470219e-02]
 [2.83307854e-05 1.43026518e-05 9.99785364e-01 9.54592815e-06 1.49134939e-05 3.52439420e-05 2.45924621e-05 4.81361130e-05 8.01201168e-06 3.16453552e-05]
 [2.95159742e-02 1.59587599e-02 4.95014876e-01 3.35241482e-02 1.59941465e-02 2.80409515e-01 6.22778758e-02 2.31761392e-02 1.66672338e-02 2.74613742e-02]
 [2.07354371e-02 1.10976705e-02 8.33473146e-01 1.90475192e-02 9.72790457e-03 3.47059071e-02 2.13282593e-02 1.85730401e-02 1.16876997e-02 1.96234714e-02]
 [1.90192100e-03 1.11746660e-03 9.85157907e-01 6.29899092e-04 8.62082408e-04 2.99544819e-03 1.57513062e-03 2.26599490e-03 1.01281458e-03 2.48130248e-03]
 [1.48736611e-01 6.47076070e-02 1.08185299e-01 1.37004986e-01 5.45448437e-02 1.53290808e-01 7.24078789e-02 5.46081550e-02 9.10337269e-02 1.15480088e-01]]
cosine similarity of topic:
[[ 1.00000036e+00 -3.41199338e-05  6.48278146e-05  4.94912092e-05  1.04830178e-05 -7.58987881e-05  4.86182980e-05  1.14369041e-05 -3.55591364e-05  1.52177845e-05]
 [-3.41199338e-05  1.00000000e+00  5.30178513e-05 -3.13140226e-05 -6.89692824e-05 -2.82820110e-05  9.71353511e-05  3.72011273e-05  1.53571673e-05  2.80440563e-05]
 [ 6.48278146e-05  5.30178513e-05  1.00000012e+00  1.21964076e-05 -2.62462049e-06 -1.54269346e-05  3.83714651e-05 -1.21445055e-05  4.52248315e-07  6.04924535e-05]
 [ 4.94912092e-05 -3.13140226e-05  1.21964076e-05  1.00000000e+00 -3.29736540e-05  6.61470185e-05 -1.20094328e-05  3.78948207e-05  8.31243378e-05  3.93353948e-05]
 [ 1.04830178e-05 -6.89692824e-05 -2.62462049e-06 -3.29736540e-05  9.99999881e-01  3.12587217e-05 -2.17803445e-05 -5.85741764e-05  5.23090193e-06 -2.85100923e-05]
 [-7.58987881e-05 -2.82820110e-05 -1.54269346e-05  6.61470185e-05  3.12587217e-05  9.99999762e-01  2.53826565e-05 -6.00889944e-05  4.17187512e-05 -3.89776051e-06]
 [ 4.86182980e-05  9.71353511e-05  3.83714651e-05 -1.20094328e-05 -2.17803445e-05  2.53826565e-05  9.99999642e-01  2.91998822e-05  1.29007376e-05  5.17460940e-05]
 [ 1.14369041e-05  3.72011273e-05 -1.21445055e-05  3.78948207e-05 -5.85741764e-05 -6.00889944e-05  2.91998822e-05  1.00000024e+00  6.37321318e-06  5.68399046e-05]
 [-3.55591364e-05  1.53571673e-05  4.52248315e-07  8.31243378e-05  5.23090193e-06  4.17187512e-05  1.29007376e-05  6.37321318e-06  1.00000012e+00 -6.28638008e-05]
 [ 1.52177845e-05  2.80440563e-05  6.04924535e-05  3.93353948e-05 -2.85100923e-05 -3.89776051e-06  5.17460940e-05  5.68399046e-05 -6.28638008e-05  9.99999881e-01]]
