hidden representaion(r*topic):
[[ 2.45907053e-01 -1.46119416e-01  1.42659038e-01  4.33438309e-02 -8.58889222e-02  4.21321750e-01  5.99464357e-01 -1.43704936e-01  5.30357838e-01 -9.26892553e-03 -7.48904049e-01 -2.27874726e-01 -3.65934998e-01  3.78673345e-01 -1.93766087e-01]
 [ 2.31370836e-01 -1.37282923e-01  1.32935479e-01  3.91039141e-02 -8.70334134e-02  4.07413930e-01  5.76387882e-01 -1.36330903e-01  5.15201092e-01 -6.21073879e-03 -7.22137511e-01 -2.13859424e-01 -3.49398822e-01  3.66016269e-01 -1.84629887e-01]
 [ 2.11169347e-01 -1.24549225e-01  1.19874224e-01  3.51460502e-02 -9.03341249e-02  3.87685299e-01  5.39910257e-01 -1.27937049e-01  4.91724581e-01 -3.31282103e-03 -6.79587126e-01 -1.94160938e-01 -3.25981885e-01  3.43877673e-01 -1.70277759e-01]
 [-8.09287578e-02 -1.02188317e-02 -1.00843459e-01 -3.64346132e-02 -1.02406174e-01  2.19675824e-01  2.20828488e-01  6.92741647e-02  3.59510839e-01  1.06043391e-01 -3.15706730e-01  1.54976368e-01 -2.58673914e-02  2.62843430e-01 -2.12823525e-02]
 [-6.92591667e-02 -7.78192421e-03 -8.81413743e-02 -3.32453810e-02 -1.10240273e-01  2.17484385e-01  2.14136869e-01  4.76472341e-02  3.46251637e-01  9.68888775e-02 -3.05970103e-01  1.40202418e-01 -3.54414135e-02  2.44543627e-01 -1.87094435e-02]
 [-8.73249620e-02 -2.11789757e-02 -3.97414230e-02  1.91130519e-01 -1.19294524e-02  2.06180811e-01  1.10006027e-01  1.17813088e-02  1.97135180e-01  9.43666995e-02 -2.31284052e-01 -5.56020252e-03 -1.85084909e-01 -2.81606764e-02  2.18897611e-02]
 [-1.92447841e-01  2.30086502e-02 -1.87881693e-01 -5.85099906e-02 -1.05776303e-01  1.70348302e-01  1.14503913e-01  1.44668728e-01  3.29627097e-01  1.52322382e-01 -1.98133826e-01  2.92871326e-01  8.25584829e-02  2.49514490e-01  3.37009914e-02]
 [-1.13923974e-01  8.80466308e-03 -1.24665156e-01 -4.79369499e-02 -9.89087000e-02  1.93037987e-01  1.84476867e-01  9.46171358e-02  3.35700929e-01  1.19273394e-01 -2.73815691e-01  1.87576503e-01  7.58001255e-03  2.49012187e-01 -6.59846328e-03]
 [-1.47682607e-01  2.32647173e-04 -9.81678143e-02  1.45581126e-01 -2.47226898e-02  1.71483085e-01  6.28941953e-02  6.13904707e-02  1.96177214e-01  1.22218795e-01 -1.72931910e-01  9.62470248e-02 -9.89961848e-02  4.45120037e-04  4.58314233e-02]
 [-2.35580459e-01  3.36203650e-02 -1.68365031e-01  1.10186808e-01 -3.38797346e-02  1.17895655e-01 -2.86124088e-02  1.21135794e-01  1.63534954e-01  1.57742426e-01 -6.60403967e-02  2.15031087e-01  1.33315474e-03 -8.43875855e-03  9.02051181e-02]
 [-2.43859157e-01  5.32226562e-02 -1.92302734e-01  3.02536860e-02 -5.95724285e-02  9.26529467e-02 -2.50587948e-02  1.53251663e-01  1.84285685e-01  1.65994391e-01 -5.10276407e-02  2.75400370e-01  6.96453080e-02  5.83726838e-02  8.41348246e-02]
 [-2.64269203e-01  4.52262424e-02 -2.04370767e-01  5.87773770e-02 -5.13844974e-02  1.14862107e-01 -2.58773528e-02  1.57544971e-01  1.97402656e-01  1.76187918e-01 -6.21719770e-02  2.82708704e-01  5.84955439e-02  5.56493774e-02  9.38594043e-02]
 [-3.00704449e-01  5.15634306e-02 -2.47899011e-01  2.68360227e-03 -6.75348490e-02  9.97926518e-02 -3.26001868e-02  2.02660024e-01  2.26734951e-01  1.96989551e-01 -4.59396914e-02  3.71692330e-01  1.30171582e-01  1.20587870e-01  1.00252725e-01]
 [-2.78056264e-01  6.21704049e-02 -2.38006324e-01 -4.38981839e-02 -9.02126506e-02  9.27504376e-02 -2.02595778e-02  1.91708788e-01  2.33885765e-01  1.80632859e-01 -4.80744019e-02  3.62978280e-01  1.49342299e-01  1.49321735e-01  8.88373107e-02]
 [-3.33759516e-01  6.85920194e-02 -3.02400678e-01 -9.79996547e-02 -1.09170251e-01  1.04549207e-01 -9.62080620e-03  2.50074029e-01  3.00428301e-01  2.20832288e-01 -5.76611124e-02  4.79859501e-01  2.25412771e-01  2.50175327e-01  9.94127095e-02]]
R_hid(hidden representaion to predict r):
[[0.         0.87107706 0.         1.2349783  1.618596   0.         0.         0.         0.         0.43050316 0.38798288 0.         1.0486174  0.54357356 0.        ]
 [0.         1.1507754  0.         1.3372308  1.1742548  0.         0.         0.         0.         0.19914873 0.14378186 0.         0.9185428  0.8052225  0.        ]
 [0.         1.0680056  0.         1.1265912  1.6642808  0.         0.592936   0.         0.24876527 0.40617958 0.35398898 0.         0.8594736  0.670933   0.        ]
 [0.         0.9608426  0.91367936 0.468055   1.2406479  0.353636   1.0591893  0.         0.14881201 0.         0.55606276 0.         0.7522129  1.3664072  0.        ]
 [0.         1.5706874  0.21481335 0.7532522  0.79605556 0.36519584 0.51092845 0.         0.7562421  0.         0.05141529 0.         0.         1.1966244  0.        ]
 [0.9692077  0.         2.008663   0.         0.         0.         0.         0.         1.236197   0.         0.         1.8044484  0.         0.0629816  0.01264903]
 [0.         0.12615961 1.8914067  0.36260414 1.5874174  0.5366947  1.0692551  0.         0.66905475 0.03158366 0.674557   0.         0.         0.88167286 0.23565166]
 [0.         0.82304615 1.4373125  0.         0.69241554 0.         1.1209477  0.         0.         0.         0.7742838  0.         0.89858985 1.2987877  0.        ]
 [1.5418786  0.         1.2272016  0.         0.         0.         0.01030021 0.         0.88519245 0.         0.         0.9974977  0.         0.1564355  0.        ]
 [0.59442085 0.         1.2557886  0.         0.09824605 0.         0.66035545 0.08480646 0.         0.42253456 0.         0.54058796 0.         0.16803248 0.        ]
 [0.62229824 0.29277754 0.60950494 0.         0.         0.         0.         0.         0.         0.         0.         1.3517506  0.02608506 0.54821604 0.        ]
 [0.7942962  0.23238224 1.3879266  0.         0.         0.         0.         0.         0.08498107 0.         0.         1.2520462  0.         0.68757904 0.        ]
 [1.8546255  0.         0.24840215 0.         0.         0.33768448 0.12519553 0.         0.24087629 0.09049915 0.         0.         0.         1.1137635  0.        ]
 [0.23247652 1.249833   1.7271742  0.         0.         0.38717467 1.0572431  0.         0.26046717 0.1277744  0.         0.         0.         1.2370306  0.        ]
 [0.5007441  0.13119693 0.         0.         1.5707806  1.2098457  1.1643056  0.41902778 0.26826742 1.0016315  0.53309643 0.         0.         1.5417781  0.        ]]
topics:
[[-0.5623942   0.09545584 -0.49157652 -0.1419316  -0.12169376  0.08303901 -0.13170104  0.43097922  0.35145453  0.34064004  0.0741192   0.819151    0.42826912  0.34065294  0.19107786]
 [-0.16257657 -0.04309965  0.06236266 -0.07609371  0.03767229 -0.05351318 -0.00250107  0.02560694 -0.11935383 -0.01735744 -0.07720254 -0.05298859 -0.07803376 -0.11379107  0.04892666]
 [ 0.10343152  0.0479426   0.0042922   0.03133807  0.03064982 -0.15185621 -0.00087619  0.04754046  0.0602724   0.16990446 -0.01976297 -0.06614918 -0.07517631 -0.10828443 -0.01987891]
 [-0.06762846 -0.12437957 -0.148832    0.04209657 -0.05013624  0.07874546 -0.10890274  0.09308991  0.2700812  -0.05916991 -0.01276551 -0.05466877  0.14271057  0.03477925  0.02372564]
 [ 0.25706545 -0.15358889  0.14984146  0.04604448 -0.08515287  0.43361738  0.6198655  -0.1494314   0.54459524 -0.01061507 -0.7726778  -0.2375242  -0.379248    0.391541   -0.20112976]
 [ 0.12647933 -0.02492837  0.00906962  0.054826   -0.03757478 -0.21954441  0.05849626 -0.07848221 -0.15649404 -0.06881575 -0.03309269  0.17932427 -0.01008161 -0.20185459 -0.13393293]
 [ 0.02937809  0.26029295  0.0675476  -0.04496651 -0.12954044  0.14747292  0.1470951   0.29143798  0.0525827  -0.05881964 -0.04116275  0.03756239 -0.0494833  -0.00389184 -0.17694956]
 [-0.07272147  0.25879565 -0.06787587 -0.22425249 -0.09115531 -0.03260867  0.08613028 -0.04949081  0.01538474  0.05365172 -0.16617116 -0.12508172  0.02556195  0.04098513 -0.00895121]
 [-0.05297738  0.13416798  0.0033668  -0.02410861 -0.4662438   0.17399722 -0.2836337  -0.45053023  0.03629561 -0.09976777  0.28292987  0.08810522  0.0367807  -0.21833459  0.24852452]
 [-0.1875944  -0.00489617 -0.07100987  0.41811413  0.05593659  0.21551298 -0.059493    0.00781196  0.08872829  0.14196974 -0.09437346 -0.04458778 -0.2653298  -0.2791616   0.11669902]]
R:
[[0.00347494 0.00297569 0.00236094 0.00523738 0.96884835 0.00175204 0.00385699 0.00590627 0.00401469 0.00157266]
 [0.01142763 0.00643263 0.00500467 0.00861113 0.93424124 0.00339365 0.00655466 0.01339201 0.00855669 0.00238576]
 [0.02016081 0.01023376 0.00920202 0.01487801 0.8815617  0.00629998 0.01224267 0.01953008 0.0202615  0.00562944]
 [0.32266954 0.02488988 0.02570271 0.03701974 0.4307656  0.013725   0.03204845 0.06541126 0.03517919 0.01258861]
 [0.2992867  0.02902514 0.03273599 0.02758281 0.42555258 0.01717159 0.032004   0.06204449 0.06132324 0.01327348]
 [0.08954565 0.06976724 0.02006754 0.01427386 0.2369061  0.0312283  0.02698948 0.02132766 0.00799731 0.48189676]
 [0.45142126 0.02387465 0.02287403 0.04393259 0.28880212 0.01493018 0.02665475 0.07157139 0.03492619 0.02101287]
 [0.35001338 0.02933898 0.03132548 0.03595248 0.36928776 0.0140509  0.03705604 0.0910745  0.02651351 0.01538698]
 [0.19320329 0.05997714 0.02365923 0.02005627 0.17655604 0.0423192  0.01975877 0.03731939 0.00861326 0.4185374 ]
 [0.3014871  0.06656028 0.03652841 0.02027442 0.05222402 0.04827359 0.01774536 0.04832298 0.01855963 0.39002421]
 [0.3740696  0.06564592 0.07605816 0.02310594 0.05750642 0.03925532 0.03703427 0.06561507 0.02907984 0.2326295 ]
 [0.3872941  0.05249591 0.03777002 0.02236263 0.06464032 0.03433938 0.02112592 0.06166251 0.01708286 0.30122632]
 [0.49045914 0.05194617 0.04409253 0.02859976 0.06662546 0.03675724 0.01819307 0.05400674 0.01359284 0.19572704]
 [0.48434034 0.05338151 0.0584998  0.04413489 0.08377728 0.02597486 0.0349922  0.07926024 0.03941571 0.09622321]
 [0.6342957  0.01760195 0.04129734 0.0342408  0.12070166 0.0130842  0.01958605 0.08296556 0.02556459 0.01066221]]
cosine similarity of topic:
[[ 9.99999940e-01  4.70795712e-05  8.08156765e-05  6.73593895e-05  6.19035518e-06  1.02680126e-04  5.37054002e-05 -3.01016062e-05  7.00177497e-06  4.54174824e-06]
 [ 4.70795712e-05  1.00000012e+00  1.63971854e-05  3.70883899e-05 -5.12310871e-05  4.32385532e-05 -6.74721960e-05 -1.11514571e-04 -6.56538832e-05  6.43696985e-05]
 [ 8.08156765e-05  1.63971854e-05  1.00000024e+00 -1.08171691e-04  5.22903356e-05 -1.41973738e-04 -6.22021253e-05 -5.23910712e-05  5.11398903e-05  4.17665842e-06]
 [ 6.73593895e-05  3.70883899e-05 -1.08171691e-04  9.99999821e-01  1.57141640e-05  7.82976858e-05 -5.09192751e-06 -1.05681611e-04  5.28925284e-06  1.11932022e-04]
 [ 6.19035518e-06 -5.12310871e-05  5.22903356e-05  1.57141640e-05  1.00000048e+00  1.30994886e-05  7.25228238e-05 -2.72450998e-05  1.54328263e-05 -2.42182591e-06]
 [ 1.02680126e-04  4.32385532e-05 -1.41973738e-04  7.82976858e-05  1.30994886e-05  9.99999642e-01  6.51758746e-05 -1.01900232e-05 -2.74167287e-05  8.13577280e-05]
 [ 5.37054002e-05 -6.74721960e-05 -6.22021253e-05 -5.09192751e-06  7.25228238e-05  6.51758746e-05  1.00000000e+00  3.27652706e-05  4.30600703e-05  5.09680358e-05]
 [-3.01016062e-05 -1.11514571e-04 -5.23910712e-05 -1.05681611e-04 -2.72450998e-05 -1.01900232e-05  3.27652706e-05  1.00000036e+00 -6.94408664e-05  6.34440730e-05]
 [ 7.00177497e-06 -6.56538832e-05  5.11398903e-05  5.28925284e-06  1.54328263e-05 -2.74167287e-05  4.30600703e-05 -6.94408664e-05  1.00000036e+00  7.11574976e-05]
 [ 4.54174824e-06  6.43696985e-05  4.17665842e-06  1.11932022e-04 -2.42182591e-06  8.13577280e-05  5.09680358e-05  6.34440730e-05  7.11574976e-05  1.00000012e+00]]
