hidden representaion(r*topic):
[[ 0.26397038 -0.27261764  0.09034716  0.1658336  -0.00556696  0.19424787  0.32124373 -0.10135693  0.33378017 -0.01834747 -0.41988987 -0.24026795 -0.3343398   0.22118376 -0.05681118]
 [ 0.26402467 -0.26328933  0.09292059  0.15353645 -0.01062863  0.18842089  0.32096845 -0.09516358  0.32928836 -0.02326749 -0.4137714  -0.23390298 -0.32625404  0.22205415 -0.0635865 ]
 [ 0.25067466 -0.2218973   0.0835353   0.13424583 -0.01696924  0.16670886  0.30730483 -0.09847201  0.3028156  -0.02574249 -0.39291868 -0.19661593 -0.29763225  0.19934711 -0.07276597]
 [-0.01265453 -0.06821622 -0.01653436  0.03655662 -0.09394982  0.02548608  0.0611825  -0.01359017  0.11154585  0.03580167 -0.10769048  0.00717023 -0.04927437 -0.02649701 -0.01329706]
 [ 0.02974946 -0.03180315 -0.01431452  0.07324132 -0.00650071 -0.02404624  0.04638937  0.01086446  0.07170951  0.08626235 -0.08910064 -0.04675325 -0.07952874 -0.08444963 -0.01854937]
 [-0.04903818 -0.07293275 -0.06268492 -0.02378665 -0.04928042 -0.00592594  0.11300333  0.05617206  0.14399429  0.09633195 -0.18075058  0.04566464 -0.01545035  0.07956558 -0.02096239]
 [-0.06377201 -0.04965515 -0.05677179  0.00958747 -0.08405551 -0.00883581  0.02682853  0.02778455  0.0916882   0.05959281 -0.07381272  0.06578185  0.01687632 -0.03388833 -0.00807121]
 [-0.04576318 -0.07106572 -0.0467164   0.02701606 -0.08680906  0.01128696  0.05236601  0.01155919  0.11615006  0.06497908 -0.10390141  0.0503541  -0.01802316 -0.01197619 -0.00362792]
 [-0.01364642  0.04282916 -0.02393752 -0.10515061 -0.06920528 -0.04066079  0.10885319 -0.00350226  0.09465226  0.05069829 -0.18049839 -0.10540421 -0.02941193  0.03564852 -0.04304648]
 [-0.08996661 -0.04964101 -0.07783357 -0.0049292  -0.10180096 -0.02284196 -0.01115036  0.03675529  0.08845758  0.06434629 -0.03114243  0.101839    0.06049253 -0.04274639  0.00638021]
 [-0.11680343 -0.04672987 -0.09178087 -0.02692389 -0.13650438 -0.03456093 -0.02506615  0.03292269  0.0932586   0.08368541 -0.00720228  0.16564794  0.08602434 -0.03133648  0.02227304]
 [-0.21059577 -0.04984671 -0.17054673 -0.06655881 -0.12306034 -0.0730641  -0.03184964  0.13782376  0.11329746  0.16100143 -0.00168899  0.3016101   0.18109062  0.02692698  0.027729  ]
 [-0.13078885  0.08585092 -0.09748174 -0.17284903 -0.0867352  -0.1046274   0.054524    0.06532894  0.06418128  0.11407265 -0.11930677  0.0373754   0.09009515  0.03517559 -0.02408141]
 [-0.15541282 -0.02764196 -0.14647022 -0.05038713 -0.05925975 -0.09404681 -0.01522584  0.15832053  0.0964269   0.17292367 -0.01717649  0.20847102  0.13677688  0.00630324  0.0065359 ]
 [-0.27850667 -0.0461171  -0.242349   -0.08600578 -0.06903345 -0.12031938 -0.02820574  0.2558699   0.12435358  0.24866654 -0.00721594  0.40733424  0.25408238  0.07287007  0.02155087]]
R_hid(hidden representaion to predict r):
[[-2.01430774e+00 -4.26992893e+00 -8.16733932e+00  2.05630379e+01 -8.94488096e-01 -3.47572994e+00  2.03827405e+00 -3.31337953e+00 -1.75122464e+00  6.57899380e-01 -1.63036036e+00 -9.77612734e-01  1.01520138e+01  1.72500610e-01  2.77438211e+00]
 [-2.95068860e+00  8.86508942e-01 -5.41842604e+00  5.93917751e+00 -2.78463542e-01 -2.29278058e-01 -9.13952231e-01 -2.06840181e+00 -2.67868471e+00 -7.19740391e-01 -2.43535876e-01 -1.44553781e-02  5.34558058e+00 -5.20272374e-01  4.47478199e+00]
 [-3.50227523e+00 -1.46025270e-01  1.46367133e+00  1.00521278e+01  2.46120286e+00  4.17852163e+00 -7.31242609e+00 -4.10540462e-01  1.34977460e+00 -9.83982205e-01  5.51672876e-01  2.93518990e-01  1.11061850e+01 -2.87318397e+00  1.91627574e+00]
 [-7.22501516e-01  2.97586441e-01 -1.27819800e+00  9.88722801e-01 -3.39944452e-01 -5.74858710e-02  2.70735007e-02 -5.32240868e-01  5.09937219e-02 -4.36008811e-01 -2.36370116e-01  1.10156173e-02  3.13928843e-01  4.38082933e-01  2.85371274e-01]
 [-3.97836757e+00  8.08187675e+00 -6.90875709e-01 -2.17346621e+00  3.30743253e-01  6.93574429e-01  9.99848187e-01  7.35176980e-01  9.25646365e-01  8.38204741e-01 -1.21719491e+00 -5.42826056e-01  3.12086248e+00  1.27696395e-01 -2.25425434e+00]
 [-1.05062127e-02  4.14173931e-01 -8.66688788e-02  6.40476644e-01  2.08955574e+00 -1.84675860e+00 -1.17190349e+00 -3.95420074e-01  2.37786651e-01  6.21805489e-01 -8.74330997e-02  9.78419662e-01  2.08346769e-01 -4.09347773e-01  7.10582137e-01]
 [-4.06662710e-02 -3.90662886e-02  6.26933947e-02  6.34199977e-01 -6.06773078e-01 -2.08759904e-02  8.77221346e-01 -1.74850225e-01  6.73651695e-01  2.54798263e-01 -6.22750819e-01 -1.55137107e-01  4.19355512e-01  3.28498483e-01 -1.32003808e+00]
 [-5.21203697e-01  9.35452431e-02 -1.13236725e+00  1.70720196e+00 -2.13584661e-01 -9.99128520e-02  8.84453058e-02 -1.06446373e+00  2.44921803e-01 -4.83780876e-02 -3.39397728e-01  1.61380276e-01  2.49600291e-01  3.08150232e-01  9.47430134e-02]
 [ 1.64284229e-01 -7.50368893e-01 -2.45002985e+00  5.75288713e-01 -2.04202366e+00 -1.50035834e+00 -3.07716417e+00  1.20310676e+00 -3.58666509e-01 -3.31009150e+00 -9.12785351e-01 -1.31074619e+00  2.10052967e+00  1.87319422e+00  4.44712639e-01]
 [ 1.09458573e-01  1.62422135e-01  2.09368855e-01 -6.39065504e-02 -3.09476018e-01  2.04256214e-02  1.00353909e+00  3.58311385e-02  6.70851171e-01 -1.47117883e-01 -6.66275799e-01 -8.69967043e-01 -1.04039758e-02  1.91331163e-01 -1.83863950e+00]
 [ 9.35555249e-03 -1.51716173e-02 -9.06080753e-02 -3.88565123e-01  3.67985014e-03  3.16085875e-01  1.66445911e-01 -4.25419927e-01  2.14660704e-01 -3.86613965e-01 -5.69760442e-01  6.55293226e-01 -2.61412740e-01 -3.91136348e-01 -2.04540297e-01]
 [-3.10622871e-01 -7.32384324e-02 -6.12885892e-01  3.49898040e-01  1.46180436e-01  4.65817392e-01  2.59980056e-02 -1.04477096e+00  2.20662683e-01 -8.10004056e-01  8.50580335e-02  1.06882966e+00 -6.63295865e-01 -4.52483863e-01  2.16906890e-04]
 [ 3.83669043e+00  2.71416450e+00  1.13033974e+00 -5.57449055e+00 -3.20087194e+00 -1.20851785e-01 -1.63814247e+00  4.56484985e+00 -2.55589038e-01  6.53959799e+00 -1.71697378e-01 -5.00687790e+00  4.14914131e-01  8.78888226e+00 -2.58882356e+00]
 [-2.14809537e+00  2.14290977e+00  1.62074685e-01  1.43908337e-01  8.14957321e-01  2.33595014e-01  1.42579842e+00  3.25993896e-01  3.37472630e+00 -1.30281711e+00  3.29307222e+00 -1.15929747e+00 -3.88446003e-01  8.71574432e-02 -3.40168214e+00]
 [ 6.69574857e-01  1.82679253e+01  9.02913809e-01 -7.51482677e+00  2.30748630e+00 -3.51121545e-01  6.64932632e+00  1.21084833e+01 -3.35095882e+00 -3.02230501e+00 -3.98233557e+00  3.01720262e+00 -3.49376440e+00  1.37658319e+01 -5.43933868e+00]]
topics:
[[-0.39909387 -0.05976364 -0.32526252 -0.13169158 -0.10327012 -0.12899534 -0.03859644  0.33288202  0.15240538  0.2885978  -0.0019311   0.5823179   0.37016606  0.1366488   0.02970795]
 [-0.13528112 -0.0792876   0.07222909 -0.0927085   0.0007192  -0.04243813  0.05973368  0.01393229 -0.1234532  -0.02191377 -0.13429925 -0.04639584 -0.06465629 -0.07456528 -0.00820552]
 [ 0.05484165 -0.00713703 -0.01595266  0.03349578  0.02771437 -0.10101945  0.00222062  0.04930558  0.04867676  0.14120384 -0.02253431 -0.07094747 -0.06139379 -0.09599835 -0.00295037]
 [-0.07539976 -0.14822033 -0.13836811  0.07810902 -0.05724411  0.05462166 -0.09087533  0.08240706  0.16911426 -0.02743937 -0.00882384 -0.06630605  0.1334877  -0.0573351   0.01222964]
 [ 0.27547956 -0.2783299   0.09390097  0.1594209  -0.00674859  0.19652666  0.33040062 -0.1041315   0.34325716 -0.02342113 -0.4288603  -0.2437056  -0.33778578  0.23779912 -0.05984536]
 [ 0.07644998  0.1964567  -0.00422742 -0.04904401 -0.0884378  -0.05408708  0.13900723 -0.08863027  0.00991013 -0.04175218 -0.14029968  0.16467291 -0.00109708 -0.07662705 -0.16049422]
 [ 0.01597585  0.0996612   0.1362198  -0.04636256 -0.11945868 -0.00585356  0.14974442  0.25689793  0.00497716 -0.05319864 -0.0512957  -0.05107808 -0.05798145 -0.10606469 -0.22973834]
 [-0.05642407  0.13302833 -0.03251049 -0.19102114 -0.08203419 -0.10142033  0.08518279 -0.009857    0.03710268  0.0678777  -0.15652251 -0.11534133  0.01021374  0.00957388 -0.04085895]
 [-0.05684483 -0.09938262  0.03846233  0.00633061 -0.4044439   0.04012096 -0.25364998 -0.34147623  0.02242375 -0.10845117  0.2529542   0.05370834  0.02456725 -0.25551316  0.17764686]
 [-0.14320378 -0.07084853 -0.03536198  0.39310363  0.03635425  0.11384191 -0.00268565 -0.00323903 -0.00137789  0.16126236 -0.10265701 -0.11888997 -0.21271646 -0.36670384  0.05068015]]
R:
[[1.38902037e-08 1.15149177e-07 2.20357762e-07 2.32012985e-06 9.72498894e-01 1.63295172e-05 4.45632122e-06 6.51258370e-06 3.66421240e-08 2.74712071e-02]
 [8.65321126e-05 3.66568129e-04 1.53873742e-04 4.68935497e-04 9.58419085e-01 9.17414203e-03 2.33571902e-02 2.83422822e-04 1.77894917e-03 5.91129996e-03]
 [7.43297424e-09 6.56663701e-07 5.51388908e-08 2.42881288e-05 8.78834009e-01 1.10118955e-01 1.09015638e-02 2.89918012e-06 5.15931013e-08 1.17400385e-04]
 [1.27220735e-01 4.46139723e-02 6.72334209e-02 5.35695739e-02 2.27201983e-01 9.14957970e-02 6.99246973e-02 8.01810026e-02 1.44641161e-01 9.39176604e-02]
 [2.47527827e-02 3.74335423e-02 5.07611334e-01 5.43589741e-02 1.08278833e-01 1.23582184e-01 4.68580518e-03 4.15449438e-04 1.75200719e-02 1.21360995e-01]
 [2.63415039e-01 7.95032382e-02 6.16697408e-02 5.18275378e-03 2.93876380e-01 2.06357520e-02 1.15077815e-03 2.33124763e-01 4.50051436e-03 3.69410589e-02]
 [1.86032549e-01 7.30157793e-02 1.12651274e-01 1.12462156e-01 1.21813461e-01 1.10593334e-01 3.93282250e-02 6.54622465e-02 1.07541516e-01 7.10995123e-02]
 [2.00107798e-01 4.40901965e-02 8.11393484e-02 4.57498655e-02 2.11763799e-01 7.71822631e-02 3.44002806e-02 8.47387463e-02 1.23679362e-01 9.71483663e-02]
 [2.97296364e-02 7.30749627e-04 2.12368951e-03 6.40182346e-02 1.54661357e-01 1.46367773e-02 2.32229605e-02 6.98585153e-01 1.26229599e-03 1.10290674e-02]
 [2.21372589e-01 5.82250990e-02 1.39853239e-01 1.52978271e-01 6.78371266e-02 9.65534523e-02 3.39279361e-02 4.32213955e-02 1.45799428e-01 4.02313508e-02]
 [3.14426064e-01 1.99005045e-02 1.25038743e-01 4.64507453e-02 7.56687000e-02 8.02979767e-02 3.59325968e-02 5.32568842e-02 2.21493825e-01 2.75340080e-02]
 [5.47833383e-01 3.49925505e-03 1.25375673e-01 1.39530860e-02 4.71911356e-02 2.79596746e-02 2.48051677e-02 5.07506281e-02 1.47489995e-01 1.11421105e-02]
 [2.17041090e-01 4.33667680e-07 2.75063282e-03 1.55845145e-02 5.46718759e-09 1.66775280e-07 1.04735079e-06 7.62190759e-01 2.42287456e-03 8.47858701e-06]
 [4.22764182e-01 2.23074877e-03 3.77375215e-01 5.09725697e-02 5.73652983e-03 8.96771345e-03 3.18800062e-02 6.25427142e-02 3.34322825e-02 4.09798138e-03]
 [7.32049286e-01 2.15388258e-08 2.61745125e-01 6.02035755e-07 9.63105595e-06 1.61419177e-06 6.94681290e-08 6.19376260e-06 2.07103603e-03 4.11638152e-03]]
cosine similarity of topic:
[[ 1.00000012e+00  3.71063470e-05 -7.02523903e-05  2.83648878e-05 -6.13890188e-06  1.44694452e-04 -8.82458494e-07  1.50016085e-05 -5.05226999e-05  2.39013593e-06]
 [ 3.71063470e-05  1.00000024e+00  3.62635292e-05  1.01639780e-04  9.20655439e-05  9.93579524e-05  7.23166659e-06 -1.19859411e-04  1.69804371e-05  1.79712115e-05]
 [-7.02523903e-05  3.62635292e-05  1.00000000e+00 -9.12413379e-05  1.88819715e-04 -7.66593512e-05 -2.05979686e-05 -3.71939168e-05  2.01212861e-05 -1.70797255e-04]
 [ 2.83648878e-05  1.01639780e-04 -9.12413379e-05  1.00000024e+00  3.36725793e-06 -1.23950731e-05  1.20877912e-05  2.77721792e-05 -1.87523419e-05  2.48275774e-05]
 [-6.13890188e-06  9.20655439e-05  1.88819715e-04  3.36725793e-06  1.00000000e+00  9.92351343e-05  3.97016302e-05  8.88223531e-06 -4.25927137e-05 -5.46601259e-05]
 [ 1.44694452e-04  9.93579524e-05 -7.66593512e-05 -1.23950731e-05  9.92351343e-05  1.00000012e+00  1.14141469e-04 -3.46886154e-05 -6.78785582e-05  1.75764708e-05]
 [-8.82458494e-07  7.23166659e-06 -2.05979686e-05  1.20877912e-05  3.97016302e-05  1.14141469e-04  9.99999881e-01 -6.75892034e-06 -4.61137533e-05 -3.07994596e-05]
 [ 1.50016085e-05 -1.19859411e-04 -3.71939168e-05  2.77721792e-05  8.88223531e-06 -3.46886154e-05 -6.75892034e-06  1.00000012e+00  5.94974263e-05 -1.13094473e-04]
 [-5.05226999e-05  1.69804371e-05  2.01212861e-05 -1.87523419e-05 -4.25927137e-05 -6.78785582e-05 -4.61137533e-05  5.94974263e-05  1.00000000e+00 -1.57850372e-05]
 [ 2.39013593e-06  1.79712115e-05 -1.70797255e-04  2.48275774e-05 -5.46601259e-05  1.75764708e-05 -3.07994596e-05 -1.13094473e-04 -1.57850372e-05  1.00000024e+00]]
