hidden representaion(r*topic):
[[-4.01327193e-01 -3.38643454e-02 -2.98685431e-01 -1.32544383e-01 -1.34076282e-01 -9.84951034e-02 -1.20037846e-01  2.27547571e-01  2.50596166e-01  2.44195029e-01  1.71960890e-02  6.03208125e-01  3.91334325e-01  1.98322192e-01  1.40572444e-01]
 [-3.89411747e-01 -2.78664343e-02 -2.88365334e-01 -1.26348898e-01 -1.34601414e-01 -9.25111696e-02 -1.12459511e-01  2.24914834e-01  2.43289754e-01  2.34114960e-01  1.48900021e-02  5.85520208e-01  3.79108757e-01  1.89701095e-01  1.32622808e-01]
 [-3.76225859e-01 -2.65660714e-02 -2.79816628e-01 -1.18161812e-01 -1.32876441e-01 -8.84342566e-02 -1.07980222e-01  2.16540158e-01  2.35840589e-01  2.25598022e-01  1.17341531e-02  5.66545904e-01  3.65710467e-01  1.78351089e-01  1.27244279e-01]
 [-1.79313302e-01  5.58815449e-02 -1.11120865e-01 -1.16598215e-02 -1.31030589e-01  3.16787139e-03  7.58588547e-03  1.49413660e-01  1.19106792e-01  7.07309395e-02 -2.87399646e-02  2.55078644e-01  1.50323033e-01  2.50286814e-02  1.09120663e-02]
 [-1.88878343e-01  8.28425437e-02 -1.08108521e-01 -2.55112294e-02 -1.48588628e-01  1.27239022e-02  2.14335248e-02  1.87210381e-01  1.20077997e-01  5.98672926e-02 -2.10825093e-02  2.82267839e-01  1.71079636e-01  4.69728634e-02 -5.36400173e-03]
 [-7.44617581e-02 -8.36390629e-03  1.74994394e-02  1.97288707e-01 -1.60654411e-02  5.11029251e-02  3.98531482e-02  1.17576681e-02  3.92956659e-02  6.29056245e-02 -9.67165753e-02 -1.01446822e-01 -1.50447667e-01 -2.46308982e-01  2.20339224e-02]
 [-1.44250348e-01  6.65918291e-02 -8.07944536e-02  1.03892293e-02 -1.27699241e-01  1.90891307e-02  2.68916804e-02  1.32648647e-01  9.88740399e-02  4.58298251e-02 -3.74189615e-02  1.94596574e-01  1.06978327e-01 -6.32320717e-03 -6.76356256e-03]
 [-1.75454259e-01  7.33740404e-02 -9.65204760e-02 -5.61222248e-03 -1.35647312e-01  1.52847916e-02  2.30265837e-02  1.67115793e-01  1.12118103e-01  5.96646369e-02 -2.90722065e-02  2.44379148e-01  1.40224636e-01  1.99673194e-02 -2.83673313e-03]
 [-5.92707321e-02  3.42938937e-02  2.99896449e-02  1.73295304e-01 -4.58391979e-02  6.59045205e-02  6.48083389e-02  4.37055416e-02  3.10411993e-02  2.76087932e-02 -8.83456096e-02 -8.53295550e-02 -1.28440082e-01 -2.16197968e-01 -1.19318366e-02]
 [-4.59634587e-02  8.48213136e-02  3.99157628e-02  1.39292553e-01 -8.33371207e-02  8.12098011e-02  9.21417773e-02  8.50003660e-02  2.44668387e-02 -1.19014457e-02 -7.66189992e-02 -5.50056398e-02 -9.35712606e-02 -1.73067942e-01 -5.07485494e-02]
 [-4.72293049e-02  8.61298740e-02  3.82730588e-02  1.36059761e-01 -8.52450728e-02  8.07127431e-02  9.20574591e-02  8.72609615e-02  2.55223829e-02 -1.21726915e-02 -7.56757334e-02 -4.97874133e-02 -8.91760811e-02 -1.68832555e-01 -5.13066873e-02]
 [-5.17705679e-02  7.10149258e-02  3.42917293e-02  1.44414514e-01 -7.46888816e-02  7.56332651e-02  8.36146772e-02  7.52651840e-02  2.82554738e-02 -2.13917345e-04 -7.89565966e-02 -5.65133244e-02 -9.75839645e-02 -1.79481506e-01 -3.95939313e-02]
 [-4.12814617e-02  9.93485004e-02  4.37652990e-02  1.30776212e-01 -9.36190188e-02  8.60676989e-02  1.00405179e-01  9.62448195e-02  2.19089780e-02 -2.36549340e-02 -7.35790879e-02 -4.86042909e-02 -8.53783488e-02 -1.62333295e-01 -6.21473342e-02]
 [-6.88154623e-02  1.01574965e-01  4.33247769e-03  7.60682300e-02 -1.16237119e-01  6.62797019e-02  8.43378231e-02  1.15992002e-01  4.65267077e-02 -1.26015563e-02 -5.94611093e-02  4.19673026e-02 -1.00186653e-02 -9.29036513e-02 -5.50635383e-02]
 [-2.80504711e-02  1.45507678e-01  5.39925955e-02  1.01084605e-01 -1.27327472e-01  1.00580737e-01  1.25883937e-01  1.33185908e-01  1.51413996e-02 -6.02700114e-02 -6.32780939e-02 -2.35942714e-02 -5.56278452e-02 -1.24762513e-01 -9.79258195e-02]]
R_hid(hidden representaion to predict r):
[[4.333054   3.1984076  0.         0.         0.         4.1144214  0.         0.         0.         1.4379722  0.         0.22219928 1.0713419  0.         0.        ]
 [3.36684    2.8727021  0.         0.         0.         2.733458   0.         0.         0.         0.8869853  0.         0.         0.822086   0.         0.        ]
 [2.8103702  2.1489558  0.         0.         0.         2.1302145  0.         0.         0.         0.9524276  1.3140496  0.07014056 0.4063663  0.         0.        ]
 [1.1782146  0.9937155  0.06996953 0.         0.         0.8487898  0.11334675 0.         0.         0.28979555 0.5725782  0.         0.3651815  0.         0.13872428]
 [2.0978384  1.8617451  0.         0.         0.         1.2735732  0.         0.         0.         0.27243888 1.1564368  0.4734042  0.         0.         0.        ]
 [0.59821606 0.751566   0.         0.26032594 0.6871744  0.12261383 0.         0.         0.         0.         0.8149203  0.         0.25655773 0.24532036 0.58332247]
 [0.98198336 1.0100714  0.2251153  0.         0.         0.6036977  0.23020351 0.         0.         0.35096818 0.57778466 0.10470003 0.02492368 0.         0.05765159]
 [1.1568708  1.2478466  0.29325762 0.         0.         0.84046286 0.08501995 0.         0.         0.33143038 0.7637837  0.06759746 0.4881002  0.         0.16321507]
 [0.02874161 0.5180301  0.18758838 0.4657137  1.1783265  0.         0.35096192 0.         0.         0.         0.6149884  0.44189167 0.         0.         0.        ]
 [0.2214575  0.32211792 0.5923422  0.         0.59882224 0.01806322 0.         0.         0.         0.         0.14904842 0.         0.         0.15072076 0.69518185]
 [0.         0.42825013 0.49923924 0.         0.6512859  0.13911581 0.45745623 0.         0.         0.         0.49861652 0.         0.18820634 0.21866971 0.6686192 ]
 [0.14921612 0.4350603  0.28968483 0.         0.6437091  0.07205724 0.30960342 0.         0.         0.         0.49592292 0.         0.13640717 0.09545796 0.441456  ]
 [0.08800986 1.0046818  0.00470113 0.         1.2072939  0.10665049 0.54194015 0.         0.         0.09921412 0.73532563 0.23627831 0.         0.         1.151452  ]
 [0.6222748  0.54087186 0.         0.         0.61961186 0.2940771  0.20324118 0.         0.03605855 0.0149381  0.         0.18171833 0.18024243 0.         0.39981294]
 [0.         1.3479623  0.5590859  0.         1.876541   0.062764   1.6245755  0.         0.         0.         0.         0.         0.         0.         1.1780021 ]]
topics:
[[-4.11773443e-01 -4.01954167e-02 -3.08400750e-01 -1.37764543e-01 -1.33105725e-01 -1.04277857e-01 -1.27442658e-01  2.28857636e-01  2.57130474e-01  2.53574520e-01  1.90076791e-02  6.18996084e-01  4.02201325e-01  2.05642834e-01  1.48160756e-01]
 [-1.41809270e-01 -1.16127156e-01  1.73257798e-01 -5.40304184e-02 -8.63830280e-03 -4.82890643e-02  4.04567644e-02  1.41755780e-02 -8.18621665e-02 -2.89625730e-02 -1.09916240e-01 -2.49828994e-02 -7.28402138e-02 -7.63770118e-02  7.35942135e-03]
 [ 8.54558572e-02  4.15600277e-02 -5.97983366e-03  1.84859950e-04  1.20435134e-02 -2.31101707e-01  6.86505064e-02  1.94371361e-02  5.91433533e-02  1.55574068e-01 -3.26724723e-02 -6.50186464e-02 -5.65572567e-02 -7.89808258e-02 -1.34979151e-02]
 [-5.57965040e-02 -1.37645632e-01 -1.18652664e-01 -3.36966431e-03 -6.16385676e-02 -2.42687240e-02 -9.30456072e-02  5.66439703e-02  2.00777054e-01 -4.35219295e-02 -1.76821966e-02 -7.76144266e-02  1.42194048e-01 -6.48350269e-02  2.79974639e-02]
 [ 2.25623116e-01 -1.87039182e-01 -3.92246246e-02 -1.25439867e-01  4.07993793e-02  1.33294255e-01  3.51707757e-01 -1.80534989e-01  3.95428538e-01 -4.01479658e-03 -4.39540327e-01 -3.17923486e-01 -2.95339674e-01  2.62265325e-01 -8.62901136e-02]
 [ 7.76597559e-02  1.21178240e-01 -2.02484839e-02  1.47930428e-01 -1.34240225e-01  6.60241842e-02  1.07993118e-01  7.02384301e-03 -9.34110358e-02 -7.84188136e-02 -1.23807706e-01  2.13778630e-01  7.68929429e-04 -1.10202424e-01 -1.39091775e-01]
 [-1.14353402e-02  2.05985069e-01  6.66598231e-02  6.13565184e-02 -1.71822622e-01  1.19261660e-01  1.58929870e-01  1.82115212e-01  6.75328355e-03 -1.07884176e-01 -4.95094843e-02  1.08751003e-02 -1.53300045e-02 -7.44256377e-02 -1.44584164e-01]
 [-7.61738122e-02  1.78213269e-01 -7.08057433e-02 -1.16677798e-01 -6.41611665e-02  3.30610536e-02  6.67119399e-02 -4.59860340e-02  5.32560274e-02  5.47115840e-02 -1.50583178e-01 -9.82993990e-02  1.80445481e-02  4.74430583e-02 -1.70015432e-02]
 [-7.02864155e-02  6.44472986e-02 -1.52068660e-02  5.97384153e-03 -4.12755042e-01  5.39213903e-02 -2.04909146e-01 -4.53168213e-01  3.59601453e-02 -8.40043649e-02  2.47919187e-01  6.26346022e-02  4.44406755e-02 -1.90297201e-01  2.17414856e-01]
 [-9.30235013e-02 -9.10667628e-02  4.46240511e-03  2.56515920e-01  4.67372388e-02  2.75147110e-02 -3.37455864e-03 -5.82309403e-02  4.79397550e-02  1.25975296e-01 -1.17146008e-01 -1.58480123e-01 -2.13302389e-01 -3.21701258e-01  8.45847726e-02]]
R:
[[9.73957241e-01 3.62057229e-09 1.62891195e-06 8.74721372e-05 3.86625132e-08 3.42750223e-04 2.55276151e-02 1.24613371e-05 4.14566784e-06 6.67178756e-05]
 [9.44443464e-01 1.56715134e-06 1.23223275e-04 1.79392961e-03 7.75378703e-06 3.62019869e-03 4.82238121e-02 4.24087339e-04 1.00799574e-04 1.26112532e-03]
 [9.12036180e-01 1.17736581e-05 1.07186893e-03 9.96378995e-03 8.17773907e-05 1.77597627e-02 4.68082316e-02 1.78019982e-03 1.80698663e-03 8.67948495e-03]
 [4.14040089e-01 3.39159137e-03 1.36625180e-02 4.04060632e-02 5.69226919e-03 6.07442707e-02 3.55688781e-01 2.08051018e-02 1.56500805e-02 6.99192137e-02]
 [4.44646716e-01 3.34331446e-04 3.33399978e-03 1.66651830e-02 1.14584283e-03 2.80051455e-02 4.81657505e-01 7.25246174e-03 4.93723387e-03 1.20215854e-02]
 [1.29283164e-02 7.80895716e-05 8.07849065e-05 3.37567384e-04 1.63589837e-04 6.64671650e-04 2.75645822e-01 9.84819271e-05 1.23187201e-04 7.09879518e-01]
 [3.22753876e-01 3.99974314e-03 1.55882277e-02 4.36424688e-02 8.59261304e-03 6.62276819e-02 3.98865312e-01 2.43130103e-02 1.95659511e-02 9.64510813e-02]
 [3.99945855e-01 1.14197913e-03 6.09499170e-03 1.81300193e-02 2.58809701e-03 3.17591541e-02 4.50903177e-01 1.03738755e-02 5.99512924e-03 7.30677769e-02]
 [2.17989879e-03 4.82134019e-05 1.97824011e-05 5.58778265e-05 7.74153523e-05 1.60159922e-04 4.21522617e-01 1.87897331e-05 3.37877027e-05 5.75883389e-01]
 [4.10381937e-03 1.11764253e-04 5.79529551e-05 1.41174824e-04 1.86360558e-04 4.20663855e-04 5.91057897e-01 7.10965105e-05 1.00478872e-04 4.03748840e-01]
 [9.69191920e-03 3.24324385e-04 2.27583907e-04 4.74995526e-04 4.93523083e-04 1.37990562e-03 5.93692660e-01 2.12461935e-04 2.79301516e-04 3.93223286e-01]
 [1.18599012e-02 8.89207935e-04 4.48089791e-04 9.20254737e-04 1.20644632e-03 2.18327600e-03 5.41485190e-01 6.85602834e-04 6.60368241e-04 4.39661682e-01]
 [1.72486540e-03 9.21546416e-06 5.76019556e-06 1.80710049e-05 1.65712809e-05 8.97702848e-05 6.40652061e-01 6.03305352e-06 1.20768773e-05 3.57465714e-01]
 [1.08261347e-01 6.01521833e-03 9.90546588e-03 1.60448812e-02 8.33572354e-03 2.97413915e-02 5.94394863e-01 1.16312122e-02 9.69749782e-03 2.05972373e-01]
 [1.33428975e-05 1.04485629e-08 1.87694704e-09 7.49641949e-09 7.96976707e-09 1.03633425e-07 7.96405554e-01 1.87156335e-09 3.92321375e-09 2.03580976e-01]]
cosine similarity of topic:
[[ 1.0000000e+00 -8.1814040e-05 -1.5071270e-04 -6.6568282e-05  1.7629103e-05 -1.8404651e-05  1.1572647e-05  3.7388778e-05 -3.2754910e-05  5.7517740e-05]
 [-8.1814040e-05  9.9999958e-01 -8.1049611e-06 -3.1963609e-05  7.8429955e-05 -1.9277608e-05 -1.0658481e-05 -8.9857713e-05  2.1424914e-06  3.2866661e-05]
 [-1.5071270e-04 -8.1049611e-06  9.9999994e-01 -6.7882385e-05  9.2472992e-06  8.6361717e-05  4.3122996e-05 -1.0569393e-04  9.5127063e-05  1.2781921e-04]
 [-6.6568282e-05 -3.1963609e-05 -6.7882385e-05  9.9999988e-01 -1.5660218e-06  5.9994109e-05  2.9527115e-05 -1.7135300e-05 -4.3741562e-05 -8.5951033e-05]
 [ 1.7629103e-05  7.8429955e-05  9.2472992e-06 -1.5660218e-06  1.0000002e+00  2.1231365e-04 -5.8613019e-05  5.1216837e-05  2.3218923e-05  4.2221553e-05]
 [-1.8404651e-05 -1.9277608e-05  8.6361717e-05  5.9994109e-05  2.1231365e-04  9.9999994e-01 -1.7418302e-05 -9.6760778e-05  1.7029229e-06 -5.6380013e-06]
 [ 1.1572647e-05 -1.0658481e-05  4.3122996e-05  2.9527115e-05 -5.8613019e-05 -1.7418302e-05  1.0000000e+00 -2.6383053e-05  7.5278958e-06  6.6795401e-05]
 [ 3.7388778e-05 -8.9857713e-05 -1.0569393e-04 -1.7135300e-05  5.1216837e-05 -9.6760778e-05 -2.6383053e-05  1.0000000e+00  1.4469324e-04 -3.3851684e-05]
 [-3.2754910e-05  2.1424914e-06  9.5127063e-05 -4.3741562e-05  2.3218923e-05  1.7029229e-06  7.5278958e-06  1.4469324e-04  9.9999994e-01 -7.5603493e-05]
 [ 5.7517740e-05  3.2866661e-05  1.2781921e-04 -8.5951033e-05  4.2221553e-05 -5.6380013e-06  6.6795401e-05 -3.3851684e-05 -7.5603493e-05  1.0000002e+00]]
