hidden representaion(r*topic):
[[-3.45073253e-01 -4.67707552e-02 -2.41437122e-01 -1.85651723e-02 -1.24008812e-01  3.97047289e-02 -1.19198404e-01  2.47206360e-01  2.50532120e-01  3.05134296e-01  1.31209418e-01  5.45970142e-01  3.96646798e-01  4.49364707e-02  1.64233893e-01]
 [-3.18307638e-01 -3.74853499e-02 -2.22345620e-01 -2.77246963e-02 -1.23265728e-01  3.69287729e-02 -1.04602486e-01  2.33187631e-01  2.36936226e-01  2.85790265e-01  1.15261592e-01  5.14827907e-01  3.72445107e-01  4.48356718e-02  1.46727532e-01]
 [-2.64078975e-01 -3.72718945e-02 -1.88803032e-01 -3.25795226e-02 -1.07598841e-01  2.74101589e-02 -7.16065317e-02  1.84537485e-01  2.10725352e-01  2.41182074e-01  6.97102919e-02  4.18382406e-01  3.01885664e-01  4.09309417e-02  1.19057178e-01]
 [-1.05603099e-01  3.42894793e-02 -4.30572107e-02  1.37373842e-02 -1.13232285e-01  7.73826167e-02  1.16637740e-02  1.47159874e-01  1.32622495e-01  1.57343492e-01  1.14392359e-02  1.96152478e-01  1.19573139e-01 -5.12842238e-02  2.90206056e-02]
 [-1.37914866e-01  1.67410597e-02 -7.75295198e-02  2.06570625e-02 -9.07087401e-02  6.18167520e-02 -2.96951761e-03  1.28172740e-01  1.34787992e-01  1.77039579e-01  4.83942498e-03  2.54276812e-01  1.43297672e-01 -3.90092619e-02  4.26318422e-02]
 [ 5.02460599e-02  9.43120420e-02  8.37439895e-02  8.00308771e-04 -3.15532476e-01  9.38830227e-02 -4.63938043e-02 -1.00759730e-01  3.77410576e-02 -2.04876275e-03  1.30607754e-01  1.13746803e-02  3.86708835e-03 -1.68814689e-01  4.09116335e-02]
 [-7.25497305e-02  2.54245996e-02 -2.56569684e-02  4.34343740e-02 -8.57849270e-02  6.85688406e-02  2.44749915e-02  8.58465731e-02  1.01729639e-01  1.27618834e-01 -2.23999564e-02  1.17997847e-01  5.43271080e-02 -7.92201459e-02  1.80237405e-02]
 [-1.13269649e-01  2.50548348e-02 -4.96333390e-02  3.70181799e-02 -1.00109383e-01  7.73905069e-02  5.56776905e-03  1.27582774e-01  1.26909032e-01  1.59877688e-01  7.98610039e-03  1.75313979e-01  1.04173064e-01 -6.84984177e-02  3.98716927e-02]
 [ 6.15276843e-02  1.07444175e-01  9.72994193e-02 -8.22099485e-03 -3.25147599e-01  1.01379029e-01 -3.81931923e-02 -8.62353966e-02  3.71559225e-02 -5.10055572e-03  1.31638438e-01  8.27489421e-03  2.17757281e-03 -1.67574406e-01  3.06831039e-02]
 [ 8.49129781e-02  1.35994464e-01  1.30784824e-01 -3.49736400e-03 -2.59624928e-01  1.25921309e-01  3.84035073e-02  3.66404764e-02  4.40527983e-02  2.14783046e-02  5.87666184e-02  4.20885859e-04 -2.28756685e-02 -1.49371117e-01 -3.55781689e-02]
 [ 7.34959841e-02  1.18228771e-01  1.14063412e-01  3.81322857e-03 -2.44815737e-01  1.16603345e-01  3.30438465e-02  1.96231212e-02  4.77061830e-02  2.35310979e-02  5.09751290e-02 -5.11476025e-03 -2.44975984e-02 -1.45793840e-01 -2.46703010e-02]
 [ 6.53926507e-02  1.10165693e-01  1.06505372e-01  1.36768278e-02 -2.17901111e-01  1.15754463e-01  4.36647907e-02  3.75545658e-02  5.27605414e-02  3.44040096e-02  3.13934796e-02 -5.97989140e-03 -2.79293545e-02 -1.40893072e-01 -2.89013609e-02]
 [ 9.37183574e-02  1.51078492e-01  1.46089703e-01 -1.07243843e-03 -2.42201984e-01  1.37424782e-01  6.28452897e-02  7.97012150e-02  4.34014387e-02  3.04893665e-02  3.87824662e-02 -1.76755921e-03 -3.13626081e-02 -1.48184955e-01 -5.84886633e-02]
 [ 3.80813405e-02  9.11977068e-02  9.49080661e-02  8.07185844e-02 -1.37220219e-01  1.28427431e-01  7.33005702e-02  8.46045837e-02  5.52326031e-02  7.67938048e-02 -1.85791738e-02 -1.24554243e-02 -5.96174896e-02 -1.61985397e-01 -3.55067030e-02]
 [ 1.08974487e-01  1.73119709e-01  1.67771146e-01  5.75321261e-03 -1.61067650e-01  1.50456697e-01  1.32229909e-01  1.72230214e-01  3.52662951e-02  5.42498119e-02 -4.63206917e-02  3.01466137e-02 -4.98421676e-02 -1.25033244e-01 -1.27824470e-01]]
R_hid(hidden representaion to predict r):
[[2.7505026  0.88885915 0.83662146 0.         0.4054604  0.         3.031302   0.         0.         2.3027217  0.10552313 1.5075982  2.7105706  0.         0.32975104]
 [0.6262324  1.0467104  0.         0.         1.8256521  0.07223552 0.16551133 0.         0.         0.0607543  0.61099076 1.4601513  0.20164344 0.         0.        ]
 [0.         1.6137328  0.14694235 0.         1.9963851  0.         0.         0.         0.75562996 2.2826123  0.         2.1586354  1.7048721  0.         0.        ]
 [0.80367255 0.27642363 0.99577415 0.38105166 0.489141   0.7778639  0.         0.         0.         0.         0.         0.2778954  0.         0.         0.12045657]
 [0.         1.5093619  0.         0.         1.2369959  0.         0.         0.         0.9494686  0.266271   0.5877297  0.64993936 0.         0.         0.        ]
 [0.4415827  0.         1.0267891  1.7436618  0.         0.         0.         0.         0.         0.42156658 0.         0.         0.9105693  0.         0.18363024]
 [0.01051418 0.02175683 1.5273991  0.         0.         0.49551332 0.         0.17132969 0.         0.         0.         0.         0.         0.43441442 0.10050382]
 [0.74498147 0.         1.8404382  0.6349182  0.3246337  0.58854383 0.         0.         0.         0.         0.         0.12226746 0.         0.         0.        ]
 [0.15076451 0.4561417  0.         0.45566437 0.         0.18971743 0.67686063 0.3904366  0.         0.         1.0535386  0.         0.         1.2834462  1.7622426 ]
 [0.         0.         0.         1.0241703  0.         1.1001306  0.         1.1558292  0.4596961  0.         0.5500926  0.         0.         0.80054116 1.2621545 ]
 [0.         0.         0.         1.0874032  0.         1.0765795  0.         0.35441718 0.5958853  0.         0.13077654 0.         0.         0.         1.1400262 ]
 [0.15323152 0.         0.07952183 1.1322508  0.         0.9566174  0.         0.37463304 0.50340545 0.         0.256669   0.         0.         0.         0.88941145]
 [0.         0.2908596  0.         0.         0.         0.         0.8787329  1.0097921  0.71029836 0.         1.3278633  0.         0.         1.8560988  0.39523655]
 [0.         0.30751592 0.         0.08145325 0.         1.2581503  0.28026    0.51608    1.8051515  0.02628838 0.50170285 0.         0.         0.         0.        ]
 [0.         0.         0.         0.         0.         0.         0.5695223  0.9993298  1.3018602  0.         0.89416975 0.         0.03281446 2.146507   0.        ]]
topics:
[[-0.36788264 -0.05134917 -0.26121593 -0.03520124 -0.13156407  0.03447331 -0.13176176  0.2647485   0.26606855  0.3188303   0.1457714   0.5897752   0.43424255  0.06442638  0.1749555 ]
 [-0.14866842 -0.09850582  0.0682217  -0.01024611 -0.01684347 -0.02410943  0.04874513  0.01700953 -0.10879568 -0.07437261 -0.08407495 -0.03617977 -0.05594124 -0.09821618  0.01153702]
 [ 0.07648692  0.02867889 -0.02974298  0.01857242 -0.01573592 -0.25844133  0.06870902  0.02062868  0.04757104  0.15999159 -0.01642053 -0.07391974 -0.04576614 -0.085119   -0.01736654]
 [-0.01916906 -0.14078505 -0.07886952  0.09397968 -0.04164454  0.0372504  -0.08173588  0.07183903  0.15451154 -0.04485024  0.00834028 -0.03581339  0.12908742 -0.07905911  0.0274474 ]
 [ 0.29214653 -0.19737148 -0.00522564 -0.08573086 -0.02042614  0.10880558  0.34725696 -0.18777108  0.38100445 -0.0624649  -0.44888535 -0.33893698 -0.2980891   0.26320338 -0.09077585]
 [ 0.05749732  0.11459233  0.08609393  0.02663529 -0.03259612  0.07646204  0.10887662  0.01268728 -0.03762283  0.04690635 -0.15007757  0.24313152 -0.02245485 -0.0807775  -0.14998873]
 [ 0.13527866  0.20373869  0.203659   -0.011674   -0.19410862  0.17409462  0.15194662  0.2349121   0.04824991  0.05322793 -0.02832672 -0.00402865 -0.05309612 -0.1284903  -0.14424087]
 [-0.03240957  0.162509   -0.04714503 -0.19296224 -0.07373627  0.0143933   0.05427158 -0.05581964  0.05483199  0.0831284  -0.1413865  -0.12173881  0.01316155  0.03211187 -0.01638651]
 [-0.01893201  0.00064064 -0.01972519 -0.00566314 -0.4872328   0.02021775 -0.26050693 -0.46038032  0.02202133 -0.07669872  0.32436568  0.02086346  0.06550308 -0.2171876   0.232953  ]
 [-0.09501719 -0.08602563  0.00659518  0.4531085   0.06170708  0.14256003  0.02361313 -0.03965176  0.02493547  0.16710584 -0.05400743 -0.10726888 -0.21818846 -0.37652224  0.09530201]]
R:
[[9.32983458e-01 4.90385399e-04 6.54399744e-04 1.23606052e-03 7.82711664e-04 5.44947013e-03 1.07271252e-02 1.09763918e-02 6.76080061e-04 3.60239372e-02]
 [8.74626100e-01 1.12979198e-02 9.99669638e-03 4.21031564e-03 6.96935738e-03 2.92384718e-02 2.22257245e-02 2.26508789e-02 3.19295912e-03 1.55915525e-02]
 [7.34476566e-01 5.18013202e-02 3.21505629e-02 1.47475014e-02 3.99616547e-02 4.87925224e-02 2.19205790e-03 5.88486902e-02 5.20069897e-03 1.18285380e-02]
 [3.76035243e-01 3.06422096e-02 2.28404365e-02 2.69149560e-02 3.04925088e-02 4.18054797e-02 2.74852753e-01 8.34227428e-02 1.32028321e-02 9.97908562e-02]
 [4.29920644e-01 1.85284391e-02 2.78708152e-02 9.06184409e-03 3.07110529e-02 1.52394876e-01 1.25353515e-01 8.54761228e-02 7.71651417e-03 1.12966180e-01]
 [8.96652602e-03 2.63138278e-03 6.58167014e-03 7.51913758e-03 2.94184219e-03 1.54556176e-02 4.65181053e-01 9.49790049e-03 4.59115684e-01 2.21091863e-02]
 [2.47038960e-01 3.86213437e-02 3.95461507e-02 4.97778952e-02 3.67404483e-02 9.55320597e-02 1.88368455e-01 1.20764844e-01 2.17411388e-02 1.61868632e-01]
 [3.56132090e-01 2.59630717e-02 1.82019565e-02 3.11768427e-02 2.41176561e-02 3.27459723e-02 2.27791712e-01 1.10752270e-01 1.45242410e-02 1.58594206e-01]
 [3.01531213e-03 1.05995848e-03 1.43424422e-03 1.11861620e-03 1.59063016e-03 2.56113638e-03 5.25905132e-01 4.02185041e-03 4.56352860e-01 2.94028572e-03]
 [4.66976082e-03 3.65859503e-03 4.80204308e-03 4.73669218e-03 8.14948324e-03 7.32379174e-03 6.74158454e-01 1.20548196e-02 2.62009740e-01 1.84366629e-02]
 [8.56168009e-03 1.05067287e-02 1.04199499e-02 1.43780308e-02 1.83690879e-02 1.03432070e-02 6.01060390e-01 2.86723468e-02 2.57991016e-01 3.96975614e-02]
 [1.95577703e-02 1.48026766e-02 1.38182817e-02 2.33635232e-02 2.35930793e-02 1.17259780e-02 5.77455044e-01 4.10733745e-02 2.09224999e-01 6.53853193e-02]
 [2.19177012e-03 9.86748608e-04 1.61414209e-03 2.39091832e-03 2.73658964e-03 6.45491853e-03 7.40643322e-01 1.57847889e-02 2.01472327e-01 2.57243887e-02]
 [4.02207710e-02 1.23085938e-02 1.00942589e-02 1.21343564e-02 2.17524190e-02 1.85909402e-02 5.26523292e-01 6.04551882e-02 7.60194883e-02 2.21900627e-01]
 [2.04273663e-03 1.11793075e-03 1.62028312e-03 2.16857740e-03 3.72460624e-03 1.59568384e-01 7.64480948e-01 1.83325261e-02 1.55564211e-02 3.13875824e-02]]
cosine similarity of topic:
[[ 9.99999642e-01  1.00208585e-04 -1.48465668e-04  1.80410752e-05 -1.91668423e-05 -2.07211997e-06  4.21990735e-05  6.54978794e-05  2.72450852e-05  4.23413294e-05]
 [ 1.00208585e-04  9.99999762e-01  4.10202811e-05  8.00877242e-05 -4.13514827e-05  1.98367969e-04  9.15324636e-05  6.41957877e-06  2.82731162e-05  6.20090486e-06]
 [-1.48465668e-04  4.10202811e-05  1.00000000e+00  6.24552704e-05 -7.58987608e-06 -8.67750932e-05  1.48192514e-04  7.52412743e-05  1.53312212e-04 -2.48577970e-04]
 [ 1.80410752e-05  8.00877242e-05  6.24552704e-05  1.00000012e+00 -8.81932865e-05  6.76874333e-05  2.69085886e-05  8.18313347e-05 -1.65754682e-05  5.48624439e-06]
 [-1.91668423e-05 -4.13514827e-05 -7.58987608e-06 -8.81932865e-05  9.99999821e-01  2.54193837e-05  2.38670455e-05  2.59478566e-05 -4.42710843e-05  4.69979168e-05]
 [-2.07211997e-06  1.98367969e-04 -8.67750932e-05  6.76874333e-05  2.54193837e-05  9.99999583e-01 -3.11878503e-05  5.13380364e-05  7.86996316e-06 -5.15613247e-05]
 [ 4.21990735e-05  9.15324636e-05  1.48192514e-04  2.69085886e-05  2.38670455e-05 -3.11878503e-05  1.00000000e+00 -6.78984679e-06  8.80599328e-06  4.85810015e-05]
 [ 6.54978794e-05  6.41957877e-06  7.52412743e-05  8.18313347e-05  2.59478566e-05  5.13380364e-05 -6.78984679e-06  9.99999821e-01 -1.47479732e-04 -1.71110732e-05]
 [ 2.72450852e-05  2.82731162e-05  1.53312212e-04 -1.65754682e-05 -4.42710843e-05  7.86996316e-06  8.80599328e-06 -1.47479732e-04  9.99999940e-01  5.34316350e-05]
 [ 4.23413294e-05  6.20090486e-06 -2.48577970e-04  5.48624439e-06  4.69979168e-05 -5.15613247e-05  4.85810015e-05 -1.71110732e-05  5.34316350e-05  1.00000012e+00]]
