hidden representaion(r*topic):
[[ 1.28746375e-01  1.56133786e-01  2.08757609e-01  4.02741194e-01  5.49565069e-02 -1.76323224e-02  2.88151447e-02 -9.03977975e-02  2.30810605e-02 -1.72389988e-02 -1.60698533e-01 -8.76969397e-02 -3.27937692e-01 -2.79217154e-01 -1.58651799e-01]
 [ 1.21457987e-01  1.26743004e-01  2.02660799e-01  3.59858662e-01  3.73279378e-02 -1.48527455e-02  2.55381633e-02 -9.23677310e-02  2.11619232e-02 -2.30921395e-02 -1.37712672e-01 -7.72113129e-02 -2.98956811e-01 -2.62192428e-01 -1.51688576e-01]
 [ 1.14924163e-01  9.50151160e-02  2.00693175e-01  3.09144318e-01  2.30560619e-02 -1.19901318e-02  2.83469297e-02 -7.88440928e-02  1.85823478e-02 -3.17615792e-02 -1.13722920e-01 -6.77304640e-02 -2.66396224e-01 -2.38296419e-01 -1.52772799e-01]
 [ 5.45318425e-02 -5.90290949e-02  5.25362566e-02  1.17574111e-02 -2.85356361e-02  2.99945716e-02  1.10337742e-01 -8.83787274e-02  5.07279560e-02 -7.41383340e-03 -1.44274622e-01  2.14970261e-02 -7.00296685e-02 -6.22380823e-02 -8.39322060e-02]
 [ 9.96579677e-02 -6.61551058e-02  8.42134506e-02  4.12050784e-02 -3.84561494e-02  6.21560998e-02  1.77191719e-01 -1.00834250e-01  1.39540881e-01 -4.53554615e-02 -2.40671679e-01 -1.15882047e-01 -2.02439398e-01 -7.09142908e-03 -1.19795300e-01]
 [-1.59035847e-01 -2.19665561e-02 -1.13991410e-01 -1.71048697e-02 -4.38942090e-02 -6.90627918e-02 -7.94546753e-02  1.42276511e-01  2.05994144e-01 -1.96423940e-02  2.24895738e-02  3.15021634e-01  2.54078507e-01  9.23774019e-02 -2.75501367e-02]
 [ 9.94516909e-02  1.75007172e-02  7.55726844e-02  5.03750890e-03 -1.55620510e-02 -1.72061175e-01  5.25763184e-02  1.71060506e-02  2.70805322e-02  6.60826340e-02 -4.65028472e-02 -4.14951853e-02 -6.92125857e-02 -7.70529658e-02 -1.13102354e-01]
 [ 3.37357484e-02 -5.37849329e-02  7.80955553e-02  3.19496170e-02 -3.86283994e-02  1.42622460e-03  3.42850424e-02 -1.07243180e-01  2.84895785e-02  1.33498199e-02 -7.26986527e-02 -3.58806439e-02 -9.40145180e-02 -1.10608727e-01 -5.88877052e-02]
 [-1.78514183e-01 -3.39553766e-02 -1.20565914e-01 -2.39534173e-02 -3.84228230e-02 -7.07036629e-02 -7.79277533e-02  1.53846815e-01  2.07267180e-01 -6.47175638e-03  2.90948637e-02  3.51110399e-01  2.66852409e-01  1.04302458e-01 -2.09737569e-02]
 [-1.82575509e-01 -3.55997980e-02 -1.22323379e-01 -2.53851209e-02 -3.78793180e-02 -7.15908483e-02 -7.92129040e-02  1.56451628e-01  2.08111763e-01 -4.46718885e-03  3.13528478e-02  3.56905133e-01  2.70249575e-01  1.06602773e-01 -1.94425210e-02]
 [-1.48697525e-01 -1.54028339e-02 -1.10627241e-01 -1.33324107e-02 -4.69307229e-02 -6.81074709e-02 -8.04740712e-02  1.36244625e-01  2.05617249e-01 -2.70168148e-02  1.89949032e-02  2.95796484e-01  2.47538790e-01  8.61398652e-02 -3.11063137e-02]
 [-2.12133825e-01 -5.41689023e-02 -1.32347256e-01 -3.62076759e-02 -2.94928066e-02 -7.42897615e-02 -7.65551105e-02  1.73819810e-01  2.10144147e-01  1.61639713e-02  4.11288664e-02  4.11113411e-01  2.89070338e-01  1.24989025e-01 -9.28400084e-03]
 [-2.93599844e-01 -1.02191098e-01 -1.60476178e-01 -6.48491830e-02 -7.99772423e-03 -8.25275034e-02 -7.43267164e-02  2.22518280e-01  2.16091126e-01  6.95525333e-02  7.13469386e-02  5.57893872e-01  3.44356179e-01  1.73764527e-01  1.86856091e-02]
 [ 6.92657530e-02  2.15642713e-02 -1.41268848e-02 -5.28242206e-04 -1.60865858e-02 -1.86956480e-01  5.38272820e-02  2.68828906e-02  1.17034718e-01  9.39881280e-02 -8.15860182e-02  3.12220939e-02 -1.52670117e-02 -4.98944893e-03 -8.76498595e-02]
 [-3.44051421e-01 -1.34053782e-01 -1.71466649e-01 -8.44024867e-02  6.31364016e-03 -8.64749327e-02 -6.81432486e-02  2.49800295e-01  2.11927444e-01  1.03609368e-01  8.64301622e-02  6.41744137e-01  3.69465292e-01  2.00850055e-01  3.71166952e-02]]
R_hid(hidden representaion to predict r):
[[-1.4382643e+00  2.2040324e+00  6.3965573e+00  4.0460887e+00  2.6881733e+00  6.7463279e+00  1.3936824e+00 -2.2640085e-01 -1.4574077e+00 -1.4303541e+00 -1.4511019e+00 -1.4534054e+00 -1.3632097e+00  7.9581957e+00 -1.4268953e+00]
 [-1.3908520e+00  4.2155147e+00  5.8741789e+00  5.7377534e+00 -1.4577388e+00  1.7869501e+00 -1.4108757e+00 -1.3094276e+00 -1.4450436e+00 -1.4577388e+00 -1.4260046e+00 -1.4437690e+00 -1.4025259e+00  1.0593830e+01 -1.3773276e+00]
 [-1.3876412e+00  1.6597228e+00  5.3055634e+00  1.8329637e+00  8.7502193e+00  2.2347012e+00  1.1644000e+00 -1.2943184e+00 -1.4245923e+00 -1.9305763e-01 -1.3351854e+00 -1.3456283e+00 -1.4366755e+00  8.6972332e+00 -1.4577388e+00]
 [-8.5683274e-01  7.3791611e-01  8.1703615e-01  8.3873218e-01 -1.0244477e+00 -3.8276464e-01 -4.0224004e-01 -1.7316091e-01  3.7219606e-02  2.6715064e-01  4.8859242e-01 -1.3978574e-01 -1.4577388e+00  1.7074771e+00 -8.3648497e-01]
 [-1.3445123e+00  7.2675872e+00  1.0215082e+00  5.4048419e+00  3.2513027e+00 -1.4143804e+00 -1.2268853e+00 -1.2457749e+00 -1.4577388e+00  3.4932261e+00 -1.1901928e+00 -1.3508297e+00 -1.4359158e+00  8.6353321e+00 -4.1564238e-01]
 [ 1.8515153e+00 -1.4534721e+00 -1.2358730e+00 -1.3111013e+00 -1.4575167e+00  1.3434724e+00  2.2709355e+00  3.4961195e+00  4.2526479e+00 -1.4410162e+00  9.0893853e-01  2.5159326e+00  3.4699550e+00 -1.4351952e+00 -1.5936038e-01]
 [ 1.8413736e+00 -1.3277479e+00  7.4842013e-02 -4.1739744e-01  3.8285056e-01 -1.4577388e+00  2.3673701e+00  1.9802116e-01 -3.4451330e-01 -8.0625147e-01 -2.1816891e-01 -2.8741249e-01  7.1528614e-01 -1.1301107e+00  3.4140998e-01]
 [ 6.1289299e-01 -7.1153122e-01  7.5011665e-01 -1.4577388e+00 -1.3563215e+00  2.6287718e+00  2.1576853e+00 -8.6438107e-01 -1.4577388e+00 -1.3394543e+00 -9.7836590e-01 -3.3524537e-01  5.0708681e-01  1.0726750e-03  4.4718260e-01]
 [-1.4139593e+00 -1.4577388e+00 -1.3266265e+00  1.2224852e+00 -1.4553608e+00 -1.4267578e+00 -1.1533617e+00  2.4362473e+00 -1.4577388e+00 -5.1866478e-01  2.4318905e+00  4.4388785e+00  6.9624656e-01 -7.2727203e-03  2.4324694e+00]
 [ 3.8737988e-01 -1.4126735e+00 -1.4400539e+00 -1.1858732e+00 -1.4242893e+00 -1.2664138e+00  1.4746362e+00  2.5910616e+00  2.8089514e+00 -7.9926336e-01  3.3607144e+00  2.6433039e+00  1.4684564e+00 -1.4542198e+00  2.0872009e+00]
 [ 2.2012486e+00 -1.4404086e+00 -1.4394066e+00 -1.4302601e+00 -1.4469992e+00 -5.6970447e-01  2.4905338e+00  4.0878874e-01  4.8225055e+00 -9.3796313e-01 -1.4577388e+00  2.4874225e+00  3.7084994e+00 -1.4568965e+00  3.7917590e+00]
 [ 1.7969782e+00 -8.7015343e-01 -1.2916474e+00 -1.3692185e+00 -1.4558465e+00 -9.2696333e-01  2.1641417e+00 -1.4577388e+00  3.8397183e+00 -9.6982133e-01  3.5499163e+00  3.8171105e+00  3.1224790e+00 -1.4545918e+00  2.6931113e-01]
 [-1.3058012e+00  5.3386140e-01 -1.4396329e+00  2.0780697e+00 -1.4555402e+00 -1.4116129e+00 -1.1938355e+00  1.3775005e+00  3.4893618e+00 -1.4577388e+00  2.9487090e+00  1.5159439e+00 -1.1924545e+00  6.3969147e-01  1.5243301e+00]
 [ 8.6616135e-01  5.9312427e-01 -1.2225294e+00  4.3255836e-01 -1.4361845e+00 -1.1533352e+00  1.9202386e+00 -1.4577388e+00  2.3909931e+00 -1.0725083e+00 -1.0930117e+00  9.1059560e-01  8.7693101e-01  1.1666359e+00 -5.3396362e-01]
 [-1.4172860e+00  3.2747245e+00 -1.4577388e+00  3.7229328e+00 -1.2531666e+00 -1.4309312e+00 -4.2057401e-01  2.2366714e+00  1.1179225e+00  4.8753319e+00  4.2463034e-01 -1.4577388e+00 -3.0341437e-01 -1.2076819e+00  3.4322343e+00]]
topics:
[[-0.3533625  -0.13723189 -0.18134913 -0.08600495  0.00757178 -0.08886626 -0.07315036  0.25829148  0.22085646  0.10867462  0.09371293  0.6647743   0.3850154   0.209691    0.03931086]
 [-0.11136913 -0.04734343  0.14384243 -0.04523126 -0.02410062 -0.02130505  0.06406426  0.0179222  -0.10422905 -0.0424234  -0.09872284 -0.00344783 -0.07771618 -0.07933076 -0.0097075 ]
 [ 0.15213186  0.08994659  0.02260938  0.02265134 -0.00311728 -0.31049213  0.0308433   0.02102148  0.04276102  0.154744   -0.03859066 -0.0472585  -0.0597547  -0.08816684 -0.10658917]
 [ 0.02427448  0.08766834 -0.05087927  0.04814032 -0.09304289 -0.05058376 -0.086835    0.03313157  0.19274956 -0.14181541 -0.0440348  -0.01607873  0.13148928 -0.01834612 -0.09062758]
 [ 0.17075643 -0.14051262 -0.0383328  -0.0560702  -0.05450644  0.15902582  0.37322167 -0.1819745   0.36203894 -0.03611021 -0.5097716  -0.2718962  -0.3027284   0.1975882  -0.12770006]
 [ 0.12502114 -0.01403685  0.05781406  0.07777808 -0.00519504  0.0475034   0.20934856 -0.06178473  0.06936514 -0.05430241 -0.24023421  0.12068058 -0.07857899 -0.04620096 -0.15174837]
 [ 0.07734978 -0.10967328  0.22536117 -0.06155728  0.00281971  0.04793292  0.1529785   0.18115693  0.00514816 -0.11926933 -0.02478338 -0.01679412 -0.04879115 -0.00905684 -0.2559475 ]
 [-0.09114941 -0.14832602 -0.03929093 -0.2089533   0.01460489  0.05814846  0.08506219 -0.03126958  0.04470029  0.11300261 -0.1383568  -0.12526451  0.00202508  0.02561077  0.00814684]
 [ 0.01911511 -0.22889023  0.07269046 -0.05764056 -0.30479705 -0.03266602 -0.2112169  -0.4421646  -0.01045057 -0.04842483  0.25496274  0.06511203  0.02193291 -0.20631686  0.10791509]
 [ 0.13091306  0.16327897  0.21102305  0.4126574   0.06004414 -0.01792386  0.03112384 -0.08740686  0.02355796 -0.01656749 -0.16690521 -0.09005111 -0.33479318 -0.2823388  -0.16196865]]
R:
[[7.41505348e-15 6.41073984e-06 1.26669576e-04 4.29658709e-09 4.96376458e-07 2.28387406e-04 5.26899286e-03 2.04122649e-03 1.27997221e-02 9.79528069e-01]
 [1.43443599e-11 1.45686907e-04 2.40691501e-04 1.12647909e-08 9.26718130e-05 5.10097435e-03 5.01034819e-02 3.58478329e-03 5.29416837e-02 8.87790024e-01]
 [7.10077071e-14 4.65903286e-05 6.10456150e-03 1.60205587e-07 1.91610394e-04 1.95227494e-06 1.33993074e-01 3.80245794e-04 7.91893303e-02 7.80092478e-01]
 [3.01439618e-03 1.54784033e-02 1.49522433e-02 4.41854261e-03 1.50745166e-02 4.69825834e-01 3.22728083e-02 2.46996060e-01 1.09774880e-01 8.81922990e-02]
 [4.36343398e-04 1.15766518e-01 5.78077976e-03 2.65792223e-05 3.94484192e-01 5.49994372e-02 1.46384954e-01 5.30091068e-03 8.48941356e-02 1.91926166e-01]
 [4.85992283e-01 6.83152539e-05 4.73384949e-04 5.10913610e-01 3.69989320e-05 1.98442861e-03 1.08870631e-06 3.76814773e-04 9.97959942e-05 5.32665690e-05]
 [7.26210012e-04 8.57476220e-02 5.84762633e-01 2.96103698e-03 1.94567274e-02 6.10627409e-04 1.76811427e-01 3.86029482e-02 4.61145677e-02 4.42061611e-02]
 [1.57395902e-03 1.70220081e-02 4.78926487e-02 2.54501682e-03 1.81721256e-03 1.27583116e-01 6.56910688e-02 3.06903630e-01 1.85030848e-01 2.43940502e-01]
 [5.38380384e-01 2.62752947e-05 9.45024804e-05 4.56389844e-01 1.37559706e-04 4.91533149e-03 1.67472012e-06 2.22181443e-05 1.03978855e-05 2.18248424e-05]
 [5.47886670e-01 6.54758333e-05 2.74108985e-04 4.51581448e-01 1.61942982e-04 2.32583461e-05 8.84303461e-07 2.67623182e-06 6.39741529e-07 3.00902570e-06]
 [4.58111167e-01 4.81747011e-05 7.81045528e-05 5.41582346e-01 1.36454575e-04 4.17833180e-05 2.37183315e-07 5.20147069e-07 1.98660388e-07 1.01213209e-06]
 [6.27654552e-01 2.12696759e-04 1.11945032e-03 3.66774946e-01 1.74481119e-03 2.42910464e-03 6.09119979e-06 8.74374200e-06 1.71409647e-05 3.24920256e-05]
 [8.42578828e-01 1.22436977e-04 8.66004411e-05 1.54162556e-01 2.91457487e-04 2.75080511e-03 1.74626251e-07 9.27897020e-07 2.18812738e-06 3.94103745e-06]
 [1.42354339e-01 8.45215283e-03 6.17458999e-01 6.82030097e-02 1.26713812e-01 1.33283501e-02 1.12580424e-02 4.63849166e-04 6.74070325e-03 5.02678566e-03]
 [9.66619134e-01 2.78445482e-02 8.76270817e-04 2.10780255e-03 2.47914717e-03 5.75754239e-05 1.37363952e-06 7.74716852e-07 2.35806283e-06 1.11069676e-05]]
cosine similarity of topic:
[[ 1.0000001e+00  6.9302310e-05  2.3280327e-05  1.5060803e-04  4.5387143e-05  2.4749592e-05 -5.1079765e-05 -2.2559794e-05  6.7498713e-06 -2.2421858e-01]
 [ 6.9302310e-05  1.0000000e+00 -6.9053235e-06  1.2027632e-04  1.0943988e-01 -9.6389726e-05  3.1934655e-05  1.4958237e-04 -1.1773279e-04 -1.6888586e-04]
 [ 2.3280327e-05 -6.9053235e-06  1.0000000e+00 -7.2588031e-05 -2.2730731e-06 -6.5423781e-05  5.8705016e-05  6.3510488e-05 -5.7638139e-05 -7.6682387e-05]
 [ 1.5060803e-04  1.2027632e-04 -7.2588031e-05  1.0000004e+00 -1.2593514e-04 -5.5872674e-06 -9.3392309e-06 -1.0767278e-04  7.3810406e-05  1.0842624e-05]
 [ 4.5387143e-05  1.0943988e-01 -2.2730731e-06 -1.2593514e-04  9.9999970e-01  5.9904885e-01 -3.1864030e-05  1.0984092e-04  5.7516412e-05  2.2494398e-05]
 [ 2.4749592e-05 -9.6389726e-05 -6.5423781e-05 -5.5872674e-06  5.9904885e-01  9.9999988e-01  4.6734735e-06  1.0170578e-04 -3.4148281e-05 -3.0002357e-06]
 [-5.1079765e-05  3.1934655e-05  5.8705016e-05 -9.3392309e-06 -3.1864030e-05  4.6734735e-06  1.0000001e+00 -2.3733932e-05  9.2125174e-06 -1.8530727e-05]
 [-2.2559794e-05  1.4958237e-04  6.3510488e-05 -1.0767278e-04  1.0984092e-04  1.0170578e-04 -2.3733932e-05  9.9999988e-01  4.1202627e-05  1.9443156e-05]
 [ 6.7498713e-06 -1.1773279e-04 -5.7638139e-05  7.3810406e-05  5.7516412e-05 -3.4148281e-05  9.2125174e-06  4.1202627e-05  9.9999976e-01 -1.7149914e-05]
 [-2.2421858e-01 -1.6888586e-04 -7.6682387e-05  1.0842624e-05  2.2494398e-05 -3.0002357e-06 -1.8530727e-05  1.9443156e-05 -1.7149914e-05  1.0000004e+00]]
