hidden representaion(r*topic):
[[ 0.02887961 -0.17035067 -0.04758051  0.0656115  -0.0678211   0.01287733  0.21498375 -0.0664442   0.08786309 -0.05192861 -0.22559425 -0.17116071 -0.11652727  0.16313069 -0.03538633]
 [ 0.02806233 -0.16665931 -0.04579877  0.06432565 -0.0669283   0.01286738  0.20970276 -0.0655378   0.08604953 -0.04934266 -0.22133866 -0.16651498 -0.11492988  0.15752992 -0.03467755]
 [ 0.02095689 -0.13592938 -0.03354777  0.0507169  -0.05839368  0.01118038  0.17001791 -0.05524512  0.07445321 -0.03428989 -0.1889084  -0.13406335 -0.09786484  0.11888648 -0.02983259]
 [ 0.00744792 -0.09468931 -0.03631509  0.00938127 -0.05307208  0.00564701  0.05078717 -0.0150963   0.08142629  0.02511012 -0.08818134 -0.01215223 -0.02112656  0.03686233 -0.01968714]
 [ 0.00948358 -0.08451927 -0.02991     0.0173538  -0.04868036 -0.00239639  0.05657645 -0.02043606  0.07097709  0.03028471 -0.09058384 -0.01884262 -0.03408401  0.03002226 -0.01896006]
 [ 0.00351138 -0.11232837 -0.05692739  0.00756907 -0.05603734  0.00882965  0.05933676 -0.00229319  0.10781776  0.00988812 -0.09350631 -0.0200745  -0.00296627  0.06918903 -0.02075493]
 [-0.00033712 -0.07578897 -0.02509305  0.0061641  -0.04468647  0.00664537  0.03974719 -0.00927833  0.06999039  0.03385045 -0.081578    0.00521949 -0.02199652  0.02194496 -0.0171646 ]
 [ 0.00655847 -0.09455174 -0.0386855   0.00277033 -0.05347859  0.0063393   0.04873124 -0.01224312  0.08508614  0.01549595 -0.08649357 -0.01953782 -0.01229759  0.04103108 -0.01999678]
 [ 0.01240534 -0.04954921 -0.03062421 -0.01842907 -0.0372426  -0.03086576  0.01913768  0.00887523  0.07199882  0.05100283 -0.05200256  0.0269873   0.00927214  0.01076794 -0.02477439]
 [ 0.01689065 -0.05918441 -0.02435954 -0.0340776  -0.04504428 -0.01459233  0.0142018   0.00263241  0.07368935  0.04386843 -0.05460719  0.04190835  0.01432554  0.00687131 -0.02889845]
 [ 0.0217441  -0.08272076 -0.03283659 -0.04117719 -0.05534797 -0.01716211  0.03112111 -0.00334286  0.07506725  0.03680692 -0.07174204  0.02261675  0.01379918  0.02978893 -0.03351739]
 [ 0.01558022 -0.09408347 -0.04352658 -0.04627245 -0.06224506 -0.0207294   0.02489063  0.00339722  0.08071304  0.04957949 -0.06751855  0.04540404  0.0260934   0.04149458 -0.03212155]
 [-0.00431557 -0.08374524 -0.05814017 -0.05005412 -0.05802694 -0.02583289 -0.01280093  0.03973376  0.10161544  0.09743974 -0.03240133  0.15007052  0.06038927  0.04080245 -0.02662199]
 [-0.00233744 -0.08816633 -0.05406844 -0.03647654 -0.05681953 -0.01339139 -0.00138279  0.02652393  0.09926075  0.07600541 -0.04410145  0.10580978  0.04327098  0.036866   -0.02382975]
 [-0.00916161 -0.07788498 -0.06332988 -0.04132974 -0.05613473 -0.03036753 -0.02167984  0.04175766  0.10446873  0.10174099 -0.02131341  0.14972696  0.06384749  0.03531595 -0.02073364]]
R_hid(hidden representaion to predict r):
[[0.49466863 0.5014126  0.45750305 0.         0.         0.13826007 0.9609649  0.15608999 0.49107546 0.1877722  0.         0.         0.40841144 0.         0.43513605]
 [0.         0.6160556  0.         0.         0.         0.         0.35454884 0.07413544 0.89577883 0.09863045 0.47106987 0.         0.756478   0.         0.        ]
 [0.         0.59379333 0.         0.         0.00834518 0.         0.27230677 0.         2.1568587  0.23714623 0.         0.         1.3978682  0.         0.        ]
 [0.         0.         1.2568477  0.         1.3116481  0.80569786 0.32807145 0.         0.63543177 0.6354844  0.         0.23931637 0.         0.         0.        ]
 [0.07902882 0.04326437 0.         0.         0.         0.         0.         0.         1.5742587  0.6388035  0.         0.         0.06816409 0.         0.        ]
 [0.         0.74524707 0.89846087 0.39337173 0.30250776 1.2171326  0.2288472  1.2157936  0.06255832 0.         0.         0.         0.         0.         0.7797572 ]
 [0.         0.         0.41751656 0.         1.266158   0.96698284 0.         0.         1.3948286  0.66525465 0.         0.         0.         0.         0.        ]
 [0.07513286 0.         0.28016302 0.         1.3427546  1.0799034  0.         0.         0.7064869  0.         0.21488148 0.48500803 0.         0.         0.        ]
 [0.         0.4888002  0.57018363 3.138722   0.9614791  0.5532515  0.         0.9887047  0.         0.         0.         0.         0.         0.8004192  1.1651607 ]
 [0.32159263 0.         0.74759835 0.32985467 2.5071743  0.9470295  0.         0.2502026  0.61992556 0.         0.         0.         0.         0.         0.        ]
 [0.         0.06551799 0.3735419  0.8062299  1.6268749  1.4598496  0.6553773  0.23004037 0.         0.         0.         0.         0.         0.         0.        ]
 [0.         0.44032907 0.6538226  0.09666962 2.0154378  2.2727613  0.19697611 0.33601984 0.07610842 0.         0.         0.         0.         0.         0.        ]
 [0.         0.1322039  0.7719519  1.8925322  0.8365372  1.0632678  0.         0.544451   0.15007494 0.92194885 0.         0.         0.         0.18922456 0.4323908 ]
 [0.         0.14636962 0.5827745  0.653503   1.3666561  0.9465808  0.         0.         0.37994424 0.         0.         0.         0.         0.         0.4651457 ]
 [0.         0.         0.1507605  0.         0.         0.         0.03872373 0.         1.8246678  0.         0.         0.         0.         0.         0.39376768]]
topics:
[[-4.0212702e-02 -1.3568105e-01 -1.1718954e-01 -9.0978943e-02 -8.1237361e-02 -2.5142636e-02 -5.8647968e-02  1.0752840e-01  1.6420336e-01  1.7312154e-01 -1.3536739e-03  3.4192681e-01  1.4988908e-01  1.0702406e-01 -2.6842754e-02]
 [-3.7837308e-02  4.1055974e-02  7.0921004e-02 -3.1607397e-02 -9.6094767e-03  1.9439213e-02  1.6163297e-02 -1.6974533e-02 -3.0804252e-02 -3.4729512e-03 -7.9365209e-02 -1.3500932e-03 -4.5304339e-02 -4.3754213e-02 -6.1097182e-03]
 [ 4.5334533e-02  4.6413798e-02 -2.0644646e-02  9.5313583e-03  7.1223760e-03 -1.4939752e-01  2.8777367e-02  4.6242508e-03  2.3113320e-02  1.0659889e-01 -2.2132320e-02 -2.6794210e-02 -2.3415541e-02 -4.3199867e-02 -2.6564755e-02]
 [-1.6505182e-02 -7.5735509e-02 -6.6639416e-02 -2.7879635e-03 -4.2231813e-02  3.5789270e-02 -4.8562445e-02  2.6562935e-02  1.3352400e-01 -2.0071634e-03 -2.3917796e-03 -1.6205063e-02  6.3122064e-02 -1.2906274e-02  2.0075939e-03]
 [ 3.0613475e-02 -1.7954555e-01 -5.0538413e-02  7.0597820e-02 -7.0298381e-02  1.2888005e-02  2.2949819e-01 -7.0530996e-02  8.9733034e-02 -5.6920137e-02 -2.3768583e-01 -1.8300052e-01 -1.2391451e-01  1.7629054e-01 -3.6772203e-02]
 [ 8.5432619e-02  6.7495115e-02  6.8010069e-02 -4.1795161e-02  4.5628384e-02  1.8793877e-02  3.5823338e-02  1.9688945e-02  8.2162447e-02  2.9168801e-02 -6.5293059e-02  1.0125462e-01 -4.1384336e-02 -1.0050622e-01 -7.3801644e-02]
 [ 1.9714390e-01 -9.6595846e-02  9.9399850e-02 -2.4498671e-02 -6.8050958e-02  6.3135353e-04  7.9666235e-02  8.4539682e-02  4.7018040e-02 -1.0274296e-02 -3.2488771e-02 -1.0205996e-03 -4.4149183e-02 -3.2583542e-02 -1.7246106e-01]
 [ 4.2427439e-02 -7.9630069e-02 -1.2485925e-02 -6.9615051e-02 -6.8223968e-02 -4.0621944e-02  4.1691851e-02 -4.4253688e-02  2.4099389e-02  7.3835193e-03 -8.5202120e-02 -7.2454631e-02 -5.8480236e-04  1.0840160e-02 -3.8320754e-02]
 [ 8.1489787e-02 -1.3064697e-01 -7.1795341e-03  3.1180140e-03 -2.7998641e-01 -5.6056403e-02 -1.0300490e-01 -2.8018311e-01 -1.6316224e-06 -3.2189798e-02  1.1442615e-01  1.6623825e-02  3.0326026e-02 -1.0039538e-01  3.5463952e-02]
 [ 5.4862765e-03 -6.6400856e-02  4.4529033e-03  1.3232641e-01  1.3357684e-02  8.6778007e-02 -1.7935125e-02 -2.4900213e-02  4.9918864e-02  1.2615179e-01 -5.7958238e-02 -3.7959494e-02 -1.4277190e-01 -1.6933361e-01  8.0813328e-03]]
R:
[[2.99524586e-03 1.63837783e-02 2.93718348e-03 1.93732940e-02 9.39448893e-01 6.37325505e-03 5.41841844e-04 4.56704106e-03 2.12128949e-03 5.25818113e-03]
 [5.22300368e-03 2.73960307e-02 4.72708745e-03 1.77444443e-02 9.16903079e-01 6.60622027e-03 7.72087718e-04 4.77868738e-03 4.10025660e-03 1.17491260e-02]
 [1.20170219e-02 1.13641679e-01 2.52443515e-02 4.39204685e-02 7.44522333e-01 1.21947043e-02 9.69583110e-04 9.12482291e-03 9.17703658e-03 2.91879810e-02]
 [1.48197457e-01 1.03347078e-01 4.38075922e-02 1.84174731e-01 2.88065672e-01 2.62268186e-02 4.49360395e-03 7.58127272e-02 3.31462957e-02 9.27279890e-02]
 [1.31535590e-01 1.32116288e-01 1.08675793e-01 1.19343929e-01 2.98900366e-01 1.94935743e-02 3.30171082e-03 3.41921300e-02 4.02776152e-02 1.12163022e-01]
 [1.53953075e-01 3.24531794e-02 3.14313062e-02 3.56479228e-01 3.60727251e-01 2.06753947e-02 4.16992046e-03 2.80200690e-02 6.60922751e-03 5.48132788e-03]
 [1.63265213e-01 2.08091855e-01 5.62928617e-02 1.42780110e-01 2.32695773e-01 2.32455768e-02 2.83283927e-03 3.53501290e-02 2.62555443e-02 1.09190091e-01]
 [1.25911966e-01 9.82860997e-02 2.99661029e-02 2.57629812e-01 2.77624577e-01 2.58310288e-02 4.34642751e-03 1.06810048e-01 2.28432771e-02 5.07506132e-02]
 [1.70056507e-01 1.09908611e-01 2.26207733e-01 1.83416650e-01 1.01823986e-01 5.33944741e-02 1.35768559e-02 1.14415713e-01 1.07326899e-02 1.64667908e-02]
 [1.90178856e-01 9.07377973e-02 7.23767579e-02 1.43780529e-01 7.12924153e-02 1.26659885e-01 7.14397477e-03 2.47526422e-01 2.46542692e-02 2.56490707e-02]
 [1.96422100e-01 2.38822401e-02 2.46900544e-02 1.04543813e-01 1.16904005e-01 9.25127715e-02 7.16773700e-03 4.10588622e-01 9.32969898e-03 1.39589934e-02]
 [2.72895664e-01 1.44110657e-02 2.30364520e-02 7.89011568e-02 1.11165844e-01 4.99363951e-02 5.80339367e-03 4.16524053e-01 9.49765742e-03 1.78282633e-02]
 [4.87889677e-01 7.02008009e-02 9.92132649e-02 6.41976148e-02 4.31078374e-02 4.87191416e-02 8.73154774e-03 1.27723247e-01 2.13684067e-02 2.88485531e-02]
 [3.89550328e-01 6.56091720e-02 6.04045987e-02 1.36733234e-01 8.89080390e-02 4.48204987e-02 4.35265014e-03 1.41467065e-01 2.03054696e-02 4.78488952e-02]
 [4.79012340e-01 7.49114454e-02 1.65697366e-01 1.27768219e-01 3.48400101e-02 1.95781700e-02 3.58018558e-03 3.31493169e-02 3.08353342e-02 3.06276437e-02]]
cosine similarity of topic:
[[ 1.0000004e+00  1.6991131e-04  8.2418323e-05  9.9759083e-05 -9.3797222e-05  5.5948272e-05 -7.3398696e-05 -8.0395024e-05 -2.1846965e-05  1.2461527e-04]
 [ 1.6991131e-04  1.0000000e+00 -5.2378140e-04  1.4960766e-04  6.7055225e-05 -1.3184734e-05 -1.0173209e-04 -1.0932423e-04 -6.7653600e-05 -4.1857362e-05]
 [ 8.2418323e-05 -5.2378140e-04  1.0000002e+00  8.5972250e-05 -3.5258383e-04 -1.0402524e-04 -1.6875565e-06 -8.4778294e-05  1.2706965e-05  7.0632435e-05]
 [ 9.9759083e-05  1.4960766e-04  8.5972250e-05  1.0000005e+00  1.0211766e-04 -1.1555734e-04  1.0998547e-04  2.8528227e-04  1.8365658e-04 -8.1881415e-05]
 [-9.3797222e-05  6.7055225e-05 -3.5258383e-04  1.0211766e-04  1.0000002e+00 -1.0719709e-04  5.9238402e-05 -2.0137057e-05 -1.4513545e-04 -1.7508818e-04]
 [ 5.5948272e-05 -1.3184734e-05 -1.0402524e-04 -1.1555734e-04 -1.0719709e-04  1.0000002e+00  1.4852267e-04  3.9504841e-05  1.1001248e-04 -1.2642704e-05]
 [-7.3398696e-05 -1.0173209e-04 -1.6875565e-06  1.0998547e-04  5.9238402e-05  1.4852267e-04  9.9999982e-01 -3.9895996e-05 -1.2186763e-04  1.3570487e-04]
 [-8.0395024e-05 -1.0932423e-04 -8.4778294e-05  2.8528227e-04 -2.0137057e-05  3.9504841e-05 -3.9895996e-05  1.0000000e+00 -1.6268715e-04  3.6649406e-05]
 [-2.1846965e-05 -6.7653600e-05  1.2706965e-05  1.8365658e-04 -1.4513545e-04  1.1001248e-04 -1.2186763e-04 -1.6268715e-04  1.0000000e+00 -4.5016408e-05]
 [ 1.2461527e-04 -4.1857362e-05  7.0632435e-05 -8.1881415e-05 -1.7508818e-04 -1.2642704e-05  1.3570487e-04  3.6649406e-05 -4.5016408e-05  1.0000000e+00]]
