hidden representaion(r*topic):
[[ 0.5097976  -0.6612854   0.4024771   1.9975673  -0.03992869  2.7741363   0.16282879  1.3756565  -1.6786493   0.14247376 -1.174211    0.6531766  -1.3671756   1.1540908   1.4813298 ]
 [ 1.0890391  -1.3179045   1.0645902   1.3168049  -0.33620042  1.9983438  -1.0394311   2.3600297  -1.350211    0.34508154 -0.21886568  0.27422342 -2.1700897   0.93968904  0.5092763 ]
 [ 1.033194   -0.17468305 -0.00396034  1.893307   -0.7341191   2.2119977  -0.15447302  1.4346484  -2.0853739   0.46465206 -0.23599331 -0.21145725 -1.2408745   0.9956071   1.3389702 ]
 [ 0.09822768 -0.19424593  1.0939412   3.2521763  -0.55737865  2.5215096   2.1015477  -0.69895315  0.5430478   0.9234073  -1.2647847   0.46926495 -1.9667969  -1.5015192   1.5842004 ]
 [-0.7258595   0.06952399  1.6291124   3.2578807   0.4601205   2.2290144   1.8935897  -0.8790153   0.7992476   0.79305995 -2.2054882   0.7209078  -0.8392813  -0.5307871   0.4028163 ]
 [-1.0632914  -0.0588659   2.166634    3.3513455   0.5283216   2.0212553   2.1794577  -1.0907944   1.7018712   0.8310089  -2.4379845   0.95318747 -1.1615304  -1.1409782  -0.09229499]
 [ 2.0334125  -1.336852    1.5339969   1.772933   -0.61973584  1.9483185  -0.6928199   0.9391772  -0.6864999   1.5998323   0.32978395 -1.2271031  -1.7036679  -0.6091702   0.6857384 ]
 [ 1.5100145  -1.7802944   1.9469249   2.4639182  -1.6058881   2.4176822   0.4096498   0.13343051 -0.17485538  0.9196168  -0.277258   -0.35864788 -2.5396018  -1.4308642   0.7410112 ]
 [ 2.052499   -2.0160375   2.0273962   2.3782299  -1.1421585   2.4247274  -0.24818808  0.37104195 -0.44789654  1.3147303   0.16517961 -0.6873227  -2.4711585  -1.0269043   0.9806868 ]
 [ 0.10623541  0.5492498  -0.5930941   0.6118948  -0.96229374  1.1955632   0.05074739  1.7573469  -1.2980864  -1.0065616  -1.1581899   0.388732   -0.45461503  0.33505717 -0.29759312]
 [-0.7791209   1.25314    -0.43364847  1.832998   -0.83880234  1.5483758   1.541156    0.52515966 -0.7313885  -0.5100271  -1.7869828   0.5732881  -0.3023492  -0.02895802  0.16816083]
 [-0.53093535  0.13183376 -0.08297271  1.4468557  -0.8034019   2.1400354   1.3916119   1.0238745  -0.33355486 -1.0114378  -2.0682108   1.3066785  -1.2904295  -0.43966934  0.378645  ]
 [ 0.56251913  0.2530084   0.14402698  0.9983705  -2.0469117   0.8840155   0.38826227  0.77043045 -0.5078854  -0.58298296 -0.70433855 -0.36114734 -0.78676355 -1.1338682  -0.9160289 ]
 [ 0.30256528 -1.3301126   2.0122302   0.9471029  -1.1847552   0.66589594 -0.20439045  0.08048356  0.38640496 -0.9565192  -1.6465912   0.43118498 -0.5946958  -1.4280434  -1.5981457 ]
 [ 0.6985013   0.75752115  0.08188289  1.3254073  -1.8467257   0.6135119   0.500871    0.03215626 -0.5284689  -0.07909834 -0.537246   -0.979015   -0.01734081 -1.2379498  -0.8199693 ]]
R_hid(hidden representaion to predict r):
[[0.         1.0530732  0.         0.         0.34073976 0.         1.3268201  0.         1.6324463  0.8325656  0.         1.7921417  0.         0.         0.        ]
 [0.         0.18292983 0.         0.         0.29725903 0.         1.828545   1.4003404  2.2641876  1.0369449  0.         1.1161313  0.         0.         0.        ]
 [0.         1.983032   0.         0.         0.         0.         0.3081498  0.2584718  1.4426676  0.         0.         1.2304235  0.         0.         0.        ]
 [0.5674535  0.         0.15419324 0.         0.         0.         0.         0.9011623  0.         1.3139108  0.66987234 0.         0.99045837 0.19919463 0.544734  ]
 [0.         0.         0.         0.         0.         0.         0.15519282 0.38276672 0.         0.         0.77834153 0.         0.22585763 0.6650265  1.3586304 ]
 [0.03926451 0.         0.42430332 0.12792768 0.         0.18538454 1.6572212  1.9405216  0.08953687 1.8148291  2.0642533  0.         1.794365   1.0014659  0.9401505 ]
 [1.188119   0.29642233 0.9182801  0.         0.         0.36880714 0.         0.         0.08889254 0.         0.         0.24920586 0.71536684 1.3945524  1.4013841 ]
 [1.0893157  0.         1.637294   0.         0.74187815 0.50981134 0.         0.         0.         0.         0.         0.         0.         0.8229285  1.2305148 ]
 [1.1008362  0.         1.2484121  0.         0.6549696  0.         0.         0.         0.         0.         0.77868026 0.         0.         1.1292523  0.45696008]
 [0.         0.8696748  0.         0.5105198  0.         0.92658156 0.         0.42603588 0.         0.         0.         0.38078722 0.         0.         0.        ]
 [0.         0.7667225  0.         0.24899888 0.49197888 1.1311686  0.45578334 0.24031596 0.         0.         0.9853752  0.         0.0154201  0.         0.        ]
 [0.         0.54050344 0.8537679  0.3862848  0.7043177  1.154047   0.06270349 0.         0.         0.         0.16655345 0.         0.9940049  0.         0.        ]
 [0.8636317  0.02189127 0.         2.9854968  1.2726066  0.8642078  0.         0.         0.         0.         0.         0.09177335 0.         0.25480452 0.        ]
 [0.         0.         0.         0.         0.         0.         0.         0.         0.         0.         0.         0.6153043  0.86530334 0.         0.        ]
 [0.7130889  0.         0.         0.25065163 0.8296042  0.6347063  0.         0.         0.         0.         0.72548246 0.16317521 0.3457237  0.09787782 0.        ]]
topics:
[[ 2.8456163  -1.0845511   1.1974021   1.2949595   0.79030144  0.8642042  -0.76091987  0.12430874  1.6179821   1.6483965   0.97909176 -0.99687004 -1.8925117  -2.8594346   1.2209512 ]
 [ 0.6064962  -0.2535952  -2.085538   -1.7026758  -1.8123919   1.3187077  -1.7418057   6.104392   -2.8065946  -2.5463657  -0.0237509   1.5495361  -2.930409    1.6399146  -0.04541704]
 [ 1.7797759  -2.621385    1.9101437   0.06634844 -2.7994099   1.2730862  -0.53414875  0.4282203   0.52808124 -1.6175727  -1.1477944   0.03113473 -1.6499441  -2.8832433  -1.9355526 ]
 [ 1.4047682   4.402749   -1.416831    1.7820435  -2.524954   -2.1647887  -0.38663986 -0.5816594  -1.9546211   2.1758184   2.3186066  -4.6633215   2.600373   -0.28935716 -1.9047172 ]
 [-2.3195748   1.8730836  -1.455055    2.5870903   1.1696031   3.4212418   3.209165   -0.6628774  -1.5436542  -1.5067579  -4.628296    2.3127253   1.6361638   1.5531645   2.0395265 ]
 [ 3.3131077  -3.2248075   2.7878325   3.8727448  -0.5877201   3.7610095  -1.2024128   0.5689627  -2.121658    2.9778273   1.4750257  -1.1821132  -3.5371375   0.83317614  3.1256642 ]
 [ 0.5498805   1.4605695  -0.478553   -0.8121811  -0.24322294  0.07789551 -0.2992434   2.3259876   0.14445646  0.91096437 -0.60915184 -1.9564114   0.6024645  -1.3877362  -1.5547061 ]
 [-1.0875809   0.5627103   0.3975142   0.74511504 -1.3653933  -1.0727847   0.05322889  0.09592789 -1.3552601  -1.7346448  -1.4059502   1.0308564   0.6568869  -0.7884292   0.07746526]
 [-2.2805226  -1.0136014   5.072489    3.3152905   3.665601    1.1708258   0.3085716  -1.2227205   2.800323    1.0999746  -4.1673484   1.4865749   0.81834096  1.3176789  -3.333752  ]
 [-2.2733471   1.1794968   1.2424291   5.038991   -2.884908    2.9125783   6.146245   -2.2532668   2.803187    0.83092946 -2.4205403   1.370711   -3.7437253  -4.224337    1.1592127 ]]
R:
[[7.3867179e-03 2.2477257e-01 6.6404062e-04 7.4954052e-04 3.0633137e-01 3.5936457e-01 3.3668634e-02 3.8461275e-03 6.3215643e-02 7.5519125e-07]
 [1.7986396e-02 3.6147293e-01 1.4628006e-07 1.0971026e-03 1.2079540e-03 3.6009282e-01 5.9858903e-02 3.8672633e-02 1.5961091e-01 1.6625857e-07]
 [1.0857795e-03 2.3519853e-01 2.3693212e-03 1.4215080e-01 2.3717493e-01 3.7045339e-01 1.1559014e-02 6.1520050e-06 5.4458743e-10 2.1237536e-06]
 [2.3430212e-01 1.4064279e-03 1.1930747e-03 8.1547296e-05 1.9221902e-01 2.0281287e-01 1.8220238e-06 3.2946143e-02 2.5869736e-02 3.0916730e-01]
 [1.3447836e-01 1.3862739e-06 1.8249768e-04 4.1526839e-02 2.3298812e-01 1.2851462e-01 6.7546651e-05 2.4429735e-07 2.4361062e-01 2.1862976e-01]
 [1.7431371e-01 2.4340693e-04 1.8010462e-09 6.1211991e-04 1.2766796e-01 5.1012315e-02 6.9010663e-03 1.5629938e-02 3.1987017e-01 3.0374929e-01]
 [7.3024057e-02 2.2532015e-07 1.2579902e-01 2.2836901e-02 3.1569421e-03 4.4925848e-01 2.9376724e-01 2.1879442e-04 2.3908572e-02 8.0297561e-03]
 [1.1327171e-02 1.3269060e-05 3.0410302e-01 9.5886283e-04 4.6882942e-10 4.0258545e-01 7.6942012e-02 1.9442797e-02 8.1544649e-03 1.7647296e-01]
 [7.9414167e-02 8.1764270e-08 2.4985966e-01 6.4131264e-03 2.1908961e-07 4.7108263e-01 8.8915803e-02 3.6800891e-04 1.6731801e-02 8.7214500e-02]
 [3.5517275e-02 3.2818997e-01 1.6144469e-01 1.5795726e-01 2.3534472e-01 2.2837726e-04 2.8761453e-03 1.6189914e-02 5.8392417e-02 3.8591886e-03]
 [7.5294469e-03 2.0430478e-01 5.1074062e-02 1.6954543e-01 3.0413875e-01 2.7293493e-03 7.2693365e-04 2.8633123e-02 6.8557315e-02 1.6276079e-01]
 [7.4830875e-02 2.6058191e-01 1.5289195e-01 1.4762142e-04 2.8417718e-01 1.7440597e-04 4.0825678e-04 7.7405384e-05 5.4970898e-02 1.7173953e-01]
 [3.3429344e-04 1.7705245e-01 3.7031671e-01 2.2467957e-01 9.2646256e-02 2.8170749e-13 2.3523308e-04 6.1219290e-04 2.3991041e-02 1.1013222e-01]
 [5.1224379e-05 1.3581083e-02 5.1240510e-01 2.4188817e-02 4.3492701e-06 1.4665297e-02 4.2333789e-03 2.3461543e-01 1.8799922e-01 8.2561141e-03]
 [4.0163919e-02 4.2974673e-02 3.4532118e-01 3.0484173e-01 1.4883968e-01 9.0011070e-03 2.1907924e-02 1.3801912e-02 3.4069543e-04 7.2807185e-02]]
cosine similarity of topic:
[[ 1.0000006e+00 -6.9927441e-06 -3.5248406e-06  6.6831708e-06  2.3693083e-06  8.4153462e-06 -4.6869868e-06 -1.1211408e-06  2.7111807e-07 -1.6426503e-06]
 [-6.9927441e-06  9.9999964e-01  1.1832851e-06 -1.6247739e-05 -5.6243230e-06 -2.2955865e-06 -1.4972100e-06  3.5071880e-06 -4.8540805e-06  1.0725666e-06]
 [-3.5248406e-06  1.1832851e-06  9.9999970e-01 -9.2642225e-08  5.5965637e-07  4.2778338e-06 -5.7675252e-06 -2.0246096e-06 -6.1613223e-06  9.7355030e-07]
 [ 6.6831708e-06 -1.6247739e-05 -9.2642225e-08  1.0000001e+00  5.0645208e-06  4.5904990e-06 -5.6051795e-06 -9.7076800e-06 -8.0747914e-06 -6.9105672e-06]
 [ 2.3693083e-06 -5.6243230e-06  5.5965637e-07  5.0645208e-06  9.9999988e-01  4.1754956e-06 -2.8901427e-06 -9.6640633e-08  1.3266015e-06  1.1002463e-06]
 [ 8.4153462e-06 -2.2955865e-06  4.2778338e-06  4.5904990e-06  4.1754956e-06  1.0000005e+00 -6.1147321e-06 -1.0266579e-05  7.8637613e-06  2.2676304e-06]
 [-4.6869868e-06 -1.4972100e-06 -5.7675252e-06 -5.6051795e-06 -2.8901427e-06 -6.1147321e-06  9.9999982e-01 -5.2262777e-08 -6.4016012e-06 -8.2277228e-07]
 [-1.1211408e-06  3.5071880e-06 -2.0246096e-06 -9.7076800e-06 -9.6640633e-08 -1.0266579e-05 -5.2262777e-08  1.0000000e+00  6.8433378e-06  1.2120552e-05]
 [ 2.7111807e-07 -4.8540805e-06 -6.1613223e-06 -8.0747914e-06  1.3266015e-06  7.8637613e-06 -6.4016012e-06  6.8433378e-06  9.9999994e-01 -5.0147955e-06]
 [-1.6426503e-06  1.0725666e-06  9.7355030e-07 -6.9105672e-06  1.1002463e-06  2.2676304e-06 -8.2277228e-07  1.2120552e-05 -5.0147955e-06  1.0000000e+00]]
