hidden representaion(r*topic):
[[ 7.4547219e+00 -8.8624802e+00  3.9575820e+00  7.7976236e+00 -1.4939188e+00  7.5454879e+00 -2.3890057e+00  2.4467151e+00 -3.0841103e+00  5.1791778e+00 -1.7494285e+00 -1.3763226e+00 -5.9739194e+00 -1.4580131e-02  8.9069290e+00]
 [ 7.5387754e+00 -8.9739122e+00  4.0126491e+00  7.8195834e+00 -1.5372783e+00  7.5649586e+00 -2.4456227e+00  2.4957685e+00 -3.1246822e+00  5.2419777e+00 -1.6942450e+00 -1.4227536e+00 -6.0528340e+00  6.6108108e-03  8.9598398e+00]
 [ 7.5101228e+00 -8.8789062e+00  3.9894183e+00  7.7826867e+00 -1.4928433e+00  7.5174408e+00 -2.4056511e+00  2.4449675e+00 -3.0504498e+00  5.2179160e+00 -1.6514926e+00 -1.4323323e+00 -6.0069251e+00 -6.7090631e-02  8.8931665e+00]
 [ 3.1158564e+00 -8.0800116e-01 -2.1987592e-01  3.7815018e+00 -7.0568430e-01  5.3090405e+00 -9.3888342e-01  3.1453502e+00 -1.7416427e+00  8.1370854e-01 -2.1066628e+00  1.0045606e+00 -3.3141043e+00 -1.3077954e+00  3.1024692e+00]
 [ 3.4477737e+00 -9.7866899e-01 -9.8648369e-03  3.7492826e+00 -7.0558906e-01  5.1878691e+00 -1.0375875e+00  3.1237221e+00 -1.5788829e+00  1.0611508e+00 -1.5979950e+00  6.8927991e-01 -3.5102046e+00 -1.5674644e+00  3.0947394e+00]
 [ 3.6453948e+00 -1.0084704e+00  1.2751083e-01  3.7194071e+00 -6.2703031e-01  5.0577183e+00 -1.0344557e+00  2.9963090e+00 -1.3563033e+00  1.2209363e+00 -1.2176888e+00  4.5386598e-01 -3.5691133e+00 -1.8444219e+00  3.0461268e+00]
 [-5.0799090e-01 -4.8328540e-01 -1.6643562e+00  5.9955058e+00  1.6215539e-01  7.4706979e+00  1.0355169e+00  1.3966362e+00 -3.1368432e+00 -1.1753247e+00 -9.3249578e+00  4.4955788e+00 -3.1077921e-01  1.7544389e+00  5.1986518e+00]
 [-3.8733649e-01 -5.7356048e-01 -1.6235120e+00  5.9430175e+00  6.1070442e-02  7.4605861e+00  9.1407442e-01  1.5560602e+00 -3.2117660e+00 -1.1172533e+00 -9.1703587e+00  4.4265275e+00 -4.6269339e-01  1.7740965e+00  5.1837072e+00]
 [-4.6045563e-01 -5.3242850e-01 -1.6371825e+00  5.9965358e+00  1.3823932e-01  7.4728088e+00  1.0027670e+00  1.4275887e+00 -3.1530581e+00 -1.1429935e+00 -9.2787552e+00  4.4656601e+00 -3.5622984e-01  1.7564517e+00  5.2139692e+00]
 [ 3.5571690e+00 -2.9610922e+00  1.1799374e+00  6.1557884e+00  5.1624209e-01  6.1766591e+00  1.6934788e-01  3.9850199e-01 -8.8568729e-01  2.0861783e+00 -3.5146279e+00  5.9531999e-01 -2.3848546e+00 -1.4944754e+00  5.6668816e+00]
 [ 3.4634223e+00 -2.8500299e+00  1.1030015e+00  6.1138196e+00  5.1978147e-01  6.1704302e+00  1.9463263e-01  4.1772315e-01 -9.0017331e-01  2.0021815e+00 -3.5903673e+00  6.6747093e-01 -2.3325109e+00 -1.4670819e+00  5.6032438e+00]
 [ 3.4919817e+00 -2.8123615e+00  1.1881113e+00  6.1884480e+00  7.1008527e-01  6.0966368e+00  3.4722990e-01  1.0080783e-01 -6.3417089e-01  2.0836520e+00 -3.4904156e+00  5.5480552e-01 -2.1975720e+00 -1.7035213e+00  5.6262527e+00]
 [-1.4658335e-01 -1.2192605e+00 -7.6833689e-01  7.1605191e+00  1.3073642e+00  7.5064597e+00  1.9758720e+00 -7.8865075e-01 -1.8173982e+00 -3.3071816e-01 -9.3680592e+00  3.8513992e+00  4.7155309e-01  7.6971239e-01  6.2592072e+00]
 [-6.6036695e-01 -5.5168432e-01 -1.2032667e+00  6.8874011e+00  1.3375100e+00  7.4332471e+00  2.1184726e+00 -6.8391180e-01 -1.8583663e+00 -8.0144376e-01 -9.7195311e+00  4.2281723e+00  7.6167774e-01  8.6984366e-01  5.8518748e+00]
 [-8.4097159e-01 -5.8963346e-01 -1.1890608e+00  7.1459608e+00  1.5405008e+00  7.5500250e+00  2.3609915e+00 -1.0656724e+00 -1.7587829e+00 -8.2590449e-01 -1.0138112e+01  4.3545952e+00  1.0481250e+00  9.0920901e-01  6.0812492e+00]]
R_hid(hidden representaion to predict r):
[[0.         0.         0.         0.         1.6657047  0.         0.18149886 0.         0.         0.         0.26758236 0.2778193  0.7873491  1.0385689  0.        ]
 [0.         0.         0.         0.         1.7257178  0.         0.4238447  0.         0.         0.         0.10891265 0.01050573 0.9361993  1.0431702  0.        ]
 [0.         0.         0.         0.         1.5531155  0.         0.05434564 0.         0.         0.         0.18623574 0.30124137 1.0564512  1.4759471  0.        ]
 [0.         0.         0.         0.         1.0328195  0.9364496  0.7692288  0.2603207  0.         2.1017427  1.3019102  0.04015039 0.         0.         0.        ]
 [0.         0.         0.         0.13815132 0.21073507 1.0602641  0.96626866 0.92840165 0.         1.5677958  1.0405977  0.8122637  0.         0.         0.        ]
 [0.         0.         0.         0.15300767 0.38293543 1.2544514  1.2985301  1.4383053  0.         1.6279008  0.8681921  0.26645577 0.         0.         0.        ]
 [0.54530483 0.22814292 0.         0.6800075  0.         1.020263   0.         0.5397185  0.         0.41872388 0.         0.         0.         0.26879334 0.        ]
 [0.36372665 0.         0.         0.9541292  0.         0.9019102  0.         0.11258651 0.         0.5536308  0.11177286 0.         0.         0.         0.        ]
 [0.4805031  0.         0.         0.90250564 0.         0.9350293  0.         0.6878277  0.         0.7660758  0.         0.         0.         0.         0.        ]
 [0.23645255 0.         0.         0.         0.49977162 0.496307   1.6156105  0.69569254 0.         0.         1.1244249  0.         0.8846632  0.         0.        ]
 [0.30750924 0.         0.         0.         0.47875398 0.30262637 1.503976   0.7305901  0.         0.15299518 1.1216364  0.         0.94893897 0.         0.        ]
 [0.35334    0.         0.         0.         0.41934264 0.8411904  1.5992662  0.6584132  0.         0.03788269 1.3709266  0.         1.0422071  0.         0.        ]
 [0.         0.         1.4486488  0.         0.         0.7408181  0.2416054  0.62441635 0.         0.6710403  0.         0.         1.5550675  1.195222   0.29000154]
 [0.19972937 0.21996732 0.3542096  0.         0.         1.2481765  0.         0.8084705  0.         0.55960965 0.         0.         0.07643912 1.0002354  0.39147022]
 [0.         0.         1.0784721  0.         0.         1.0854383  0.         0.6999288  0.         0.29311907 0.         0.         1.5115851  0.81344455 0.49997962]]
topics:
[[ 6.11650753e+00 -8.55523467e-01  2.63001800e+00  4.28682899e+00  2.52177286e+00  2.75356007e+00  8.45077753e-01 -2.20538664e+00  4.26538277e+00  3.92141891e+00  4.10128069e+00 -3.44623470e+00 -2.57066274e+00 -7.69728518e+00  2.78322649e+00]
 [ 1.19072902e+00  3.27827525e+00 -5.42687035e+00 -3.12794518e+00 -7.68508625e+00  5.15252447e+00 -6.72913837e+00  1.63666973e+01 -9.75785637e+00 -4.06374454e+00 -1.69590795e+00  4.73033142e+00 -8.22156334e+00  4.65035152e+00 -3.09292483e+00]
 [ 9.56916094e-01 -1.34550583e+00  7.08246946e-01  1.68570280e-01 -1.44908357e+00  4.44701582e-01 -7.35901892e-02  1.01684541e-01  1.74275637e-01 -5.07968366e-01 -1.66740984e-01 -2.59187371e-02 -8.40419292e-01 -1.16862118e+00 -6.12569511e-01]
 [ 6.70355320e-01  2.05403399e+00 -6.38728201e-01  9.81248140e-01 -1.27573395e+00 -8.72661471e-01 -7.33603612e-02 -1.61178038e-01 -7.75071025e-01  8.24289262e-01  1.01689661e+00 -1.86452746e+00  1.50547636e+00 -2.13084653e-01 -6.20712936e-01]
 [-3.67006469e+00  2.03434753e+00 -2.92583418e+00  7.02984905e+00  2.47950625e+00  7.69196510e+00  3.91527486e+00 -2.15739489e+00 -1.50763965e+00 -2.86203384e+00 -1.32119741e+01  6.39434671e+00  3.38268232e+00  1.44792199e+00  5.28875828e+00]
 [ 9.43935680e+00 -1.18301477e+01  5.26657438e+00  8.46400452e+00 -2.73298001e+00  8.25294876e+00 -3.88289666e+00  3.87611604e+00 -4.44712496e+00  6.66219950e+00 -8.09803843e-01 -2.30729938e+00 -7.98257303e+00  9.15951371e-01  1.04265013e+01]
 [ 3.14958394e-01  9.00908530e-01 -2.47879997e-01 -5.11890531e-01 -1.40464991e-01  2.04527780e-01 -9.12343860e-02  8.25210989e-01  5.41777425e-02  3.02733272e-01 -2.14690223e-01 -9.77332473e-01  3.42687190e-01 -6.86353564e-01 -6.45258069e-01]
 [-6.04601502e-01  2.05907330e-01  3.19211841e-01  4.18771923e-01 -1.02974236e+00 -3.27169538e-01  8.85561258e-02  2.23007891e-02 -8.60446215e-01 -1.00802171e+00 -7.62024343e-01  5.81771433e-01  1.09506182e-01 -5.18044293e-01 -3.48851318e-03]
 [-9.20494974e-01 -2.93924958e-01  1.92025805e+00  1.26113236e+00  2.05670023e+00  3.79817933e-01  1.08374350e-01 -3.35312337e-01  9.01409566e-01  2.28445664e-01 -1.08731830e+00  4.06651080e-01  1.16985545e-01  4.70740944e-01 -1.19014764e+00]
 [-8.44102919e-01  2.54466832e-01  4.84997451e-01  2.04720616e+00 -1.38991809e+00  1.02663696e+00  2.03797102e+00 -1.11085641e+00  8.76051366e-01  2.51124620e-01 -6.26839042e-01  4.96862829e-01 -1.40492070e+00 -1.26891756e+00  4.27923471e-01]]
R:
[[1.15847193e-01 6.98115095e-04 4.12207508e-12 6.24285519e-12 1.21586911e-01 7.61867821e-01 9.10819684e-12 7.29460155e-12 7.99107221e-12 9.95463260e-12]
 [1.12969778e-01 5.30488905e-04 3.26988480e-12 5.67241046e-12 1.16009951e-01 7.70489693e-01 5.88209516e-12 5.24351179e-12 6.77709755e-12 6.35072680e-12]
 [1.21563517e-01 6.22992404e-04 6.39787355e-12 1.32574984e-11 1.15959167e-01 7.61854291e-01 1.27897007e-11 1.23231945e-11 1.52479401e-11 1.44260550e-11]
 [3.76424164e-01 2.39033714e-01 4.91121380e-11 4.53567184e-11 2.36547381e-01 1.47994712e-01 7.28978336e-11 6.28448613e-11 6.05533887e-11 4.47857376e-11]
 [4.03328776e-01 2.35846147e-01 1.32981542e-10 8.08728987e-11 2.06414580e-01 1.54410526e-01 2.07052181e-10 1.04280112e-10 1.15752311e-10 1.35863265e-10]
 [4.31972116e-01 2.30444476e-01 9.69706676e-11 8.15754478e-11 1.87478378e-01 1.50105029e-01 1.33126676e-10 6.98568009e-11 1.05639782e-10 9.09798556e-11]
 [4.16226016e-04 1.28974780e-01 4.02784368e-11 3.41704338e-11 6.77535653e-01 1.93073422e-01 4.38981386e-11 1.32550602e-11 2.60671432e-11 3.29682358e-11]
 [4.85331730e-05 1.35250971e-01 2.42330045e-10 1.87655738e-10 6.64476097e-01 2.00224400e-01 2.29739130e-10 7.82781895e-11 1.77045434e-10 2.39654879e-10]
 [1.53642599e-04 1.29458562e-01 7.58535942e-11 4.92811764e-11 6.73671722e-01 1.96716085e-01 7.91934851e-11 2.59316388e-11 4.78336953e-11 6.71166109e-11]
 [3.19101930e-01 4.18881141e-02 1.71849583e-11 3.48561562e-11 3.41459841e-01 2.97550112e-01 2.18561523e-11 1.74527510e-11 2.49518010e-11 2.02500655e-11]
 [3.17746311e-01 4.53384966e-02 1.81957522e-11 3.90264730e-11 3.46783489e-01 2.90131688e-01 2.11861761e-11 1.90178446e-11 2.86609573e-11 2.11486280e-11]
 [3.39083523e-01 3.10369432e-02 2.73276800e-11 6.52378707e-11 3.48195314e-01 2.81684190e-01 3.33985721e-11 2.45947828e-11 3.48630812e-11 2.68396277e-11]
 [6.18678667e-02 1.76355382e-03 4.42384011e-11 3.11804436e-11 7.14433908e-01 2.21934617e-01 4.46634153e-11 1.69611165e-11 3.31339747e-11 3.54344540e-11]
 [6.08341731e-02 2.24241652e-02 2.47018985e-11 1.21343907e-11 7.40887940e-01 1.75853714e-01 2.25036049e-11 1.29768011e-11 1.64127895e-11 2.24737954e-11]
 [4.87317219e-02 7.05467537e-04 9.42401018e-11 6.18719867e-11 7.71397948e-01 1.79164842e-01 9.74584857e-11 2.53708617e-11 5.36681290e-11 7.52032950e-11]]
cosine similarity of topic:
[[ 1.0000001e+00 -5.1701977e-06  5.9330418e-06 -2.2967515e-06  6.7604688e-06 -6.8402396e-06  7.9892961e-06  1.3520354e-05 -3.1787085e-06  7.3748811e-06]
 [-5.1701977e-06  9.9999994e-01 -8.5361484e-07 -6.8530079e-07 -7.6346050e-06 -7.9160172e-06 -8.6735895e-07  6.9683588e-06 -9.5362511e-06  2.4257727e-06]
 [ 5.9330418e-06 -8.5361484e-07  1.0000002e+00  8.3238456e-06 -1.4236422e-06 -2.7970179e-06 -1.4040976e-06 -3.3923450e-07 -1.3636250e-05 -3.6731316e-07]
 [-2.2967515e-06 -6.8530079e-07  8.3238456e-06  9.9999970e-01  1.2019296e-05 -1.0300730e-05  5.9078943e-06  9.5266914e-06  5.8385831e-06 -5.7785728e-06]
 [ 6.7604688e-06 -7.6346050e-06 -1.4236422e-06  1.2019296e-05  9.9999988e-01 -6.5687100e-06 -9.3025419e-06  4.0825316e-06  3.6793499e-06 -8.3433815e-06]
 [-6.8402396e-06 -7.9160172e-06 -2.7970179e-06 -1.0300730e-05 -6.5687100e-06  9.9999964e-01 -7.6134393e-06 -3.9749816e-06 -1.9564598e-06  5.2324044e-06]
 [ 7.9892961e-06 -8.6735895e-07 -1.4040976e-06  5.9078943e-06 -9.3025419e-06 -7.6134393e-06  1.0000001e+00 -1.6217215e-05  6.5181398e-06  2.4100795e-05]
 [ 1.3520354e-05  6.9683588e-06 -3.3923450e-07  9.5266914e-06  4.0825316e-06 -3.9749816e-06 -1.6217215e-05  1.0000000e+00  5.1726292e-06  4.9142702e-08]
 [-3.1787085e-06 -9.5362511e-06 -1.3636250e-05  5.8385831e-06  3.6793499e-06 -1.9564598e-06  6.5181398e-06  5.1726292e-06  9.9999964e-01 -1.9551431e-05]
 [ 7.3748811e-06  2.4257727e-06 -3.6731316e-07 -5.7785728e-06 -8.3433815e-06  5.2324044e-06  2.4100795e-05  4.9142702e-08 -1.9551431e-05  1.0000004e+00]]
