hidden representaion(r*topic):
[[-0.6201834   0.19692862  1.4466273   4.4210243  -2.5807607   1.3334694   1.3326453  -0.94543827 -1.1822877   0.03093913 -1.6085918   0.5013887  -1.6322396  -2.5270257   1.3211076 ]
 [-0.35921615  0.6537957   1.3553603   4.612384   -2.6529555   1.3700973   1.731247   -1.417553   -0.85302234  0.64376783 -1.1649239  -0.11372954 -1.422208   -2.5772512   1.039725  ]
 [-0.51808286  0.37900862  1.5012825   4.6351547  -2.6139865   1.5434976   1.8643558  -1.4729273  -0.8079449   0.44852152 -1.4149536   0.23560837 -1.6842325  -2.7083206   1.2171288 ]
 [-0.61674595  1.7699782   1.7599553   4.5479383  -0.83706635  0.67016274  1.0987881  -1.092732   -0.03289917  1.2871183  -1.438504   -1.2827647   0.7627459  -0.56520975 -1.3739452 ]
 [-0.6199405   2.0682492   1.2058784   4.3545165  -1.055941    0.49058264  0.9267233  -0.62187535 -0.52574164  0.95005476 -1.3533787  -1.2950623   1.0521781  -0.45717552 -1.128846  ]
 [-0.8639429   1.668533    1.8665512   4.6501007  -0.5111065   1.0793512   1.5954442  -1.2230517   0.18668091  1.176896   -1.8055227  -0.9715423   0.7275766  -0.44948018 -1.3070478 ]
 [-1.4892482   2.806301   -0.3162871   4.355078   -2.4815745   0.72108567  2.8297212  -1.2771708  -0.89665365 -0.4417357  -1.6602671  -0.3981972   0.6606663  -2.1820052   0.1867223 ]
 [-1.592428    2.5799372  -0.03884745  4.5415497  -2.6656666   0.90031946  3.2867675  -1.8897505  -0.5227009  -0.35986385 -1.7306619  -0.21320951  0.17312217 -2.7437463   0.27000397]
 [-1.5381205   2.6318355  -0.05098498  4.496375   -2.7639418   0.6926615   3.071621   -1.8564432  -0.57177556 -0.338854   -1.6229792  -0.33204255  0.22054958 -2.7852993   0.16718067]
 [ 0.0805081   1.0794202   1.347978    4.180366   -1.6932863   0.5817965  -0.08707863  0.05066538 -1.384985    0.97694546 -0.90172035 -1.0142345   0.02197868 -0.7280383  -0.02755824]
 [ 0.36501008  1.5445744   0.86032635  4.0243287  -1.7372171   0.35229743 -0.45121104  0.5651293  -1.8032775   1.0921607  -0.52706116 -1.4818325   0.56828105 -0.27832735 -0.06662127]
 [ 0.2514928   1.5771353   0.87750494  4.050723   -1.9512361   0.20588996 -0.3398064   0.29243225 -1.6825033   1.0098363  -0.5342182  -1.4424341   0.44444147 -0.641124   -0.1238063 ]
 [ 1.0728179   5.4254866  -1.6673486   3.7811654  -3.7214258  -2.3358521  -0.61253923 -0.13672724 -2.0516522   2.0412912   2.0123467  -4.851984    3.1685855  -1.0482911  -1.870558  ]
 [ 0.02353895  4.2181907  -0.99467987  3.9710608  -3.368817   -1.3057246   0.530561   -0.62857497 -1.6039245   0.9588348   0.53361607 -2.9913716   1.9915875  -1.7105064  -1.0756265 ]
 [ 0.9920293   4.452321   -1.0476267   3.9538383  -3.448613   -1.5286388  -0.2740367  -0.270971   -1.8810601   1.9727769   1.5367541  -4.0651894   2.2810113  -1.1648579  -1.2576867 ]]
R_hid(hidden representaion to predict r):
[[0.         0.         0.         0.         0.         0.         0.         0.1633232  0.         0.         0.         0.         0.         0.         0.        ]
 [0.         0.         0.         0.         0.         0.         0.         0.12068737 0.         0.         0.         0.         0.         0.         0.        ]
 [0.         0.         0.         0.         0.         0.         0.04888685 0.15944557 0.         0.         0.         0.         0.         0.         0.        ]
 [0.         0.         0.1309244  0.         0.         0.         0.         0.         0.02853704 0.02091413 0.         0.         0.0440828  0.         0.06742439]
 [0.         0.         0.         0.         0.         0.03603297 0.01555644 0.         0.         0.04671176 0.         0.11097226 0.         0.         0.04285666]
 [0.         0.         0.04587138 0.         0.03846648 0.         0.07614602 0.         0.         0.         0.         0.13248253 0.0571024  0.         0.0856764 ]
 [0.         0.         0.         0.         0.00151847 0.         0.         0.         0.         0.16728796 0.         0.0784945  0.30517113 0.         0.        ]
 [0.         0.         0.         0.         0.         0.         0.17790121 0.         0.         0.2480528  0.         0.10002027 0.         0.         0.        ]
 [0.         0.         0.         0.         0.         0.         0.27007002 0.08695532 0.         0.28326467 0.         0.08452464 0.         0.         0.        ]
 [0.         0.         0.         0.         0.         0.         0.         0.         0.         0.         0.         0.         0.         0.         0.06655505]
 [0.         0.01621908 0.         0.00155818 0.         0.1718967  0.         0.         0.         0.         0.         0.         0.         0.         0.        ]
 [0.         0.         0.         0.         0.         0.         0.03220581 0.         0.         0.         0.         0.05199265 0.         0.         0.03179972]
 [0.         0.         0.         0.         0.         0.         0.08468309 0.         0.         0.         0.         0.19037496 0.40319756 0.         0.        ]
 [0.         0.08197483 0.         0.         0.         0.         0.13992059 0.17482759 0.         0.08510081 0.         0.21868642 0.2832367  0.         0.        ]
 [0.         0.         0.         0.         0.         0.         0.         0.         0.         0.         0.         0.2012082  0.         0.         0.        ]]
topics:
[[ 9.36388850e-01 -4.05562103e-01  4.06702220e-01  3.28022212e-01  1.90070570e-01  3.50596011e-01 -2.39613488e-01  1.06558956e-01  4.87434536e-01  4.43985492e-01  1.24029651e-01 -1.41721442e-01 -6.92657053e-01 -8.43672037e-01  4.17943388e-01]
 [ 2.72491276e-01 -1.33856935e-02 -8.89580786e-01 -1.12642750e-01 -6.62680984e-01  4.25756782e-01 -8.29160452e-01  1.66555667e+00 -9.90916312e-01 -7.69525349e-01 -1.78936064e-01  4.47543055e-01 -8.53092611e-01  5.57920337e-01  2.58877240e-02]
 [ 8.28306019e-01 -1.10865700e+00  5.20218968e-01  1.10964231e-01 -1.20515025e+00  3.65897655e-01 -1.19344825e-02  4.77669537e-02  1.22438036e-01 -4.89860862e-01 -1.28996179e-01  4.34984900e-02 -6.89302444e-01 -1.00490725e+00 -4.96853769e-01]
 [ 2.04525805e+00  6.83222294e+00 -2.41479540e+00  3.73666739e+00 -3.93582773e+00 -3.05685377e+00 -1.16329920e+00  7.03512803e-02 -2.25008368e+00  3.26218319e+00  3.43907857e+00 -6.75663471e+00  4.44097710e+00 -3.59852076e-01 -2.67989159e+00]
 [-3.01045656e+00  3.10940599e+00 -1.57945395e+00  4.32963753e+00  9.45202351e-01  4.22645712e+00  5.69557333e+00  9.86986876e-01 -1.45363665e+00 -2.09691000e+00 -4.45332003e+00  1.77790868e+00  2.53413892e+00  1.57607806e+00  1.61977160e+00]
 [ 3.80468750e+00 -3.56252265e+00  3.93418145e+00  5.06572104e+00 -4.84247535e-01  5.23513126e+00 -8.59867215e-01  1.43067920e+00 -2.26444340e+00  4.52498293e+00  4.96697247e-01 -5.45290589e-01 -3.97139955e+00  1.24327779e+00  3.98271346e+00]
 [ 2.07953468e-01  7.68800318e-01 -1.57104269e-01 -5.04365981e-01 -1.33147940e-01  1.11107364e-01 -1.23728812e-01  7.02241242e-01  3.91045250e-02  3.29550892e-01 -1.63692266e-01 -8.24479759e-01  2.72426426e-01 -5.36076128e-01 -6.40528202e-01]
 [-2.76664019e+00  6.44359529e-01  1.16414040e-01  2.70657229e+00 -2.94611835e+00 -1.71931970e+00 -1.71134603e+00  1.88357008e+00 -3.29864478e+00 -4.16050529e+00 -3.47584867e+00  2.24531579e+00  7.08410284e-03 -2.30822229e+00  6.66048408e-01]
 [-3.41280031e+00 -1.94676638e+00  7.92869663e+00  4.99993944e+00  4.53426266e+00  9.55437243e-01 -2.13624030e-01 -2.21576858e+00  3.94145250e+00  7.71131933e-01 -6.13259935e+00  1.47042692e+00  3.07061285e-01  1.56850648e+00 -5.74613571e+00]
 [-2.54395080e+00  1.10485458e+00  2.15269661e+00  6.58316755e+00 -3.76365542e+00  3.52712941e+00  8.90060425e+00 -7.84721088e+00  3.33135772e+00  8.81632864e-01 -2.41797471e+00  1.22767913e+00 -3.79753351e+00 -7.32115078e+00  1.09989238e+00]]
R:
[[2.47821701e-13 1.93443406e-13 2.21219093e-13 8.43306109e-02 2.38559232e-06 2.56441593e-01 3.09802856e-13 3.93739015e-01 4.16132715e-03 2.61325151e-01]
 [9.85412654e-11 8.70498187e-11 9.23609036e-11 1.51370868e-01 1.91242463e-04 2.46520907e-01 1.15132376e-10 2.96435833e-01 1.02521367e-02 2.95229048e-01]
 [2.51999810e-10 2.27424177e-10 2.45362536e-10 1.09168977e-01 1.13543391e-03 2.52679855e-01 2.89211433e-10 3.19156915e-01 8.86431150e-03 3.08994502e-01]
 [2.86266104e-08 2.81847310e-08 2.83746502e-08 3.13282341e-01 1.07067220e-01 1.21126294e-01 2.88439779e-08 8.64621177e-02 2.42043152e-01 1.30018741e-01]
 [3.75185500e-08 3.42100641e-08 3.42327802e-08 3.23822021e-01 1.41738042e-01 1.10807113e-01 3.38645556e-08 1.31362066e-01 1.95864514e-01 9.64060947e-02]
 [6.91501123e-09 6.71917988e-09 6.92094870e-09 2.75807261e-01 1.60792008e-01 1.13996148e-01 6.73434553e-09 5.34315258e-02 2.56132513e-01 1.39840543e-01]
 [3.66290637e-10 3.22697175e-10 3.10263815e-10 2.49153182e-01 2.25731790e-01 1.18080564e-02 3.33839845e-10 2.55241781e-01 1.76505151e-03 2.56300181e-01]
 [2.10491652e-10 1.66387820e-10 1.43395060e-10 2.22574219e-01 1.86960638e-01 1.16965212e-02 1.75679915e-10 2.49280453e-01 1.66126247e-03 3.27826887e-01]
 [5.41920805e-12 4.10992637e-12 3.99060255e-12 2.38608524e-01 1.63777769e-01 7.70368567e-03 5.27340628e-12 2.63453543e-01 3.48790549e-03 3.22968543e-01]
 [2.34803696e-08 2.50988208e-08 2.30141417e-08 2.64747649e-01 3.74326333e-02 2.48935401e-01 2.31067734e-08 2.61453360e-01 1.09615125e-01 7.78157040e-02]
 [3.36689321e-09 3.57350660e-09 3.55365293e-09 3.22843194e-01 7.05789998e-02 2.50674754e-01 3.25574478e-09 2.48196170e-01 8.73354077e-02 2.03714054e-02]
 [2.66457900e-09 2.80684032e-09 2.71077116e-09 3.22627604e-01 4.11843099e-02 2.31025606e-01 2.61847433e-09 2.67659515e-01 8.40677172e-02 5.34352623e-02]
 [2.43292172e-14 1.79982575e-14 1.84861841e-14 7.77216613e-01 8.08161276e-04 1.32074980e-02 2.55872221e-14 1.45995528e-01 1.15322426e-03 6.16188720e-02]
 [1.37408726e-12 1.05368188e-12 9.63172576e-13 5.58165193e-01 4.79031168e-02 1.30777992e-02 1.33746237e-12 2.29275197e-01 4.22290806e-03 1.47355720e-01]
 [2.83254756e-13 2.33268916e-13 2.06487496e-13 6.64655924e-01 2.41735671e-03 8.24803635e-02 2.51035493e-13 1.55516371e-01 2.46660225e-03 9.24633965e-02]]
cosine similarity of topic:
[[ 1.0000001e+00 -1.9267678e-05 -5.5566848e-06 -8.0593454e-06  3.3841650e-06 -9.3749912e-07 -5.9638414e-06  6.0583161e-06 -1.3060210e-07  8.5372703e-06]
 [-1.9267678e-05  9.9999988e-01 -1.1029157e-05 -5.0764420e-06 -4.0744490e-06  2.2155800e-06 -1.5694210e-05  8.3426248e-06 -1.2500763e-05 -4.7853496e-06]
 [-5.5566848e-06 -1.1029157e-05  9.9999994e-01 -4.8594015e-06 -5.9480453e-06  8.3054483e-06  4.6005798e-06 -1.3970209e-06  6.5519871e-06 -1.0942610e-05]
 [-8.0593454e-06 -5.0764420e-06 -4.8594015e-06  1.0000000e+00  2.4589863e-05  1.7917503e-06  5.1451534e-06  9.2159589e-06  2.9604009e-05  5.4926454e-06]
 [ 3.3841650e-06 -4.0744490e-06 -5.9480453e-06  2.4589863e-05  9.9999988e-01 -7.0405113e-06 -8.0539530e-06  4.7084482e-06 -7.6294682e-06  1.6310255e-06]
 [-9.3749912e-07  2.2155800e-06  8.3054483e-06  1.7917503e-06 -7.0405113e-06  9.9999970e-01 -1.3132306e-05 -1.1872325e-05 -4.0760387e-06  1.1498217e-07]
 [-5.9638414e-06 -1.5694210e-05  4.6005798e-06  5.1451534e-06 -8.0539530e-06 -1.3132306e-05  9.9999988e-01 -7.1753277e-07 -5.7321699e-06 -2.3448611e-06]
 [ 6.0583161e-06  8.3426248e-06 -1.3970209e-06  9.2159589e-06  4.7084482e-06 -1.1872325e-05 -7.1753277e-07  9.9999970e-01  1.4482492e-06 -1.2605736e-05]
 [-1.3060210e-07 -1.2500763e-05  6.5519871e-06  2.9604009e-05 -7.6294682e-06 -4.0760387e-06 -5.7321699e-06  1.4482492e-06  1.0000002e+00 -3.5943187e-06]
 [ 8.5372703e-06 -4.7853496e-06 -1.0942610e-05  5.4926454e-06  1.6310255e-06  1.1498217e-07 -2.3448611e-06 -1.2605736e-05 -3.5943187e-06  9.9999994e-01]]
