hidden representaion(r*topic):
[[ 0.6723306   0.9452802   1.7990568   2.6680152  -0.14270651  0.78341806 -0.16373351  0.3578778  -0.04791802  1.870102   -0.5405346  -1.907781   -0.02041969 -0.18355677 -1.3689606 ]
 [ 0.74674016  0.4363582   2.0339491   2.439402    0.1387805   0.95956993 -0.49746528  0.61026865 -0.04909372  1.6567442  -0.75341576 -1.5781183  -0.20601754  0.037399   -1.460259  ]
 [ 0.7809208   1.1121132   1.6467654   2.6460822  -0.21493967  0.61136776 -0.36025178  0.44366357 -0.25503758  1.8794551  -0.35050076 -2.1038666   0.13208959  0.00340325 -1.4115509 ]
 [-0.1713015  -0.42466128  1.2667317   1.9190487  -0.09182456  1.8918661   0.34006044  1.1385171  -0.17163624 -0.33770925 -1.8205388   0.61477643 -1.0230997   0.10250345 -0.55978894]
 [-0.52287143  0.04968811  1.0798252   2.0105455  -0.51975715  1.5439742   1.0079368   0.49640083  0.22872478 -0.51227254 -1.7838869   0.5622333  -0.84044695 -0.5759268  -0.77927685]
 [-0.5531538  -0.18442023  1.5384554   1.9624846  -0.134204    1.4214988   0.79205155  0.17876633  0.41040507 -0.4764605  -1.9737295   0.6230364  -0.6527148  -0.45484632 -1.0853512 ]
 [ 0.6977831   0.30458185  0.7069173   1.6794665  -0.87104404  1.6305509   1.3430455   0.57776743  0.8807016   1.2716291  -0.621663   -0.60375404 -1.5073844  -2.4358797   0.35129255]
 [ 0.48516935  0.30815786  0.92660093  2.1437154  -1.1914959   1.9400868   1.8303324   0.33735573  1.0192155   1.4441986  -0.7595382  -0.5568187  -1.7976955  -2.6927571   0.413093  ]
 [ 0.64514303  0.26947764  0.68133664  1.778076   -1.1003116   1.7853394   1.3126239   0.81734693  0.6558264   1.2040672  -0.66601765 -0.6110954  -1.6315703  -2.3231993   0.30891174]
 [ 0.59387887  1.0751587  -0.25390622  1.3302258  -1.4216881   0.31249076 -0.5687914   2.036165   -1.0818576  -0.14324553  0.08223287 -1.0868261  -0.46654153  0.04592437 -0.9375007 ]
 [ 0.35385844  1.0708617  -0.08736804  1.7040998  -1.524976    0.75896573  0.14752054  1.6879163  -0.7559388   0.0851879  -0.22764346 -0.9408983  -0.70408916 -0.45108977 -0.6689728 ]
 [ 0.48570406  0.8450489   0.03028281  1.6348695  -1.4541566   0.9197283   0.28030133  1.2338879  -0.59430856  0.03557594 -0.44026977 -0.8052147  -0.6423728  -0.74131554 -0.62143075]
 [ 0.6857502  -0.5414339  -0.0143815   1.3602529  -0.86697066  2.210853   -0.06700295  2.6056252  -1.0440483  -0.19675627 -0.7428356   0.5957795  -2.008175    0.12295365  1.0805764 ]
 [ 0.34593895 -0.32654107  0.1901753   1.1317894  -1.065387    1.561393   -0.07652521  2.2074423  -0.8405757  -0.25636622 -0.6703655   0.37827986 -1.6818078  -0.26125205  0.5195158 ]
 [ 0.9275054  -0.45603228  0.02838808  1.3328376  -1.1396433   1.9417231  -0.12467748  2.3910522  -0.8946931   0.04502265 -0.36663562  0.2790764  -2.0751462  -0.22175702  0.9576087 ]]
R_hid(hidden representaion to predict r):
[[-1.4577252  -1.4569776  -1.4563552  -1.4577373  -1.173331    0.47435543  3.6110687   0.14722794 -1.4536543  -1.4575429  -0.28680098  1.7978426  -0.3083187  -1.4565789  -1.4577366 ]
 [-1.4576874  -1.455231   -1.4425629  -1.4576806  -1.4577388   2.1013148   2.881382    1.6470218  -1.4575456  -1.4577388  -1.2995989   2.1564877   2.852797   -1.3914212  -1.4577382 ]
 [-1.4570751  -1.4555968  -1.4575796  -1.4577378  -1.4377201   1.6878874   2.8955078   0.8810952  -1.4575363  -1.4568541  -1.3865422   1.3121587  -1.1014153  -1.4303633  -1.4577388 ]
 [-1.4574528  -1.2912825  -1.4562716  -1.4026387  -0.98992443 -1.309744   -1.2395251  -1.4576806  -1.4513383  -1.0480665  -1.4572805  -1.4111191  -1.4577388   1.1843468  -1.4562728 ]
 [-1.456978   -0.07889272 -1.4565029  -1.4353659  -1.3167316  -1.4293927  -1.4478145  -1.4527873  -1.4577388  -0.02626432 -1.4572521  -1.3716073  -1.4056665   1.1270577  -1.457405  ]
 [-1.4547825   0.31710905 -1.4557041  -1.2024645  -1.1208943  -1.3676734  -1.2713118  -1.4535894  -1.2024412  -0.86063683 -1.4561421  -1.3746392  -0.9039918   2.2418966  -1.4550259 ]
 [ 2.9073644  -1.427759   -1.3117677  -1.4134407  -1.456079   -1.4577388  -1.4577328  -1.4574255  -1.4577383  -1.4576707  -0.47681904 -1.4555432  -1.4549851  -1.457738    6.5472164 ]
 [-0.12185687 -1.4176795  -0.56512827 -1.4577388  -1.4563682   2.3136907  -1.4575835  -1.4576806  -1.4577388  -1.4552242  -1.2410965  -1.4577142  -1.4571562  -1.4577174   4.5570145 ]
 [-1.0462286  -1.4577388  -1.2179796   0.43628016 -1.4569672   1.2114005  -1.4576868  -1.4577314  -1.4577388  -1.45643    -1.442514   -1.4576293  -1.4575143  -1.4577347   1.0248101 ]
 [-1.348277   -1.0315177  -1.4576297  -1.4577343  -1.4521252  -1.4033067  -1.4571317  -1.4536097  -0.6015593  -0.25634998 -1.4577174  -0.3545658  -1.4387913  -1.457606   -1.2826471 ]
 [-1.375151   -1.4411014  -1.4577382  -1.4577382  -1.4564656  -0.9692627  -1.454948   -1.4528105  -1.408919   -1.0723603  -1.4577388  -1.3668905  -1.4532745  -1.4577273  -1.3275037 ]
 [-1.3941951  -1.4094162  -1.4577383  -1.457698   -1.4516186  -1.4502854  -1.4570172  -1.4577388  -1.4470384  -0.46529108 -1.4577358  -1.4182475  -1.4556794  -1.457719   -1.2718382 ]
 [ 1.5124179  -1.326451   -1.4577332  -1.4577122  -1.2458832  -0.7579981  -1.4576067  -1.4548694  -1.4566646  -1.4577388  -1.4577386  -1.448571   -1.4575963  -1.4576424  -1.4423338 ]
 [-1.2294985  -1.4556122  -1.4577162  -1.457589   -1.3453063   2.4930396  -1.4562001  -1.4577388  -1.4559503  -1.4456857  -1.4577386  -1.4577315  -1.4575946  -1.4577368  -1.4573523 ]
 [ 4.1868563  -1.4455189  -1.4577388  -1.4577383  -1.4518931   1.1515362  -1.4577278  -1.4549351  -1.4509758  -1.4567379  -1.4577386  -1.4577388  -1.4576883  -1.4577308  -1.1140518 ]]
topics:
[[ 2.0885963e+00 -7.3436022e-01  9.0933621e-01  4.9664864e-01  2.4240409e-01  8.6813331e-01 -9.2602074e-02  2.6316226e-03  1.2919159e+00  1.1788845e+00  1.6388658e-01 -2.1174505e-01 -1.4651003e+00 -2.1115000e+00  7.4340975e-01]
 [ 5.6693256e-01 -7.4062872e-01 -2.2482538e+00 -9.4733381e-01 -2.0013864e+00  1.2006890e+00 -2.2566760e+00  6.8487592e+00 -2.9436152e+00 -2.7857401e+00  2.7973175e-01  1.3008424e+00 -2.7686257e+00  1.6463754e+00  6.0125732e-01]
 [ 2.4088774e+00 -2.6451604e+00  1.1526164e+00 -2.6066566e-01 -3.1144533e+00  1.6098254e+00 -2.6553097e-01 -9.0513730e-01  7.2842884e-01 -2.0979934e+00 -1.1523340e+00  6.8999630e-01 -2.1246667e+00 -3.8501184e+00 -2.4140120e+00]
 [ 2.5807073e+00  5.6430626e+00 -1.7630004e+00  2.8985202e+00 -3.5540202e+00 -2.5805807e+00 -8.9439279e-01 -7.7172953e-01 -2.5077806e+00  2.9268713e+00  3.3155611e+00 -6.7078886e+00  3.1059480e+00 -5.4383063e-01 -1.9006422e+00]
 [-2.1517215e+00  1.9797873e+00 -1.2367039e+00  3.0993383e+00  1.3814602e+00  3.5237486e+00  3.0248899e+00  5.0819147e-01 -1.7930266e+00 -1.2793822e+00 -4.2794328e+00  1.5492587e+00  1.7652043e+00  1.7556461e+00  2.1646802e+00]
 [ 3.9470894e+00 -3.2817287e+00  3.4090548e+00  3.9417627e+00 -7.2057807e-01  5.0887933e+00 -1.3241305e+00  7.9079688e-01 -1.7092502e+00  4.1077580e+00 -2.1169040e-01 -7.7864575e-01 -3.8995705e+00  6.4727598e-01  2.9814723e+00]
 [ 6.7553663e-01  2.8293512e+00 -1.2856114e+00 -1.3438460e+00 -2.1567938e-01 -7.7354419e-01 -9.1947395e-01  4.3378177e+00 -1.5360533e-01  1.2669802e+00 -2.2376154e-01 -3.9509461e+00  1.5249741e+00 -2.8862369e+00 -2.8656323e+00]
 [-7.7805930e-01  3.4897637e-01  1.5515733e-01  4.6862826e-01 -1.2192017e+00 -2.6313925e-01  7.7531748e-02 -7.7548027e-02 -9.8546839e-01 -1.2430351e+00 -8.5144126e-01  6.2805152e-01  1.3968956e-01 -4.2037711e-01  1.3144875e-01]
 [-3.1184161e+00 -4.3395951e-01  6.2667117e+00  3.8641894e+00  4.5274024e+00  6.8631697e-01  9.5609039e-01 -1.6436096e+00  3.5899434e+00  8.1735861e-01 -4.3858957e+00  1.0920196e+00  7.3893094e-01  1.3598833e+00 -4.5556750e+00]
 [-2.4833689e+00  1.2529104e+00  1.3819172e+00  4.9734282e+00 -3.1237187e+00  3.1140001e+00  6.7103696e+00 -2.2676919e+00  3.0113707e+00  8.9893013e-01 -2.0715804e+00  1.2252852e+00 -3.2419028e+00 -4.8284402e+00  1.0366825e+00]]
R:
[[9.30092391e-03 5.98456226e-02 7.84646999e-03 2.52006650e-01 5.52238816e-05 2.15172663e-01 1.25493959e-01 5.89103624e-03 2.74130225e-01 5.02571948e-02]
 [6.10033982e-03 8.37802142e-02 4.06243913e-02 2.03597203e-01 1.92660882e-05 2.34578997e-01 1.26269251e-01 4.31529450e-04 3.01045597e-01 3.55319539e-03]
 [6.43915916e-03 7.87009746e-02 1.23346620e-03 2.89524615e-01 2.05336764e-04 2.09096730e-01 1.10484719e-01 1.66402839e-03 2.73877501e-01 2.87734941e-02]
 [1.53282308e-03 2.24623129e-01 1.42090321e-01 2.80005168e-02 1.55753642e-01 1.18218042e-01 1.77804530e-02 3.22043151e-02 2.20429420e-01 5.93673252e-02]
 [1.19065093e-02 1.79474503e-01 1.67791650e-01 5.88309094e-02 1.41472191e-01 3.00406665e-02 4.23806207e-03 6.67961910e-02 2.00901911e-01 1.38547435e-01]
 [1.16654700e-02 1.29050091e-01 1.85887262e-01 4.13013585e-02 1.27171069e-01 4.00917530e-02 4.34465054e-03 1.22655734e-01 2.49107406e-01 8.87251645e-02]
 [3.72330725e-01 2.72912029e-02 2.26574880e-03 5.42537542e-03 2.59734616e-02 1.10446818e-01 2.00339153e-01 3.15167871e-03 2.17915976e-06 2.52773672e-01]
 [2.73515612e-01 1.39417667e-02 7.82912411e-03 2.88203475e-03 7.55997747e-03 1.50550485e-01 2.05275565e-01 2.09407299e-03 3.46877678e-05 3.36316705e-01]
 [2.64325708e-01 5.83600067e-02 1.88656263e-02 7.89144170e-03 2.10484564e-02 1.43570557e-01 2.13555813e-01 3.12004308e-03 5.95691847e-04 2.68666655e-01]
 [3.98407169e-02 3.71231675e-01 6.69072345e-02 2.65026867e-01 2.39048190e-02 1.55096529e-02 1.90340467e-02 7.42781488e-03 1.37265161e-01 5.38519472e-02]
 [1.05402991e-02 3.09924603e-01 6.28396869e-02 2.22800255e-01 4.29978110e-02 4.53616008e-02 5.43343201e-02 4.96688881e-04 1.10969096e-01 1.39735654e-01]
 [4.33888547e-02 2.32730523e-01 1.23168923e-01 1.94339469e-01 7.98045769e-02 4.69069108e-02 5.58116585e-02 1.53621901e-02 8.90032053e-02 1.19483680e-01]
 [1.83670580e-01 3.83746117e-01 2.15000855e-05 5.98418573e-03 1.28589839e-01 1.66474521e-01 9.93078947e-03 3.66916414e-04 2.63248291e-02 9.48906839e-02]
 [9.28496048e-02 3.11126113e-01 6.19200193e-07 7.61550502e-04 3.47728468e-02 1.42700076e-01 6.34550899e-02 2.04719037e-01 4.22058515e-02 1.07409127e-01]
 [2.19426006e-01 3.65605652e-01 1.06570178e-06 3.77299115e-02 6.52594417e-02 1.61994904e-01 9.04304162e-03 1.13997767e-02 1.56910215e-02 1.13849126e-01]]
cosine similarity of topic:
[[ 9.9999994e-01 -1.8684364e-07  2.4137628e-06 -3.8319404e-06  1.4148269e-05  5.9399158e-06  8.8723973e-06  1.1712479e-05 -8.6829493e-07 -3.5758078e-06]
 [-1.8684364e-07  1.0000000e+00 -5.7095286e-07  8.6635151e-07  9.4409143e-06  5.5155210e-06 -5.7408459e-07 -4.8677957e-06 -2.6912992e-05 -5.9772105e-06]
 [ 2.4137628e-06 -5.7095286e-07  1.0000001e+00  2.1410219e-06 -4.5846305e-06 -1.2606755e-06 -1.8831776e-06  2.8711902e-06 -1.2274911e-06 -8.8123106e-06]
 [-3.8319404e-06  8.6635151e-07  2.1410219e-06  1.0000001e+00 -2.2990928e-06 -4.0539112e-06 -1.0234697e-05  3.7139075e-06 -8.3064806e-06 -7.9325810e-06]
 [ 1.4148269e-05  9.4409143e-06 -4.5846305e-06 -2.2990928e-06  9.9999988e-01 -2.0729808e-06 -1.6647826e-05 -5.0391650e-06  4.0685277e-06  1.0691013e-05]
 [ 5.9399158e-06  5.5155210e-06 -1.2606755e-06 -4.0539112e-06 -2.0729808e-06  1.0000002e+00 -6.6957523e-07  8.1368944e-06  2.2920605e-05 -4.5499432e-06]
 [ 8.8723973e-06 -5.7408459e-07 -1.8831776e-06 -1.0234697e-05 -1.6647826e-05 -6.6957523e-07  1.0000000e+00  7.5113085e-06 -9.9058070e-06  9.4047882e-06]
 [ 1.1712479e-05 -4.8677957e-06  2.8711902e-06  3.7139075e-06 -5.0391650e-06  8.1368944e-06  7.5113085e-06  1.0000002e+00 -6.0313128e-06  2.7164670e-05]
 [-8.6829493e-07 -2.6912992e-05 -1.2274911e-06 -8.3064806e-06  4.0685277e-06  2.2920605e-05 -9.9058070e-06 -6.0313128e-06  9.9999958e-01 -1.0827923e-05]
 [-3.5758078e-06 -5.9772105e-06 -8.8123106e-06 -7.9325810e-06  1.0691013e-05 -4.5499432e-06  9.4047882e-06  2.7164670e-05 -1.0827923e-05  9.9999982e-01]]
