hidden representaion(r*topic):
[[ 1.69779241e-01 -2.44875476e-02  1.30649135e-01  1.03466785e+00 -1.92258712e-02 -5.64498231e-02  1.06618330e-01  4.37651947e-02  1.51337394e-02 -1.32237479e-01 -4.07377779e-01  8.51499289e-02 -6.74658492e-02 -1.82120487e-01 -1.65910125e-01]
 [ 8.52721259e-02  7.72688761e-02 -4.01125103e-02  1.07589042e+00 -5.29061295e-02 -1.19822111e-03  1.83522478e-01 -4.10294719e-03 -4.94496264e-02 -1.27826810e-01 -4.95261937e-01  1.64626166e-01  1.74814146e-02 -8.18717703e-02 -6.00430630e-02]
 [ 7.12793022e-02  6.54841587e-02 -8.49321205e-03  1.10773969e+00 -1.70813706e-02  9.54909530e-03  1.63256004e-01 -3.78075289e-03 -5.27327694e-02 -8.51356685e-02 -4.80811447e-01  1.44905403e-01  1.68534312e-02 -6.53323457e-02 -3.54934931e-02]
 [ 1.82883330e-02 -2.88838753e-03  2.94306219e-01  1.22608912e+00  3.26964676e-01 -7.46656954e-03  3.01566552e-02 -8.63626134e-03  3.17038633e-02  4.02952405e-03 -4.69124645e-01  5.25587536e-02  2.02556397e-03 -1.33929914e-02 -6.86040372e-02]
 [ 2.42879502e-02 -8.98470357e-03  3.18595022e-01  1.21967077e+00  3.46676677e-01 -1.78811364e-02  2.28405688e-02 -6.96909288e-03  4.58760038e-02 -9.62047838e-03 -4.71332729e-01  4.92570065e-02 -3.45539977e-03 -2.16670744e-02 -9.07592401e-02]
 [ 5.90036735e-02 -5.06844558e-02  3.26799184e-01  1.21329820e+00  2.79818684e-01 -1.32606402e-02  4.77977516e-03  1.86429117e-02  3.03942859e-02  3.80758904e-02 -4.04286146e-01  1.22817457e-02 -3.81767713e-02 -5.79224117e-02 -7.32324943e-02]
 [-3.02544236e-01  3.33646864e-01  1.53806746e-01  1.35645282e+00  7.97772825e-01  2.64072027e-02  1.77033454e-01 -2.15111226e-01  7.39450231e-02 -2.30981350e-01 -9.55367982e-01  3.26178342e-01  2.98178613e-01  3.34881932e-01 -5.36272824e-02]
 [-3.15848708e-01  3.62103701e-01  1.03853814e-01  1.35156560e+00  7.78331280e-01  3.31076980e-02  2.02834234e-01 -2.26515114e-01  6.25618771e-02 -2.50881493e-01 -9.83282328e-01  3.53184015e-01  3.17928553e-01  3.50455612e-01 -4.29215990e-02]
 [-3.10938179e-01  3.51428986e-01  1.26587331e-01  1.35283995e+00  7.90892661e-01  2.89013740e-02  1.92258075e-01 -2.22637892e-01  6.94857538e-02 -2.46452525e-01 -9.74785924e-01  3.43302906e-01  3.10543180e-01  3.44392955e-01 -5.07244281e-02]
 [ 2.43944108e-01 -1.18170008e-01  2.53738374e-01  1.00851738e+00 -3.02220397e-02 -8.87897685e-02  4.18871529e-02  9.05158892e-02  4.85060960e-02 -1.00784644e-01 -3.07740837e-01  7.78489606e-03 -1.44192800e-01 -2.67241657e-01 -2.22214147e-01]
 [ 2.04954371e-01 -9.17565525e-02  2.40889147e-01  1.04151702e+00  1.39178634e-02 -7.23241568e-02  4.87085916e-02  7.21205398e-02  3.96550708e-02 -8.71451795e-02 -3.39048415e-01  2.25274060e-02 -1.15583308e-01 -2.22866312e-01 -1.91061348e-01]
 [ 2.34541312e-01 -1.19084582e-01  2.72323191e-01  1.02172935e+00 -6.33512624e-04 -8.72655064e-02  3.37361135e-02  8.75538811e-02  5.26413061e-02 -9.20059979e-02 -3.11154813e-01  3.43935727e-03 -1.41044244e-01 -2.57069826e-01 -2.19289809e-01]
 [-8.97617266e-03  7.98507407e-02  1.89156041e-01  1.18639445e+00  3.14835757e-01 -1.64794568e-02  1.00681365e-01 -4.37184870e-02  3.49097922e-02 -1.11398935e-01 -5.75359941e-01  1.39423355e-01  5.49351685e-02  1.47172036e-02 -1.00417852e-01]
 [-5.47756180e-02  1.11458592e-01  2.15733543e-01  1.21724999e+00  4.21802044e-01 -1.61529966e-02  1.00044966e-01 -6.96464628e-02  5.35315052e-02 -1.30727619e-01 -6.34293258e-01  1.60495028e-01  8.87542963e-02  6.34212047e-02 -1.06374256e-01]
 [ 2.24406403e-02  6.13523349e-02  2.07040817e-01  1.15506625e+00  2.92669624e-01 -3.58142182e-02  9.54920202e-02 -3.09914462e-02  5.04051298e-02 -1.37214094e-01 -5.59671164e-01  1.31703436e-01  3.32849398e-02 -2.20992994e-02 -1.39409661e-01]]
R_hid(hidden representaion to predict r):
[[0.         0.         0.         0.         0.         0.         0.         0.06507783 0.0987838  0.         0.01144873 0.         0.         0.         0.        ]
 [0.         0.         0.         0.         0.         0.         0.         0.         0.0456025  0.         0.08806919 0.00579657 0.         0.         0.        ]
 [0.         0.         0.         0.         0.         0.         0.         0.         0.03928067 0.         0.15776818 0.00925921 0.         0.         0.        ]
 [0.         0.         0.         0.         0.         0.         0.02919859 0.         0.         0.04724028 0.24278101 0.         0.         0.         0.        ]
 [0.         0.         0.         0.         0.         0.         0.01870645 0.         0.         0.         0.17596148 0.         0.         0.         0.02868965]
 [0.         0.         0.         0.         0.         0.         0.11594256 0.         0.         0.         0.13558942 0.         0.         0.         0.05492578]
 [0.         0.         0.         0.         0.         0.09103053 0.         0.         0.         0.03267102 0.01552063 0.12265227 0.         0.         0.        ]
 [0.         0.         0.         0.         0.         0.0889284  0.         0.         0.         0.         0.02832946 0.15320548 0.         0.         0.        ]
 [0.         0.         0.         0.         0.         0.09320939 0.         0.         0.         0.00710492 0.03212473 0.1213576  0.         0.         0.        ]
 [0.         0.         0.         0.         0.         0.11051913 0.         0.         0.09849707 0.         0.         0.11336787 0.         0.         0.        ]
 [0.         0.         0.         0.         0.         0.03546995 0.         0.         0.1169218  0.         0.         0.14550278 0.         0.         0.        ]
 [0.         0.         0.         0.         0.         0.07262214 0.         0.         0.07504556 0.03181807 0.         0.12770873 0.         0.         0.        ]
 [0.         0.         0.         0.         0.         0.         0.         0.         0.000579   0.04486207 0.         0.         0.         0.         0.        ]
 [0.         0.         0.00130039 0.         0.         0.         0.         0.         0.08478198 0.         0.         0.08572408 0.         0.         0.        ]
 [0.         0.         0.         0.         0.         0.04364811 0.         0.         0.11987852 0.         0.         0.05328168 0.         0.         0.        ]]
topics:
[[ 1.74399838e-01 -5.18827252e-02  4.60332222e-02  5.84903806e-02  6.51524868e-03  4.31309491e-02 -3.55273336e-02  3.60885332e-03  8.90906602e-02  1.08255014e-01  4.40343395e-02 -5.15682697e-02 -1.17148690e-01 -1.49259776e-01  7.98860863e-02]
 [ 3.67955677e-02 -3.75473197e-03 -1.09699383e-01 -5.07277437e-04 -1.09943107e-01  5.83827198e-02 -1.51214674e-01  2.82356739e-01 -1.45926565e-01 -1.13719799e-01 -3.08905337e-02  5.83840758e-02 -1.57681942e-01  7.37451240e-02 -3.05920336e-02]
 [ 6.97298408e-01 -3.79805237e-01  3.99998814e-01  5.69186807e-01 -4.89184767e-01 -3.23506773e-01 -4.99672908e-03  2.82396674e-01  2.02224880e-01 -4.00046498e-01 -3.60568352e-02 -1.04777135e-01 -4.53690708e-01 -7.90464699e-01 -6.86572373e-01]
 [ 1.19364843e-01  3.12157869e-01 -1.06468886e-01  1.24722876e-01 -1.98203757e-01 -1.44446746e-01 -1.57755613e-02 -2.08600424e-02 -1.02686614e-01  1.30231798e-01  1.79402828e-01 -3.06205750e-01  2.28040248e-01 -5.38958199e-02 -9.87995788e-02]
 [-3.45282286e-01  5.58233082e-01 -5.59141755e-01  1.27163053e+00  1.85359851e-01  1.61737740e-01  4.72918153e-01 -2.63584852e-01 -1.83391288e-01 -2.69721061e-01 -1.04216409e+00  5.46138585e-01  4.30506080e-01  4.07049686e-01  2.18972296e-01]
 [ 3.15819651e-01 -6.17469490e-01  4.74871933e-01  1.47003937e+00 -4.32258099e-01  2.35814556e-01 -3.28105330e-01  3.26373041e-01 -3.25334907e-01  1.13378274e+00  5.81122994e-01 -5.90464652e-01 -4.26684529e-01 -2.90520042e-01  5.67615449e-01]
 [ 3.96891385e-02  1.42915368e-01 -3.71314622e-02 -6.56075999e-02 -4.24302928e-02  3.62096950e-02 -2.92486511e-02  1.60429373e-01 -1.17901741e-02  4.42775600e-02 -3.51492241e-02 -1.39588654e-01  3.08735874e-02 -1.29193485e-01 -1.09945334e-01]
 [-9.76191685e-02  2.99013648e-02  2.76858099e-02  4.16098610e-02 -1.74937278e-01 -4.85227145e-02 -4.19549178e-03  3.40396576e-02 -1.70759931e-01 -2.06642881e-01 -1.12939335e-01  1.03623807e-01  7.40195438e-03 -4.93335687e-02 -1.42079843e-02]
 [-4.13909435e-01  1.37075454e-01  1.22431719e+00  1.59556615e+00  2.01942277e+00 -1.49604902e-01 -2.33934864e-01 -2.41408587e-01  4.85134035e-01 -2.26358652e-01 -1.03996372e+00  9.46682319e-02  2.39236727e-01  4.18104529e-01 -4.30172473e-01]
 [-1.27748147e-01  6.88306913e-02  6.31999969e-02  2.90783793e-01 -1.94035694e-01  1.13994345e-01  3.24008137e-01 -1.74230561e-01  1.60068169e-01  5.25929928e-02 -7.14011416e-02  3.74761783e-02 -2.12313950e-01 -2.14506224e-01  3.94338183e-02]]
R:
[[7.73518027e-10 6.92434776e-10 4.14837807e-01 7.15023041e-10 3.65256608e-01 1.33818343e-01 7.35024985e-10 7.59103946e-10 8.60872790e-02 4.12217288e-10]
 [2.81607349e-10 2.38447484e-10 3.32399458e-01 2.54221894e-10 5.00358343e-01 1.30841047e-01 2.71516865e-10 2.72042500e-10 3.64011824e-02 9.19420151e-10]
 [2.90816760e-10 2.57955685e-10 3.02948058e-01 2.61498184e-10 4.84840363e-01 1.57972708e-01 2.94991087e-10 2.76265094e-10 5.42388894e-02 9.48032486e-11]
 [2.95561242e-10 2.56954624e-10 2.31304497e-01 2.88138013e-10 3.26588720e-01 2.09334567e-01 3.18832072e-10 2.68857603e-10 2.32772171e-01 3.72151621e-09]
 [3.09342396e-09 2.54943933e-09 2.43549928e-01 2.94402347e-09 3.11077863e-01 2.00368077e-01 3.41258111e-09 2.71629763e-09 2.45004147e-01 1.31416489e-09]
 [2.25582930e-09 1.59894520e-09 2.52948105e-01 1.96743777e-09 2.87213296e-01 2.35874608e-01 2.22125407e-09 1.90234362e-09 2.23963976e-01 2.55756949e-09]
 [2.50127530e-10 1.60665245e-10 5.12153096e-02 3.74693221e-10 5.67647338e-01 2.12385021e-02 4.19589280e-10 2.60600957e-10 3.59898925e-01 1.80621074e-11]
 [4.60802480e-10 3.36281253e-10 4.62696999e-02 7.16645854e-10 6.03870511e-01 7.13080494e-03 7.57288399e-10 5.07958009e-10 3.42728972e-01 1.39297671e-11]
 [8.62954985e-10 6.72512435e-10 4.95646261e-02 1.44737899e-09 5.88264644e-01 1.03103099e-02 1.44862733e-09 9.16500098e-10 3.51860434e-01 5.43170751e-11]
 [1.19184995e-09 1.00007058e-09 4.70494866e-01 1.36484257e-09 2.59230971e-01 1.60670161e-01 1.44245216e-09 1.13923160e-09 1.09604023e-01 9.11389630e-10]
 [2.31768826e-09 1.87419880e-09 4.30258155e-01 2.53665666e-09 2.82664388e-01 1.66307047e-01 2.81378476e-09 2.20902407e-09 1.20770425e-01 1.48851265e-09]
 [1.45386392e-09 1.20541033e-09 4.59332466e-01 1.63677571e-09 2.51953870e-01 1.65466949e-01 1.77124193e-09 1.41009837e-09 1.23246714e-01 9.28550958e-10]
 [2.08179607e-08 1.33872016e-08 2.53836989e-01 2.17397726e-08 4.08487678e-01 1.29957646e-01 2.57911257e-08 1.87843714e-08 2.07716390e-01 1.19468973e-06]
 [2.21031247e-08 1.22083677e-08 2.23931015e-01 2.31201334e-08 4.14898545e-01 1.12132266e-01 2.77801675e-08 1.98381453e-08 2.49036744e-01 1.25403733e-06]
 [2.94631199e-08 1.88373779e-08 2.93101281e-01 3.05852978e-08 3.86475056e-01 1.15290083e-01 3.56006353e-08 2.72944991e-08 2.05132216e-01 1.20071104e-06]]
cosine similarity of topic:
[[ 9.99999821e-01  2.01666262e-06  7.38603412e-05 -4.56880080e-05  1.27990206e-05 -1.69831037e-06  6.12856820e-05  1.72191067e-05  5.84534137e-05  3.76565658e-05]
 [ 2.01666262e-06  1.00000012e+00  2.42644746e-05 -6.65001571e-05 -4.64962795e-05 -3.23446002e-05  9.80864279e-05  1.74974848e-05 -3.04536661e-05  6.76725758e-05]
 [ 7.38603412e-05  2.42644746e-05  1.00000024e+00  3.36701196e-05 -2.46976269e-05  9.64980572e-05 -8.60322616e-05  9.37070872e-05 -8.83974717e-05  1.13485148e-04]
 [-4.56880080e-05 -6.65001571e-05  3.36701196e-05  9.99999881e-01  1.56325405e-05  3.02621629e-05 -1.10800611e-04 -1.52440509e-04 -9.29343514e-06 -3.80747952e-06]
 [ 1.27990206e-05 -4.64962795e-05 -2.46976269e-05  1.56325405e-05  9.99999404e-01  3.78850382e-05 -3.39493854e-05 -7.65768345e-06 -1.70694548e-04 -4.29290812e-05]
 [-1.69831037e-06 -3.23446002e-05  9.64980572e-05  3.02621629e-05  3.78850382e-05  9.99999821e-01  3.39465914e-05  3.53320502e-05 -7.83284195e-05 -3.89570050e-06]
 [ 6.12856820e-05  9.80864279e-05 -8.60322616e-05 -1.10800611e-04 -3.39493854e-05  3.39465914e-05  1.00000048e+00  9.25192144e-05  1.65998936e-05  5.16134896e-05]
 [ 1.72191067e-05  1.74974848e-05  9.37070872e-05 -1.52440509e-04 -7.65768345e-06  3.53320502e-05  9.25192144e-05  9.99999464e-01 -3.47248279e-05 -2.67722498e-05]
 [ 5.84534137e-05 -3.04536661e-05 -8.83974717e-05 -9.29343514e-06 -1.70694548e-04 -7.83284195e-05  1.65998936e-05 -3.47248279e-05  9.99999166e-01  1.02611724e-04]
 [ 3.76565658e-05  6.76725758e-05  1.13485148e-04 -3.80747952e-06 -4.29290812e-05 -3.89570050e-06  5.16134896e-05 -2.67722498e-05  1.02611724e-04  9.99999940e-01]]
