hidden representaion(r*topic):
[[ 5.49201429e-01  1.24022472e+00 -3.01119447e-01  2.32450366e-01 -1.02713430e+00  2.58621275e-01 -5.17481446e-01  2.25338936e+00 -5.95186651e-01  5.04269525e-02 -8.16944778e-01 -1.11349952e+00 -2.62761801e-01 -2.18296146e+00 -1.02182066e+00]
 [ 1.23914845e-01  1.22917604e+00 -3.08384061e-01  5.57866275e-01 -1.02540624e+00  4.61996943e-01 -2.23550826e-01  2.05457926e+00 -9.98599052e-01 -3.47338945e-01 -1.34601259e+00 -6.36705399e-01 -2.40101833e-02 -1.59782028e+00 -7.02887416e-01]
 [ 2.84319103e-01  1.32240546e+00 -3.80461931e-01  5.24472952e-01 -9.25621927e-01  5.84267616e-01 -1.86789870e-01  2.11728978e+00 -9.15171504e-01 -8.71370211e-02 -1.19671762e+00 -8.93350601e-01 -3.72095592e-03 -1.59755278e+00 -7.35123694e-01]
 [ 5.57497740e-01  8.05005074e-01 -1.63911104e-01  1.73130393e+00 -1.63816869e+00  1.49222052e+00 -6.97542429e-02  2.35615659e+00 -1.78000736e+00 -8.94508511e-03 -7.62736857e-01 -4.99114126e-01 -1.00940573e+00  5.78299165e-02  2.75872201e-01]
 [ 6.47388160e-01  9.01278138e-01  2.75124609e-01  1.77399993e+00 -1.20034337e+00  1.34732628e+00  1.23904109e-01  1.80976689e+00 -9.58779812e-01  6.20716751e-01 -5.19789159e-01 -9.50664103e-01 -9.44437981e-01 -5.32282948e-01 -1.74833685e-01]
 [ 7.83232093e-01  9.00687456e-01  1.05550557e-01  1.72401965e+00 -1.22541571e+00  1.38754320e+00  3.24785709e-03  1.91140079e+00 -1.19557440e+00  5.95231116e-01 -4.85527039e-01 -9.88450885e-01 -8.68888676e-01 -3.80170524e-01  2.55291611e-02]
 [-1.48882759e+00  8.14744473e-01  1.67962468e+00  2.99945045e+00 -1.17507339e+00  8.65444899e-01  2.61043930e+00 -1.30496597e+00  6.53753996e-01 -1.25989348e-01 -2.11187816e+00  6.70403063e-01 -7.63124526e-01 -2.21426415e+00 -3.30005646e-01]
 [-1.29962754e+00  7.35181987e-01  1.80736566e+00  2.90016985e+00 -1.37015712e+00  5.24767816e-01  2.22166252e+00 -1.25893402e+00  6.57356560e-01 -1.03848189e-01 -1.86927605e+00  5.32617867e-01 -8.76547813e-01 -2.43667722e+00 -4.68982756e-01]
 [-1.51690674e+00  8.17459941e-01  1.86299038e+00  2.98700380e+00 -1.36548257e+00  6.31080747e-01  2.51877689e+00 -1.30367506e+00  8.48503828e-01 -1.05142921e-01 -1.98189497e+00  6.03379250e-01 -9.36910987e-01 -2.49262238e+00 -6.32210016e-01]
 [-4.95385468e-01  1.25609159e+00  2.89141059e-01  1.97945225e+00 -4.58045840e-01  1.69708228e+00  2.19533134e+00  2.23089099e-01  2.86133945e-01  4.96916354e-01 -1.56150460e+00 -2.93741852e-01 -4.19194996e-01 -1.73519254e+00 -1.18852682e-01]
 [-1.23205185e-02  1.05111766e+00  1.77232683e-01  1.81410861e+00 -5.07306159e-01  1.64984930e+00  1.65141010e+00  5.24888456e-01  8.80208611e-03  5.88210464e-01 -1.21181548e+00 -4.58013177e-01 -5.49395561e-01 -1.60157311e+00  1.37737021e-01]
 [-6.59422576e-02  1.40485227e+00  7.85660744e-02  1.78506064e+00 -4.52033699e-01  1.57649183e+00  1.72298467e+00  4.69117701e-01 -3.21742594e-02  7.47746527e-01 -1.29286766e+00 -7.92004585e-01 -1.58459574e-01 -1.56622076e+00 -8.34071413e-02]
 [-1.92238450e+00  9.09051239e-01  1.27773333e+00  3.82822466e+00 -2.04177380e+00  2.31623411e+00  5.20306635e+00 -1.78835833e+00  1.63517690e+00  2.22954899e-01 -1.97637153e+00  1.14047742e+00 -2.24994540e+00 -3.15639758e+00  3.75712872e-01]
 [-1.78240216e+00  8.36214423e-01  1.27205706e+00  3.65459967e+00 -2.08555174e+00  2.11685324e+00  4.83526039e+00 -1.57799828e+00  1.58079207e+00  1.56561196e-01 -1.82116365e+00  1.10208559e+00 -2.31234574e+00 -3.20214057e+00  2.70260215e-01]
 [-1.80265594e+00  9.56400871e-01  1.18711960e+00  3.63593340e+00 -1.72623777e+00  2.29928637e+00  4.85232258e+00 -1.61526608e+00  1.36643684e+00  2.52698421e-01 -2.10132408e+00  9.78753090e-01 -1.83816803e+00 -2.82218885e+00  3.87382209e-01]]
R_hid(hidden representaion to predict r):
[[-1.0083246e+00  4.3729462e-02  1.0190507e+00  5.1023322e-01  9.6838456e-01  2.0629871e-01 -1.8162304e-01  2.6915148e-02 -6.3113946e-01 -4.4351563e-01 -3.2048738e-01 -3.9195943e-01 -4.2058162e-02 -3.5858178e-01  3.4749871e-01]
 [-1.7040772e+00 -3.7052758e-02  1.4015124e-02 -3.0368023e-02  1.0171990e+00 -5.2744526e-01 -1.5593585e-01 -7.0198977e-01 -1.3837371e+00 -4.5323014e-01  1.0756544e-01  1.8254222e-01 -2.8579959e-01 -5.8166707e-01  1.2560505e-01]
 [-1.6420617e+00  6.6050470e-02  1.5679665e+00 -1.0701001e-02  3.4745669e-01 -7.8007996e-01 -2.1149747e-02 -2.3301157e-01 -1.8744590e+00 -1.2800713e+00  1.0120265e-01  5.1140174e-02 -4.0265000e-01 -8.9363939e-01  5.5236948e-01]
 [ 1.3164002e-01  3.1217891e-01 -4.4357127e-01 -2.4224317e-01 -3.4564459e-01 -7.3057637e-02  4.0660761e-02 -1.7744305e-02  2.9762650e-01  1.3435638e+00  2.6974732e-01  7.1460134e-01 -4.2002004e-01 -1.3627195e-01 -7.8185517e-01]
 [-3.5441805e-02 -9.8408043e-01  2.5082603e-02  3.2885134e-02 -5.9344131e-01 -3.3105457e-01  3.8810160e-02 -2.7713421e-01 -3.6042251e-02  2.7439351e+00  4.9765121e-02  5.4035878e-01 -9.3668556e-01  6.5853006e-01 -7.3196518e-01]
 [-8.7697789e-02  8.2602538e-02 -2.0833120e-01 -6.2310897e-02 -1.0162350e+00 -2.1074054e-01  1.9070387e-02 -7.0225552e-02  3.8657160e-03  3.2301130e+00  1.0850836e-02  1.1785398e+00 -5.6731546e-01  4.0961683e-02 -1.1995960e+00]
 [ 4.2673388e-01  1.3394673e+00 -1.1391867e-02  1.7892339e+00  1.8024568e-01  1.0903177e+00 -3.3726490e-01  4.5660357e+00  7.4971683e-02 -2.1564923e-02 -6.8817621e-01  9.8236525e-01 -3.4343994e-01 -4.4799772e-01 -6.7518580e-01]
 [ 4.8664230e-01  1.9147413e+00 -1.2718076e-01  1.8470292e+00  7.8266911e-02  1.2969916e+00  3.2894158e-01  2.0846224e+00  1.6653877e-01  2.6297338e-02 -7.3081183e-01  9.2527992e-01 -4.1770768e-01  3.8089219e-02  2.9135042e-01]
 [ 5.3081656e-01  1.2362425e+00 -2.8477734e-01  1.6616809e+00 -1.0326057e-02  1.0299978e+00 -5.2217728e-01  1.3755195e+00  1.7993259e-01  2.3667816e-02 -5.0806594e-01  9.8766398e-01 -5.0127673e-01 -2.8898805e-01 -9.6556389e-01]
 [-2.9465103e-01  1.4293414e-01 -5.8286613e-01 -1.9786824e-01 -1.1540420e+00 -7.4678850e-01  1.5762386e-01 -6.2582928e-01 -1.0809350e+00 -9.1001451e-01 -1.4798858e+00 -7.2742897e-01 -8.2142884e-01  1.5806699e-01 -1.8725775e+00]
 [-2.3642060e-01  8.9558907e-02 -3.4420282e-01 -6.9616102e-02 -1.0667301e+00 -8.0689281e-01  3.8205686e-01 -1.1315827e+00 -1.0712414e+00 -8.0753103e-02 -8.0675739e-01 -1.0244855e-01 -6.3563824e-01  1.3022785e-01 -1.3297427e+00]
 [ 4.5322906e-03  2.0310178e-01 -1.7083979e-01 -5.5428892e-02 -1.5191938e+00 -1.4218599e+00  2.1099462e-01 -5.4986435e-01 -1.1916064e+00  1.5702417e-02 -8.0034065e-01 -2.8135726e-01 -6.6353714e-01 -8.5306078e-02 -1.6310897e+00]
 [ 1.6790735e+00  1.0651502e-01 -1.5165472e+00 -1.3510255e+00  2.3669268e-01  5.8847332e-01  8.1190020e-02  2.9795000e-01 -5.1810771e-01 -9.7003412e-03 -8.8473552e-01  7.5131798e-01 -1.9695222e-01 -4.9167141e-01 -2.6774271e+00]
 [ 2.8448904e+00 -4.6983063e-03 -5.9243560e-01 -4.0171891e-01  1.7436087e-02  8.9881766e-01 -1.5974647e-01 -2.8541028e-01 -1.0635813e+00  3.8112637e-01  3.9794892e-03  3.8337374e-01 -4.6490812e-01 -9.9817581e-02  2.9952583e-01]
 [ 2.0613823e+00 -4.4537902e-01 -1.0268168e+00 -1.0177933e+00  8.1098452e-02  6.4072037e-01  7.3540494e-02  7.3338509e-01 -2.0426846e+00 -6.6981986e-02 -1.3020573e+00  1.2296528e+00 -8.8233892e-03 -5.4091406e-01 -9.9277586e-01]]
topics:
[[ 2.7053828  -1.1675365   1.3299689   1.2826272   1.1931125   0.9045172  -0.40307173 -0.63877577  1.8585601   2.0944042   1.5977874  -0.8016206  -2.1193492  -3.346168    1.3002199 ]
 [ 0.82930106 -0.46152934 -2.2936935  -0.24745317 -2.4177823   2.4226677  -2.369533    7.785731   -3.5956042  -2.803268   -0.31351903  1.7719682  -3.4038007   1.981314    0.43320674]
 [ 0.8392125  -1.102332    0.5650107   0.09559617 -1.1566826   0.35800195  0.04819595 -0.02000195  0.19724321 -0.5127798  -0.16788435  0.04663606 -0.6688278  -1.0780989  -0.5422203 ]
 [ 1.9306111   6.2883015  -1.3834854   3.1179066  -3.1366894  -2.650817   -0.57401615 -1.2026844  -2.4262166   3.0611508   2.5253048  -6.5461745   3.4981294  -0.37281132 -2.149627  ]
 [-2.9000742   2.203665   -1.5450952   2.7816381   1.0254887   3.8731976   4.811554   -0.27146134 -1.8090589  -1.5282788  -4.936809    1.9852884   2.1333857   1.6348181   1.862773  ]
 [ 3.7411969  -3.3783195   3.381029    3.3682325  -0.3780885   4.3860173  -1.1677436   1.2395064  -1.773495    3.5242312  -0.18914074 -1.2913672  -3.2498899   1.2643769   3.963587  ]
 [ 0.96487784  2.8834639  -1.0246292  -1.2312306  -0.62989366 -0.2149285  -0.7245787   3.3106825   0.341196    1.3821057  -0.3896169  -3.4812987   0.8172507  -3.5732543  -3.1764178 ]
 [-2.1749427   1.1816758   0.26289916  1.0763221  -3.3385987  -1.9119008  -0.5999028   0.6577111  -3.108851   -3.6530285  -3.8678255   1.6573511   1.1863651  -1.7365268  -0.47608355]
 [-3.011293   -0.958373    6.7803655   3.6554074   4.5081167   1.0359007   0.22162339 -1.4093522   3.0991144   0.9174452  -3.7867174   1.3320568   0.38820747  1.4197156  -4.1497054 ]
 [-2.3694165   0.7158886   2.1223826   4.726509   -2.5822272   2.4475121   6.8036747  -3.336192    2.9817739   0.6869998  -1.8742673   1.4032007  -3.1821573  -4.6002016   0.43197274]]
R:
[[1.74413398e-01 1.19894966e-01 4.30182190e-05 1.52184507e-02 2.85449680e-02 2.83166170e-02 4.18172628e-01 1.86376959e-01 6.26844494e-03 2.27504913e-02]
 [1.33956030e-01 1.22471057e-01 1.99201997e-04 2.20433250e-02 1.00579590e-01 3.90343070e-02 3.32326978e-01 2.23537922e-01 1.61141735e-02 9.73747950e-03]
 [1.27434075e-01 1.17846340e-01 1.26397260e-03 3.04863192e-02 1.10915467e-01 4.99905795e-02 3.66243482e-01 1.76570371e-01 1.11992210e-02 8.05012137e-03]
 [6.09683525e-03 3.06211084e-01 1.79980358e-03 1.53327897e-01 8.53090584e-02 1.68051764e-01 8.10512155e-02 8.00802931e-02 2.50038840e-02 9.30681750e-02]
 [4.84717526e-02 2.34103963e-01 2.06052646e-04 1.53133512e-01 5.27432524e-02 1.50365278e-01 1.52170330e-01 2.55219527e-02 6.28334135e-02 1.20450459e-01]
 [5.91386072e-02 2.35996589e-01 4.73451975e-04 1.59396350e-01 7.41952583e-02 1.64070994e-01 1.40581489e-01 3.17678824e-02 4.26911376e-02 9.16882455e-02]
 [1.05942301e-01 4.21031658e-03 3.46797693e-04 5.92256673e-02 6.95492029e-02 1.50476564e-02 1.63662527e-02 2.34294131e-01 1.26935646e-01 3.68082017e-01]
 [1.26550436e-01 7.52534484e-03 3.50127785e-08 6.84783459e-02 1.50504266e-03 1.48551520e-02 1.45374341e-02 2.72760481e-01 1.28454149e-01 3.65333587e-01]
 [9.17334855e-02 1.47551708e-02 1.06641619e-06 6.29337132e-02 3.13521922e-03 1.70911453e-03 3.12273726e-02 2.46937618e-01 1.42957568e-01 4.04609710e-01]
 [1.31728217e-01 4.97904308e-02 1.18493580e-03 4.12820950e-02 2.30496034e-01 3.97721380e-02 2.29976580e-01 1.60358325e-02 4.00242470e-02 2.19709530e-01]
 [1.78459883e-01 7.04808459e-02 6.71996968e-04 5.10337204e-02 2.09335685e-01 6.85319752e-02 2.10729927e-01 2.42667869e-02 1.65837258e-02 1.69905439e-01]
 [1.35815397e-01 3.71735878e-02 4.84550343e-04 7.22948462e-02 2.34927461e-01 7.33545348e-02 2.60916770e-01 1.04425605e-02 1.97440479e-02 1.54846266e-01]
 [2.03416473e-03 7.33047277e-02 7.76014422e-05 2.05616020e-02 1.03493415e-01 1.06480708e-02 3.22289728e-02 1.98062211e-02 1.23017039e-02 7.25543439e-01]
 [2.49974243e-02 9.19228643e-02 2.25122640e-04 2.04191245e-02 6.82144240e-02 7.73292209e-04 3.35275941e-02 3.94254103e-02 1.61835160e-02 7.04311252e-01]
 [7.04650069e-03 4.78701964e-02 3.78474739e-04 2.01823171e-02 1.48828149e-01 3.07411533e-02 5.63788041e-02 2.89957859e-02 1.96519829e-02 6.39926672e-01]]
cosine similarity of topic:
[[ 9.99999881e-01 -7.39238203e-06  9.23371590e-06  5.82043299e-07  7.68921655e-06 -4.95524455e-06 -3.85085423e-06 -2.53385078e-05  4.47497541e-06 -5.55977431e-06]
 [-7.39238203e-06  9.99999762e-01  1.19068172e-05 -4.83362157e-07  7.55262181e-06  6.91345292e-07  1.12317011e-05 -6.82204018e-08 -9.86333180e-06  8.65029233e-06]
 [ 9.23371590e-06  1.19068172e-05  9.99999821e-01 -7.47465083e-06  3.67538382e-06  6.12366148e-06 -1.20914829e-05  3.67487837e-06 -1.32683508e-05  1.54109202e-05]
 [ 5.82043299e-07 -4.83362157e-07 -7.47465083e-06  1.00000012e+00 -6.82792825e-06 -5.40865813e-06 -9.44912927e-07 -8.97658447e-06 -2.36293317e-06 -2.40001395e-06]
 [ 7.68921655e-06  7.55262181e-06  3.67538382e-06 -6.82792825e-06  1.00000000e+00  2.65246354e-06  3.32231662e-06 -3.85866088e-06 -3.19329206e-06  4.48928972e-07]
 [-4.95524455e-06  6.91345292e-07  6.12366148e-06 -5.40865813e-06  2.65246354e-06  9.99999881e-01 -1.49407867e-06  3.99305509e-06 -5.69840086e-06 -2.31109908e-07]
 [-3.85085423e-06  1.12317011e-05 -1.20914829e-05 -9.44912927e-07  3.32231662e-06 -1.49407867e-06  1.00000000e+00  9.82517918e-07  1.79259609e-06 -1.21963521e-05]
 [-2.53385078e-05 -6.82204018e-08  3.67487837e-06 -8.97658447e-06 -3.85866088e-06  3.99305509e-06  9.82517918e-07  1.00000000e+00  5.45015882e-06  1.44740579e-06]
 [ 4.47497541e-06 -9.86333180e-06 -1.32683508e-05 -2.36293317e-06 -3.19329206e-06 -5.69840086e-06  1.79259609e-06  5.45015882e-06  1.00000012e+00 -1.04886985e-05]
 [-5.55977431e-06  8.65029233e-06  1.54109202e-05 -2.40001395e-06  4.48928972e-07 -2.31109908e-07 -1.21963521e-05  1.44740579e-06 -1.04886985e-05  9.99999940e-01]]
