hidden representaion(r*topic):
[[ 1.07585818e-01  6.07530847e-02  3.98190022e-02 -9.22263116e-02  4.32051346e-02 -1.75604299e-01 -4.98846248e-02  1.37605190e-01  4.27955762e-02 -2.12387443e-02 -8.78366381e-02 -7.87088200e-02  4.93198410e-02 -1.41996711e-01 -2.20906269e-03]
 [-6.96085095e-02 -9.61918458e-02  3.69795449e-02  9.05782059e-02  1.25543371e-01 -5.06261550e-02 -1.72384843e-01  9.71512049e-02  1.40485421e-01 -1.45169973e-01  1.74225405e-01 -3.61767635e-02 -2.16495112e-01  9.21213701e-02 -1.26430079e-01]
 [-6.93390369e-02 -1.33061334e-01  8.96263216e-03  1.20781809e-01  1.94233954e-01 -1.71132144e-02 -2.93775201e-01  2.20633507e-01  1.28377274e-01 -1.63698882e-01  2.25219548e-01 -8.00795201e-03 -2.88771480e-01  1.34273842e-01 -1.42680451e-01]
 [-4.07343060e-02 -5.16399853e-02 -1.36351427e-02  7.15872943e-02  1.38297960e-01 -2.74521261e-02 -1.81133792e-01  1.21449187e-01  1.51839912e-01 -1.04683988e-01  2.07052559e-01 -8.82043689e-03 -2.66052872e-01  9.51226279e-02 -1.34997085e-01]
 [ 1.70589268e-01  5.04843183e-02  1.59602419e-01  7.87496865e-02  1.71138749e-01  4.22462970e-02  6.53020367e-02  6.88996464e-02  1.33483699e-02  1.65148139e-01  1.52427899e-02 -3.57529521e-02  8.82646143e-02 -3.42174210e-02  4.25698236e-02]
 [-5.82536757e-02 -9.72530097e-02  6.08773949e-03  9.62087139e-02  1.61578789e-01 -2.83699445e-02 -2.32071534e-01  1.63851440e-01  1.38429105e-01 -1.38800770e-01  2.07289651e-01 -1.42562734e-02 -2.65543759e-01  1.11721486e-01 -1.36335447e-01]
 [-4.39647250e-02 -1.48428772e-02  3.48387957e-02  3.05481423e-02  4.59127985e-02 -8.45017731e-02 -2.68512778e-02 -3.36516909e-02  1.59030259e-01 -8.74000266e-02  1.20568208e-01 -5.40597104e-02 -1.48076802e-01  3.45846042e-02 -1.06606394e-01]
 [ 1.46440610e-01 -1.19155180e-02  1.30998358e-01  5.10360301e-02  6.10264987e-02 -2.31574220e-03 -2.42488328e-02  5.12239784e-02  9.65818539e-02  1.67402014e-01 -1.46024525e-02 -5.18705957e-02  7.21763745e-02  5.19433580e-02 -4.18854766e-02]
 [ 2.80723497e-02  3.86387967e-02 -2.12535597e-02 -3.91446948e-02  6.45428896e-02 -9.80193764e-02 -6.70707524e-02  4.88822497e-02  1.43828034e-01 -2.94950362e-02  8.93092752e-02 -4.33889255e-02 -1.46182999e-01  1.27858669e-03 -9.46983919e-02]
 [ 1.41748503e-01  8.01070593e-03  1.35790810e-01  6.28460199e-02  7.81809613e-02  1.38808042e-04  3.81805212e-03  5.79136424e-02  7.30809867e-02  1.56935886e-01 -9.82846599e-03 -4.39204313e-02  8.00967067e-02  1.99139789e-02 -1.42739303e-02]
 [-2.49439832e-02  1.14197448e-01 -6.10795245e-02  3.02220974e-03 -5.74894622e-03 -8.24537352e-02  6.70773387e-02 -2.49488279e-02  1.32558435e-01  5.27956709e-02  1.14112258e-01  3.92107144e-02 -1.17083766e-01  2.93125771e-03 -5.98308779e-02]
 [ 1.44829676e-01 -1.37900596e-03  1.34935871e-01  6.19039014e-02  7.16475919e-02 -3.17756203e-04 -8.44077300e-03  5.60705252e-02  9.06681046e-02  1.73304543e-01 -1.04352366e-02 -4.99686599e-02  8.06909651e-02  4.23899069e-02 -2.26555821e-02]
 [ 2.83431672e-02  2.32289433e-01 -1.47023395e-01 -5.26033342e-02 -3.15557420e-02 -6.27531409e-02  1.36091366e-01 -5.11881411e-02  1.53322011e-01  1.55654579e-01  1.37880430e-01  8.47247243e-02 -1.53538659e-01 -2.21854970e-02 -5.70783913e-02]
 [ 1.04705639e-01 -1.14611024e-02  1.00331239e-01  6.57551661e-02  1.84610374e-02 -3.41558941e-02 -3.67259718e-02  7.76470229e-02  1.06998540e-01  1.85302705e-01 -2.23469865e-02 -2.73195542e-02  8.89236033e-02  7.24336579e-02 -3.01883537e-02]
 [ 7.95085728e-02 -8.51969514e-03  7.11450726e-02  5.65852262e-02  4.26703552e-03 -4.69107628e-02 -3.87581512e-02  1.05598867e-01  6.44623712e-02  1.64685413e-01 -2.62162481e-02  2.23643705e-02  8.27503130e-02  6.17090538e-02 -3.48622762e-02]]
R_hid(hidden representaion to predict r):
[[ 1.4495747   4.2627954   1.7328196  -1.4543724  -1.4568048  -1.4574133   5.288585    2.1930232   4.1252365   1.5583329  -1.4270221  -1.4552321   1.9364705  -1.4577256  -1.4576463 ]
 [ 6.803906   -1.457728   -1.4512131  -1.3831204  -1.4577388  -1.4547659   7.2336054   4.59237    -0.6303483  -1.4577388   2.364862   -1.4577     -1.4412239  -1.4533257  -1.457708  ]
 [10.150185    7.7188582   4.189985    8.652195   -1.4562697  -1.4227796  10.039736    4.4939823   4.456992   12.32861    12.550798    3.2247868  -1.4574007  -1.4577386  -1.4577388 ]
 [ 6.6763577  -1.4577386  -1.3786625  -1.4128331  -1.4577333  -1.4371806   1.8276978   2.0255737  -1.453774   -0.5143394   5.451921   -1.4575372  -1.4577388   0.8130737  -1.4567144 ]
 [ 3.3364472   4.3549914   1.5618508   3.903419   -1.4571834   7.7914734   4.8310003   3.1644611  -1.4577388  -1.4377066   0.9531574  -1.3382981  -1.4152734  -1.4473768  -1.4523609 ]
 [ 2.8766565   2.0592651   3.950068    0.3434478  -1.4542925  -0.8893825   7.273883    3.168644    2.503868    4.4913645   3.0119724   2.761828   -1.0591748  -1.4576551  -0.71751785]
 [ 2.5122519  -1.4465994   1.1824418  -1.425679   -1.45751    -1.4577388   4.244102    2.3778944   1.0678058  -0.8318461  -1.2749298  -0.97883296 -1.1843208  -1.4572517  -1.4438473 ]
 [ 2.6491246  -0.9883617   4.252432   -1.4577388  -1.3140743   0.8323944   2.1553326  -0.7529019  -1.4577388   3.3738885   2.1713781   1.4234692  -1.3763366   1.059994    5.2217655 ]
 [ 3.529697   -1.4577388   1.3075626  -1.2580272  -1.4566075   0.62944543  2.894567    0.4653917  -1.4577388  -1.4420396  -0.87467897  0.29988903 -0.16028258 -1.3904784  -1.3898335 ]
 [-1.0777266   9.888597   -1.4190029  -0.51289326  3.213036   -1.4214941   0.2774803   1.6879315   3.752809   -1.2850434  -1.4239405  -1.4571887  -0.6457157  -1.4276004  -1.450133  ]
 [ 1.563868   -1.4576985  -1.4575088  -1.441583   -0.42975426 -1.455776   -1.3048435   1.360304   -0.9103209   2.3453135  -1.4577388  -1.4570434  -1.3942912  -1.3742778  -1.452117  ]
 [ 1.2322531   4.3632183  -1.387983    2.5933042   1.4041388  -1.1463645  -1.325616   -1.4577388   1.3714138   1.1234741  -0.9449209  -1.4188663  -0.7828388  -1.4383849   1.598661  ]
 [-1.1375822  -1.4570317  -1.4324732  -1.4410369   1.8245431  -1.2489512  -1.4330612   2.5174088  -1.4461197  -1.4577388  -1.1727259  -1.4114944  -1.3728085  -1.1814892  -1.3904542 ]
 [ 1.5922947   5.241572    0.6480596   2.6221352   2.8790598  -1.4569368  -1.4232984  -1.4577388  -1.3874089   7.3131437   2.7477036  -1.3470289  -1.4573784  -1.457599    2.8673983 ]
 [ 1.7563764   2.5952535  -1.4577388   0.7897528   6.8562455   2.5388317  -1.1178285  -1.3749214  -0.7379123   0.15220222 -1.268779   -1.4577388  -1.4555361  -0.6930628   0.87931544]]
topics:
[[ 9.56838354e-02  1.95853505e-02 -1.05905369e-01 -1.47822931e-01  1.52143300e-01  1.02521248e-01 -8.91183466e-02  2.11591110e-01 -4.62698370e-01  3.12456544e-02 -4.91680726e-02  3.82747948e-01 -4.90376651e-02 -7.14566931e-02 -2.01226503e-01]
 [ 1.81398794e-01  7.89941996e-02 -5.59632517e-02 -2.84485191e-01  4.72674891e-02 -2.98432380e-01 -1.63032219e-01  2.13580206e-01  9.54915211e-02  6.81540146e-02 -1.90139949e-01 -1.52632982e-01  8.42843875e-02 -1.17076837e-01 -1.66881382e-02]
 [ 2.03030854e-01  1.38648421e-01  1.90354332e-01  1.07588813e-01  3.17999542e-01  1.02984332e-01  1.87983885e-01  9.69301388e-02 -1.18248254e-01  1.61609635e-01  4.90105897e-02  4.35006397e-04  1.12625562e-01 -1.57589614e-01  1.53752863e-01]
 [ 1.17690906e-01 -1.10858157e-01  1.12983614e-01  3.05527747e-02 -1.04810968e-01 -6.96493387e-02 -1.52338937e-01  8.52562487e-03  2.68207967e-01  1.84594795e-01 -5.14887236e-02 -1.13200344e-01  5.56566119e-02  1.95818111e-01 -1.56522557e-01]
 [-1.74853310e-01  1.32395849e-01 -1.55034915e-01  1.46780238e-01 -5.55753559e-02 -1.70107231e-01  2.17640009e-02  3.64539415e-01 -1.57157809e-01  2.45876119e-01 -4.08729762e-02  3.15192282e-01  2.00762540e-01 -7.16075720e-03  1.73155084e-01]
 [-7.78328180e-02 -1.53678864e-01  1.97851732e-02  1.31805405e-01  2.02994972e-01 -1.79202892e-02 -3.13168973e-01  2.34634221e-01  1.23438731e-01 -1.80179909e-01  2.24805981e-01 -1.20956898e-02 -2.87517220e-01  1.41090810e-01 -1.43643767e-01]
 [-6.59533441e-02  1.26243327e-02  1.02281101e-01  6.10235101e-03 -5.86279966e-02 -1.37650073e-01  1.54643863e-01 -2.29952529e-01  1.73271716e-01 -8.55003297e-02  4.11381684e-02 -1.05097249e-01 -2.77072191e-02 -2.16502659e-02 -8.22441429e-02]
 [ 1.67422652e-01  3.98365170e-01 -2.69641280e-01 -1.76521987e-01 -1.87232047e-02  1.80507116e-02  1.97821900e-01 -1.62970871e-01  2.83680767e-01  2.45571062e-01  2.59530902e-01  7.67827183e-02 -3.64409685e-01 -3.60845961e-02 -1.42794833e-01]
 [ 1.06304102e-01 -3.28837223e-02  1.87818334e-01  7.42618814e-02  4.03898507e-02 -1.54576644e-01  1.85811013e-01  2.22891182e-01  5.19961677e-02 -7.87214115e-02  7.53589198e-02  1.26975432e-01  1.17218848e-02 -3.21164839e-02  5.51458709e-02]
 [ 3.94709408e-02  7.09946528e-02  1.66435763e-01  1.14342742e-01  8.93760845e-03 -4.59841676e-02  1.23251468e-01  1.94722470e-02 -4.04383652e-02 -1.31899536e-01 -1.53580168e-02 -8.58950149e-03  5.54869026e-02 -2.36313149e-01  3.30059789e-02]]
R:
[[3.4251421e-05 5.1443326e-01 1.2833166e-02 5.6819697e-03 7.3019229e-03 5.9367724e-02 4.9302010e-03 2.8197367e-03 1.8630300e-02 3.7396747e-01]
 [1.8169313e-09 5.6486084e-07 1.0244780e-17 3.1672510e-14 1.7679205e-04 7.0086288e-01 2.7883771e-01 2.0021057e-02 1.0098971e-04 9.5689047e-12]
 [2.9924736e-11 1.0102341e-07 5.0849894e-07 1.1646518e-06 2.8781779e-03 9.6102536e-01 3.4181765e-04 3.5752714e-02 1.0719912e-07 5.5654331e-10]
 [1.9520352e-09 2.7630975e-07 1.5677006e-19 7.7767518e-14 3.8567530e-03 7.3023570e-01 1.1887348e-01 1.4702760e-01 6.1993883e-06 3.7118913e-10]
 [7.3286407e-03 2.1045068e-03 6.4090079e-01 3.3958530e-01 7.0194095e-05 8.5652182e-03 3.2905574e-04 5.6859798e-04 2.0139218e-05 5.2761158e-04]
 [3.4355453e-06 5.3668376e-03 1.9330022e-05 8.4156098e-05 2.7719282e-03 8.2867670e-01 9.2353567e-02 7.0648104e-02 2.2251032e-05 5.3699936e-05]
 [8.9126770e-05 2.9266210e-02 4.9872419e-06 4.2326569e-06 5.1276246e-03 3.7402925e-01 5.0505006e-01 8.2935199e-02 1.6958044e-04 3.3237594e-03]
 [3.5692990e-02 7.0189252e-03 3.6396545e-01 5.8063048e-01 3.5640029e-03 2.6382993e-03 1.0053986e-05 6.7557179e-04 1.1910922e-04 5.6851241e-03]
 [7.3086917e-03 2.0962082e-01 9.3084469e-04 4.5325771e-05 1.2109734e-03 3.4041259e-01 2.2317909e-01 1.7087564e-01 2.0890543e-03 4.4327028e-02]
 [1.7841557e-02 7.5227134e-03 4.0283543e-01 4.9849820e-01 2.2105882e-02 4.3100845e-06 8.4994412e-08 3.3877594e-05 9.0860302e-04 5.0249398e-02]
 [2.1251115e-06 2.4007724e-08 2.5108806e-17 4.5280828e-12 1.9032882e-01 1.5827900e-01 3.7875995e-01 2.7247906e-01 1.5098910e-04 8.1253768e-09]
 [1.3085235e-02 1.6922324e-03 4.0472668e-01 5.5240601e-01 2.3813941e-02 1.2896024e-04 5.3009398e-08 1.4531628e-04 1.1550460e-03 2.8464443e-03]
 [1.0962514e-03 3.9553952e-06 2.7303949e-12 4.4168985e-08 2.2495948e-01 2.2200774e-02 2.4227610e-01 5.0919592e-01 2.6698064e-04 4.5357845e-07]
 [2.5192376e-03 4.1744693e-06 2.7521658e-01 5.9712327e-01 1.2427374e-01 2.3997352e-04 1.6591800e-08 2.2669927e-04 7.7191136e-05 3.1908706e-04]
 [6.2866718e-02 3.8930326e-04 1.8172534e-01 5.2621114e-01 1.7095935e-01 1.2250273e-05 1.4594222e-05 1.0059848e-04 3.2859489e-02 2.4861136e-02]]
cosine similarity of topic:
[[ 1.00000000e+00 -2.05706219e-05 -8.84100664e-05 -7.42964112e-05  8.08089972e-05 -4.25959552e-05 -1.32984605e-05  3.17283520e-05 -5.20059984e-05  7.79167967e-05]
 [-2.05706219e-05  1.00000000e+00 -1.22110723e-04 -3.31471456e-05  2.42803180e-05  8.55732026e-07 -1.34054426e-04 -3.48898320e-05  4.55392401e-05 -5.72615136e-05]
 [-8.84100664e-05 -1.22110723e-04  9.99999821e-01 -2.89641648e-05  8.91920063e-05  7.21226979e-06  1.03877755e-04  7.60951589e-05  1.07676737e-04  6.76630007e-05]
 [-7.42964112e-05 -3.31471456e-05 -2.89641648e-05  1.00000012e+00 -5.44724389e-05 -8.92682438e-05 -4.76800342e-05 -6.51901282e-05  9.51603579e-05 -1.56033944e-04]
 [ 8.08089972e-05  2.42803180e-05  8.91920063e-05 -5.44724389e-05  1.00000036e+00 -2.68646745e-05  4.35185102e-05 -5.66923954e-05 -7.88158104e-07  1.03196478e-04]
 [-4.25959552e-05  8.55732026e-07  7.21226979e-06 -8.92682438e-05 -2.68646745e-05  9.99999940e-01  2.82467736e-05 -7.39151001e-05  3.89164961e-05  3.01260970e-05]
 [-1.32984605e-05 -1.34054426e-04  1.03877755e-04 -4.76800342e-05  4.35185102e-05  2.82467736e-05  1.00000024e+00  2.97914903e-06  5.00524038e-06 -5.07915283e-05]
 [ 3.17283520e-05 -3.48898320e-05  7.60951589e-05 -6.51901282e-05 -5.66923954e-05 -7.39151001e-05  2.97914903e-06  1.00000012e+00 -3.30472030e-05  9.91927154e-05]
 [-5.20059984e-05  4.55392401e-05  1.07676737e-04  9.51603579e-05 -7.88158104e-07  3.89164961e-05  5.00524038e-06 -3.30472030e-05  9.99999881e-01 -5.43365968e-05]
 [ 7.79167967e-05 -5.72615136e-05  6.76630007e-05 -1.56033944e-04  1.03196478e-04  3.01260970e-05 -5.07915283e-05  9.91927154e-05 -5.43365968e-05  9.99999821e-01]]
