hidden representaion(r*topic):
[[ 0.02621917  0.08668559 -0.03394953 -0.05574697  0.06268293  0.05879663  0.00938618  0.06545297 -0.05302183  0.17806554 -0.07309058  0.16545975 -0.00373739 -0.06348202 -0.0360752 ]
 [ 0.00844792  0.06876457  0.10445554  0.04304824  0.17567475  0.0944594  -0.01296784  0.04874778  0.03883937  0.18841241 -0.11182353 -0.04026481  0.1105729  -0.07424777  0.11417377]
 [ 0.00687321  0.12448266  0.1713912   0.06381476  0.27609134  0.16838044  0.05457304  0.05512711 -0.04953961  0.25658414 -0.20909385 -0.0575266   0.250975   -0.1794069   0.24576592]
 [-0.01264366 -0.00966262  0.05775085  0.03798052  0.13810237  0.03040717 -0.08258571  0.11904106 -0.02225893  0.08060817 -0.06177577  0.03567157  0.03869434 -0.02741177  0.03298959]
 [ 0.01047482  0.13639401  0.15785578  0.05452758  0.2628141   0.16827595  0.05999311  0.0409048  -0.02646567  0.26337677 -0.19666368 -0.05603538  0.22893792 -0.17322658  0.23064026]
 [ 0.01483661  0.06549541  0.082323    0.02356804  0.16006087  0.05762559  0.02733565  0.13047105 -0.11565056  0.17442097 -0.12800422  0.09154892  0.161276   -0.12091149  0.12446152]
 [ 0.00352079 -0.02612078 -0.05762699 -0.07258353  0.09547098  0.07965681 -0.08531857  0.17423935 -0.31675473  0.10119595 -0.15735306  0.31387186  0.02590121 -0.07462012 -0.09727041]
 [ 0.01545022  0.0690105   0.04068461 -0.00076396  0.09030243  0.00481457  0.02523508  0.1005524  -0.03679495  0.14133097 -0.07559521  0.08933084  0.08228725 -0.0851933   0.06093247]
 [ 0.00681278  0.05477428 -0.00382675 -0.02660813  0.08438295  0.03695242 -0.01685118  0.08085341 -0.04360168  0.13026582 -0.06954183  0.11985575  0.0113556  -0.0589533  -0.00988136]
 [ 0.02539307  0.14859946  0.05191697 -0.0081479   0.1353565   0.10367794  0.06288484  0.01117176  0.0421231   0.23770617 -0.10408291  0.02516789  0.08088367 -0.11141474  0.09104449]
 [ 0.03131584  0.16093862 -0.07161766 -0.07600543 -0.02724814  0.01007619  0.06656569 -0.04690867  0.17134507  0.19124633  0.02681929  0.09115355 -0.11223166 -0.02417643 -0.07483578]
 [ 0.03837772  0.1733532  -0.02982099 -0.05698152  0.02944184  0.04789527  0.07545586 -0.03198463  0.1389653   0.22285162 -0.01839066  0.06292601 -0.04504988 -0.06054561 -0.01332285]
 [ 0.04038075  0.19274196 -0.09466795 -0.0884618  -0.04654453  0.01528666  0.09079812 -0.0673394   0.21620026  0.22350653  0.05537786  0.10028368 -0.14470689 -0.01296939 -0.08926689]
 [ 0.01087485  0.08718014  0.02421216 -0.00385342  0.06886102  0.01214568  0.0243154   0.04844485  0.0553643   0.14807491 -0.03870447  0.05413298  0.02181716 -0.05513675  0.03103686]
 [ 0.04292375  0.1763027  -0.05909429 -0.07187453  0.00895172  0.04388086  0.06740825 -0.03657699  0.16107467  0.22398162  0.00794137  0.0797895  -0.08980349 -0.03895961 -0.04983527]]
R_hid(hidden representaion to predict r):
[[0.3188773  1.0345234  1.0362169  0.         0.53935343 0.         0.         0.68857574 0.1179607  0.3369065  0.         0.32902142 0.         1.4653592  0.        ]
 [0.         0.         1.0284551  1.7568289  0.         0.6165929  0.47364312 0.         0.70780915 0.         0.         1.690297   0.         1.4508067  1.9370917 ]
 [1.6688812  0.         0.         0.         0.         2.2952142  0.         0.         0.         0.         0.9124499  0.         0.00304775 1.2104424  0.95511234]
 [0.         0.         0.         0.51544607 0.         0.58049124 0.9151096  0.         0.6086813  0.         0.         1.6544287  0.         1.0756463  1.814136  ]
 [1.2610523  0.46088025 0.         2.5953336  0.43595988 0.76974475 0.49717286 0.29653427 0.         0.779658   0.         0.         1.4952625  0.         0.        ]
 [0.61075145 0.1548996  0.48093626 0.         0.6484102  0.         0.7663291  0.79084665 0.2535154  0.         0.         0.         0.         0.28740102 0.        ]
 [0.4254154  0.         0.33895725 0.         0.9034929  0.         0.37652737 0.36595958 0.69323945 0.         0.         0.47632036 0.         1.0476933  0.        ]
 [0.93619746 1.972823   0.         0.         0.         0.         0.         0.34974125 0.20240095 0.77947825 0.         0.13705832 0.28155318 0.         0.        ]
 [0.17944792 1.0941623  0.9916408  0.76802945 0.666342   0.         1.3682882  0.9003805  0.         0.         0.         0.25307184 0.         0.29010993 0.        ]
 [0.65841824 0.         0.1835732  0.         1.1651593  0.         0.33826396 1.0038184  0.         1.0813527  0.         0.         1.886855   0.         0.        ]
 [0.         0.5470855  1.5279027  0.2722063  0.         0.5784254  0.31345183 0.         0.25844333 0.         2.2184136  0.5316979  0.         0.         0.52934986]
 [0.         0.09360733 0.         0.5558992  0.47168866 0.         0.         1.2035155  0.16001756 1.1962936  0.592239   0.         0.94777584 0.         0.        ]
 [0.         0.36024818 0.19680987 0.         0.         0.5401295  0.25581872 0.         1.2472281  0.         1.7069936  0.         0.03480171 0.         0.73071575]
 [0.506601   0.         0.         0.         0.         0.36382842 0.         0.7997671  0.80988985 1.0403718  0.29703826 0.99459815 0.         0.         0.34680715]
 [0.         0.         0.         0.         0.95370203 0.15409893 0.6140721  0.4226285  0.2664146  1.278082   0.         0.         1.393373   0.         0.        ]]
topics:
[[-0.0082815  -0.06618165 -0.0963181  -0.10590581  0.10880072  0.12952271 -0.14368363  0.18425314 -0.4228656   0.08287363 -0.2095521   0.38642767 -0.00442151 -0.07245532 -0.16946708]
 [ 0.19413558  0.03001335 -0.05684473 -0.25673246  0.02002459 -0.29103097 -0.14906931  0.20414734  0.08665604  0.05548121 -0.16463573 -0.14898494  0.08176979 -0.10863046 -0.01839119]
 [ 0.00612439  0.12867525  0.18352531  0.06834352  0.29132742  0.18082882  0.05809785  0.0519072  -0.05509071  0.26527435 -0.2246092  -0.06897951  0.26923236 -0.1902477   0.2625096 ]
 [ 0.09669739 -0.12113195  0.12251626  0.04578841 -0.07646237 -0.07249822 -0.15973814  0.00429088  0.2471566   0.18691885 -0.05892459 -0.14781721  0.05734724  0.18336055 -0.07520589]
 [ 0.10212846  0.08670981  0.03594757  0.03651508 -0.06736651 -0.25962067  0.2062151   0.33689564 -0.14021397  0.1594959   0.11452944  0.30888116  0.206962   -0.08101832  0.16418517]
 [-0.08300152 -0.15157376  0.03954176  0.1339119   0.20614226 -0.00867154 -0.30084082  0.21326259  0.11417109 -0.12909184  0.13382304 -0.0650287  -0.17782347  0.1333371  -0.04775503]
 [-0.21341725 -0.04288781  0.11827761  0.03399679 -0.02058424 -0.10973512  0.05347664 -0.24204202  0.18427832 -0.05134652 -0.1459932  -0.1491862   0.09369417 -0.04298357  0.07830623]
 [ 0.10744052  0.3591934  -0.22352225 -0.19544113 -0.16599609  0.04632247  0.19331126 -0.2100124   0.41362602  0.3638164   0.15071595  0.13815197 -0.31387213  0.00944675 -0.20431584]
 [-0.16989012 -0.02836574  0.06416462  0.15126209  0.06912428 -0.07144036  0.0235237   0.20774707  0.055106   -0.02806915 -0.02045979  0.14017889 -0.03036395  0.02652643  0.02422052]
 [-0.01030114  0.10431103  0.16499774  0.08184736  0.054125   -0.04978028  0.05015638  0.02566688 -0.0478385  -0.1173702  -0.11425308 -0.0258188   0.10822421 -0.24412222  0.08890196]]
R:
[[3.35414082e-01 1.36606982e-02 2.09100947e-01 2.05044337e-02 9.03988555e-02 5.04009277e-02 2.18349230e-02 2.33916864e-01 1.36880912e-02 1.10801710e-02]
 [3.34544629e-02 5.73467277e-03 5.69068313e-01 1.10482626e-01 1.16170570e-02 1.47055760e-01 2.26590615e-02 9.05059054e-02 2.05904245e-03 7.36312475e-03]
 [8.22439045e-03 2.93852121e-04 9.45257127e-01 1.44328363e-03 1.37479212e-02 1.46560045e-02 2.61748978e-03 1.30408648e-02 4.20404220e-04 2.98659288e-04]
 [1.68107688e-01 2.05165334e-02 2.62960732e-01 7.70566165e-02 7.36469775e-02 2.78897524e-01 4.54078466e-02 3.21300812e-02 1.25616984e-02 2.87143141e-02]
 [4.14611277e-04 3.29944218e-04 9.22728539e-01 3.36358557e-04 3.18274065e-03 1.62164737e-02 5.62115340e-04 5.54021075e-02 4.54154710e-04 3.72957875e-04]
 [1.91388533e-01 1.38595747e-02 4.92615014e-01 4.52786731e-03 1.86426774e-01 4.89394106e-02 2.20840946e-02 1.63330771e-02 9.38381813e-03 1.44418124e-02]
 [7.46733069e-01 7.32807582e-03 6.78371936e-02 2.53233290e-03 9.98925641e-02 2.42428128e-02 1.18738431e-02 2.59826444e-02 4.29499848e-03 9.28254798e-03]
 [1.55617267e-01 4.68024760e-02 2.87713408e-01 1.75273810e-02 1.74603954e-01 7.20538944e-02 5.72266765e-02 1.03068046e-01 3.53181176e-02 5.00687510e-02]
 [2.73008376e-01 3.01050320e-02 2.05803350e-01 9.79387388e-03 9.10398737e-02 1.27365544e-01 5.78883030e-02 1.60634875e-01 1.34834833e-02 3.08772549e-02]
 [7.26369247e-02 1.06952526e-02 5.52377462e-01 1.19222822e-02 3.13573554e-02 3.18076834e-02 1.84622724e-02 2.34812513e-01 1.31465551e-02 2.27816664e-02]
 [9.77990776e-02 2.27190405e-02 8.09592158e-02 2.09311303e-02 6.18267655e-02 9.21999440e-02 9.13114697e-02 4.65227395e-01 2.05061026e-02 4.65199202e-02]
 [6.83733150e-02 2.58615911e-02 2.71554232e-01 1.79022681e-02 4.33757566e-02 5.56385145e-02 4.25536819e-02 4.08619881e-01 2.14441512e-02 4.46765982e-02]
 [6.56233206e-02 1.00205522e-02 8.06036815e-02 1.31623056e-02 6.73794672e-02 8.98612589e-02 7.57903904e-02 5.52381456e-01 3.08172088e-02 1.43603645e-02]
 [8.67879316e-02 2.69620456e-02 2.53410012e-01 3.86014059e-02 1.14244916e-01 1.23767674e-01 7.25333020e-02 2.00784639e-01 3.48307453e-02 4.80773710e-02]
 [8.53784606e-02 2.67041400e-02 2.04861864e-01 1.82823818e-02 3.63202617e-02 8.54523256e-02 3.07407193e-02 4.62357610e-01 2.37728078e-02 2.61294097e-02]]
cosine similarity of topic:
[[ 9.9999988e-01 -3.4766992e-05 -1.0334703e-04 -3.4423101e-05  8.7342589e-05 -1.1971094e-05  4.8173200e-07 -1.5359659e-05 -8.3046820e-05  2.3405524e-05]
 [-3.4766992e-05  9.9999988e-01  4.1842479e-05  5.4804415e-05  2.1383614e-05 -6.5995489e-05 -8.8789842e-05  6.7051456e-05  5.3125237e-05  3.6932477e-05]
 [-1.0334703e-04  4.1842479e-05  1.0000002e+00 -1.9429489e-04 -4.8448957e-05 -1.6121232e-04  5.5293513e-05  4.8479687e-05 -1.0461132e-04  2.6026450e-05]
 [-3.4423101e-05  5.4804415e-05 -1.9429489e-04  9.9999982e-01 -2.0529918e-04 -1.3022173e-04 -4.8243703e-05 -1.0585936e-04  3.4601588e-05  1.2217305e-04]
 [ 8.7342589e-05  2.1383614e-05 -4.8448957e-05 -2.0529918e-04  1.0000002e+00 -6.8292735e-05 -2.5111933e-05 -9.5618252e-06 -7.3706011e-05  4.9621140e-06]
 [-1.1971094e-05 -6.5995489e-05 -1.6121232e-04 -1.3022173e-04 -6.8292735e-05  1.0000002e+00 -8.3669765e-05  9.0520089e-06  5.5108503e-05  9.3046830e-05]
 [ 4.8173200e-07 -8.8789842e-05  5.5293513e-05 -4.8243703e-05 -2.5111933e-05 -8.3669765e-05  9.9999982e-01 -1.4499058e-05  2.7536869e-05  1.6612647e-05]
 [-1.5359659e-05  6.7051456e-05  4.8479687e-05 -1.0585936e-04 -9.5618252e-06  9.0520089e-06 -1.4499058e-05  9.9999970e-01 -3.3627726e-05  1.7642080e-04]
 [-8.3046820e-05  5.3125237e-05 -1.0461132e-04  3.4601588e-05 -7.3706011e-05  5.5108503e-05  2.7536869e-05 -3.3627726e-05  9.9999970e-01 -8.8117304e-05]
 [ 2.3405524e-05  3.6932477e-05  2.6026450e-05  1.2217305e-04  4.9621140e-06  9.3046830e-05  1.6612647e-05  1.7642080e-04 -8.8117304e-05  1.0000002e+00]]
