hidden representaion(r*topic):
[[-4.06316891e-02 -2.99695358e-02 -2.48578982e-03  3.11561879e-02  5.64894713e-02 -1.08945947e-02 -6.21653609e-02  7.53668174e-02  2.31297687e-02 -1.28661264e-02  5.94027229e-02 -9.90907429e-04 -4.56047989e-02  1.59394592e-02 -1.92242786e-02]
 [-2.97254845e-02 -3.44508253e-02  1.78764667e-02  4.36836854e-02  4.35074642e-02 -1.30389333e-02 -5.66530190e-02  8.72904807e-02  3.04891374e-02 -2.30486821e-02  4.74564098e-02 -1.75100542e-03 -4.39757816e-02  2.29064375e-02 -2.28296183e-02]
 [-5.79261146e-02 -5.09048998e-02  7.94703700e-03  4.54692468e-02  6.29998520e-02  2.46466720e-04 -1.04858302e-01  9.68781933e-02  3.31895798e-02 -3.24353985e-02  8.00139531e-02 -1.32791558e-02 -7.53041059e-02  4.09642383e-02 -4.00481001e-02]
 [-3.34790014e-02 -2.53110006e-02  1.65010318e-02  3.66870016e-02  3.91589254e-02 -1.44053996e-02 -5.23684099e-02  6.93792775e-02  2.85957381e-02 -2.46624351e-02  4.39587384e-02 -8.35395325e-03 -3.13430987e-02  1.07452916e-02 -1.42228194e-02]
 [-5.03165126e-02 -5.16259260e-02  7.48405233e-03  4.43696715e-02  6.24299794e-02 -3.64810287e-04 -9.85728502e-02  1.04307517e-01  2.17608362e-02 -2.88783014e-02  6.90894201e-02 -1.47736777e-04 -7.08216280e-02  3.60741578e-02 -4.15206142e-02]
 [-4.14158963e-02 -3.60423140e-02  6.60718605e-03  3.37882675e-02  5.37639484e-02 -8.58422648e-03 -7.69367144e-02  7.77587742e-02  3.27540711e-02 -9.31713544e-03  6.41641319e-02 -1.02685895e-02 -4.65771258e-02  2.67880484e-02 -2.31403355e-02]
 [-3.69096398e-02 -1.36478683e-02  8.30735266e-03  1.98390130e-02  1.77006368e-02 -4.18745689e-02 -3.83480899e-02  6.74451143e-02  1.79403834e-02  1.28430296e-02  4.28182818e-02  2.26575024e-02  1.80636207e-03  5.82918338e-03  3.49055743e-03]
 [-5.41680260e-03 -2.10857168e-02  9.54765640e-03  2.92920433e-02  9.25292224e-02  1.07235685e-02 -3.94418240e-02  6.73922822e-02  1.51017085e-02  1.48977805e-02  4.84493487e-02 -2.25354265e-02 -1.49554480e-02 -1.09788589e-03  7.63076730e-03]
 [-4.72786576e-02 -2.16614711e-03  7.33995251e-03  1.62601806e-02  1.90512221e-02 -4.76434790e-02 -3.77921574e-02  8.89070556e-02 -1.95169114e-02  1.22791696e-02  4.72526215e-02  5.74008189e-02  1.48435533e-02 -1.32297110e-02  1.48870153e-02]
 [ 2.32115686e-02 -8.81571323e-03  3.74674122e-03  1.70961339e-02  9.89934951e-02  1.26800304e-02 -4.87435935e-03  4.85880300e-02  6.75417436e-03  3.99595499e-02  2.32855100e-02 -2.09448505e-02  1.19580822e-02 -2.14359090e-02  2.28261836e-02]
 [ 5.76056400e-03 -2.55967653e-03 -4.19564061e-02  8.81513953e-03  6.14709184e-02 -2.49780566e-02  4.45428342e-02  3.31670418e-02 -1.73149805e-03  5.22926403e-03 -4.52267099e-03  2.45686565e-02 -8.89411103e-03 -3.68746519e-02  7.10630277e-03]
 [ 4.77592535e-02  1.48158539e-02  2.13632477e-03  1.35660740e-02  1.50233462e-01  3.40803824e-02  3.25822607e-02  5.06793782e-02 -3.28089073e-02  5.43934405e-02  2.01320332e-02 -1.92438047e-02  4.16056961e-02 -6.24983832e-02  6.21374436e-02]
 [ 2.39801742e-02 -1.84024312e-03 -2.38124263e-02  1.67511944e-02  5.81045300e-02 -2.43141782e-02  4.44879904e-02  8.46279562e-02 -3.65794972e-02  1.54693648e-02 -1.41223203e-02  7.16740787e-02 -3.48025863e-03 -4.07696664e-02  2.59152171e-03]
 [ 1.00447116e-02 -8.79842322e-03 -2.08634362e-02  1.00752171e-02  1.07763752e-01  1.95705723e-02 -1.94056742e-02  7.14953765e-02 -3.48700732e-02  2.45946292e-02  2.41298545e-02  2.12146994e-02 -1.43263815e-02 -3.72324698e-02  1.57873041e-03]
 [ 2.23747063e-02  8.68427858e-04 -4.37880903e-02 -7.16822501e-03  8.46272334e-02 -3.20380321e-03  3.34296972e-02  1.26105929e-02 -8.25653132e-03  3.59032303e-02 -9.23709478e-03  4.91671357e-03  9.94063448e-03 -4.84686904e-02  1.41308242e-02]]
R_hid(hidden representaion to predict r):
[[0.         1.6637453  0.         0.0847387  0.         0.         1.6680032  0.         0.         1.3246067  0.8503737  0.         0.2953135  0.2616611  0.        ]
 [0.5147899  0.         0.         0.6656052  0.5570633  0.         0.44052544 0.         0.         0.34807876 0.72384626 0.32945567 0.4746709  0.         0.        ]
 [0.         2.3186998  0.         0.5956712  0.         1.6858203  0.08491655 1.8252758  1.7138648  2.0555577  0.61849326 0.         0.61023    0.         1.1786491 ]
 [1.3958426  0.         0.         0.2938921  0.6918481  0.         0.85949236 0.         0.         0.         0.         0.45045114 0.         0.         0.        ]
 [0.         0.         0.         0.         0.81703    0.38710567 0.20465906 0.         0.6252413  0.3623645  0.         0.         0.         0.         0.        ]
 [0.0467792  2.5309973  0.         0.827334   0.         0.01933984 0.         0.         0.36562896 1.3382235  0.50772494 0.         0.         0.         0.        ]
 [0.81494576 1.3275143  0.7093627  0.50794536 0.02715194 0.         0.83598584 0.         0.         0.         1.1355047  0.         0.35084775 0.         0.        ]
 [0.         1.464542   0.         0.4511856  0.         0.         0.80103004 0.         0.63224894 0.5682852  0.9619428  0.         0.53383094 0.         0.19802196]
 [0.38868526 0.39298218 0.         0.1940563  0.         0.         0.5444134  0.         0.         0.         0.         0.39572665 0.         0.         0.        ]
 [0.         1.2740186  0.         0.         0.         0.         1.7497292  0.         0.         0.         1.0191875  0.         1.6703833  0.         0.        ]
 [0.40244895 0.52194583 0.         1.6783752  0.         0.         0.         0.         1.2901059  0.61834574 1.0343764  0.17145088 0.38220194 0.13332361 0.21017507]
 [0.         1.3391922  0.         1.0160434  0.         0.         0.7919045  0.         0.         0.961824   1.1396222  0.         1.2163253  0.         0.4951961 ]
 [0.1589684  0.51668423 0.         1.60512    0.         0.         0.         0.         1.0301183  0.00622415 2.0213912  0.         0.98448586 0.42185822 0.37366104]
 [0.         2.6709054  0.         1.1964294  0.         0.         0.61673975 0.23041797 0.88893485 0.6498289  0.57417905 0.         1.3361924  0.         0.7858367 ]
 [0.         1.4655173  0.         1.3350778  0.         0.         0.         0.         1.9203522  0.         0.55089825 0.         1.9384931  0.         0.26799402]]
topics:
[[ 4.50706035e-02 -3.53629701e-03 -1.05309673e-01 -4.51032072e-02  1.33214563e-01  3.82564887e-02  7.78029673e-03  9.69438925e-02 -1.86544687e-01  4.64919768e-02 -6.76655620e-02  1.60667151e-01 -1.31813446e-02 -1.24966301e-01 -4.13896330e-02]
 [ 7.16742873e-02  2.34037358e-02 -1.93184763e-02 -9.16142538e-02  2.61652078e-02 -1.31464660e-01 -5.35891764e-02  9.42241549e-02  3.03576514e-02  2.26113256e-02 -6.87470436e-02 -4.60342802e-02  2.64266264e-02 -7.72491619e-02 -2.45987764e-03]
 [ 8.83741602e-02  4.58818227e-02  2.08534822e-02  1.54317115e-02  2.01928303e-01  5.21924645e-02  9.31349099e-02  3.07683498e-02 -4.02217917e-02  8.48391652e-02  1.78676844e-02 -5.50406352e-02  9.85633209e-02 -9.77143571e-02  1.28679544e-01]
 [ 5.39226979e-02 -4.70701456e-02  3.46805565e-02 -2.73556565e-03 -2.51293909e-02 -2.18598302e-02 -5.91716841e-02  7.51374569e-03  1.11656591e-01  1.08585149e-01 -2.18955502e-02 -4.42022868e-02  1.82490833e-02  6.13933355e-02 -4.64373827e-02]
 [-8.18300322e-02  2.17794105e-02  3.29408869e-02  8.13114922e-03 -2.52636690e-02 -8.47229660e-02 -5.86470924e-02  1.21969491e-01 -5.69975786e-02  3.16968672e-02  7.05143288e-02  1.13361858e-01  6.48101270e-02 -2.42851321e-02  4.46647666e-02]
 [-6.93105459e-02 -6.12039492e-02  1.85748357e-02  5.44428006e-02  5.94873577e-02  3.20826337e-04 -1.26336902e-01  1.10214487e-01  3.99449915e-02 -4.21403870e-02  9.12325010e-02 -1.77447610e-02 -8.47522393e-02  5.59119768e-02 -4.72574532e-02]
 [-2.08515320e-02  1.21753523e-02 -7.96803012e-02 -1.09782908e-02  4.72483151e-02 -5.24441898e-02  9.65007320e-02 -9.53445658e-02  8.23351219e-02 -5.02470694e-03 -2.08754418e-03 -7.04271346e-02  1.20811667e-02 -3.89296338e-02  4.30395976e-02]
 [ 6.31950200e-02  1.47854298e-01 -1.23315409e-01 -5.48705384e-02  6.05385331e-03  2.61205900e-03  8.84318799e-02 -6.96135238e-02  1.16329774e-01  9.92434472e-02  1.07544310e-01  2.63013355e-02 -1.48096591e-01 -4.86142822e-02 -4.22580801e-02]
 [ 6.10037483e-02  1.95939047e-03  2.02417225e-02  6.22403920e-02  2.46717278e-02 -5.82152084e-02  1.24784224e-01  1.11566775e-01  1.99732669e-02  1.70497209e-04 -2.60411780e-02  6.51545376e-02 -2.36436870e-04 -9.57887340e-03  2.37570982e-02]
 [ 1.81052275e-02  3.43750454e-02  6.24310225e-02  2.38004979e-02  3.51798284e-04 -1.25024393e-02  2.07349826e-02  2.45088991e-02 -8.74627102e-03 -3.51410434e-02 -3.23212631e-02 -6.39838446e-03  5.99842444e-02 -7.29089305e-02  3.32412682e-02]]
R:
[[6.09035045e-02 8.51967838e-04 3.87791917e-02 2.36960649e-02 8.03609639e-02 6.15508318e-01 1.19011447e-01 2.58255005e-02 3.05212922e-02 4.54167742e-03]
 [2.16975883e-02 2.36436405e-04 5.58845175e-04 4.76015322e-02 1.36519838e-02 6.15512013e-01 3.71289924e-02 3.82896583e-03 1.46178812e-01 1.13604821e-01]
 [3.68766375e-02 4.85997967e-04 1.74020287e-02 3.22176865e-03 1.12931279e-03 8.84758413e-01 4.12118770e-02 1.48114888e-02 5.47000163e-05 4.76466339e-05]
 [1.40626375e-02 3.46344372e-04 9.83877108e-04 3.15421149e-02 4.08128574e-02 5.51264644e-01 9.59188864e-02 5.92981651e-03 5.95896244e-02 1.99549258e-01]
 [8.24535787e-02 8.21985595e-05 3.34675680e-03 1.88593715e-02 2.36592279e-03 8.33353400e-01 1.24020530e-02 6.54537464e-04 4.61111665e-02 3.70971218e-04]
 [2.85516754e-02 1.56882184e-03 5.25320657e-02 8.00484344e-02 7.34212101e-02 6.57386124e-01 8.17851201e-02 2.01141965e-02 3.46982712e-03 1.12248946e-03]
 [1.78333335e-02 2.76330335e-04 4.54521086e-03 1.30136713e-01 3.27437192e-01 2.84599870e-01 1.53756097e-01 1.92879036e-03 7.02308938e-02 9.25560482e-03]
 [4.55091894e-02 5.54221915e-04 2.78132856e-01 9.09243599e-02 1.29365372e-02 5.14751196e-01 4.57476191e-02 8.30763113e-03 2.75316858e-03 3.83286679e-04]
 [7.08741844e-02 2.03422984e-04 1.25935674e-02 2.57090945e-02 4.83920217e-01 2.24244669e-01 1.04376450e-01 9.97176277e-04 6.69653937e-02 1.01158563e-02]
 [8.85390118e-02 4.92358464e-04 3.47963899e-01 1.71027243e-01 4.05077776e-03 2.93859333e-01 7.09982514e-02 3.70598165e-03 1.88159849e-02 5.47181815e-04]
 [2.13991359e-01 8.15658015e-04 1.45401843e-02 4.35862876e-03 2.89556496e-02 1.49784103e-01 3.45180541e-01 9.14027914e-03 2.25779638e-01 7.45395198e-03]
 [1.25422671e-01 2.85824703e-04 6.04765892e-01 4.31214273e-02 3.67290014e-03 1.94668546e-01 1.97517965e-02 7.60551728e-03 6.19606231e-04 8.58127023e-05]
 [2.81834960e-01 4.22318437e-04 1.74154211e-02 1.72365364e-02 9.07484740e-02 9.42665488e-02 9.16460752e-02 6.30745944e-03 3.96437794e-01 3.68441548e-03]
 [2.66294390e-01 9.21915635e-04 2.44634360e-01 3.47956233e-02 1.20870853e-02 3.75923157e-01 3.07890121e-02 3.30896638e-02 1.16217905e-03 3.02550499e-04]
 [2.56708235e-01 3.08659277e-04 1.62202999e-01 1.30681783e-01 3.55630601e-03 8.72318596e-02 3.19928855e-01 1.20122675e-02 2.69191116e-02 4.49887302e-04]]
cosine similarity of topic:
[[ 9.9999976e-01 -2.4247915e-05  8.5704960e-05  1.0985043e-04 -3.7979399e-04  7.9915859e-05 -1.1075742e-04  8.1395265e-05 -1.8455274e-04 -3.2818364e-04]
 [-2.4247915e-05  9.9999976e-01  3.5127206e-04  5.0408766e-05 -1.0424899e-04  2.8710812e-05  1.2884475e-04  2.7890829e-04 -1.4690962e-04  2.2912677e-04]
 [ 8.5704960e-05  3.5127206e-04  9.9999988e-01 -1.5599420e-04  9.4521791e-05 -4.9276277e-05  3.1128619e-04  1.7247465e-04 -8.1300270e-05 -1.8100720e-05]
 [ 1.0985043e-04  5.0408766e-05 -1.5599420e-04  1.0000004e+00 -3.2944139e-05 -4.7979830e-04 -3.4128316e-06 -4.3839216e-05 -2.1494017e-04 -1.0407902e-04]
 [-3.7979399e-04 -1.0424899e-04  9.4521791e-05 -3.2944139e-05  1.0000000e+00 -6.0978346e-06 -1.3095327e-05  2.2410997e-05 -1.2195017e-04  8.8449568e-05]
 [ 7.9915859e-05  2.8710812e-05 -4.9276277e-05 -4.7979830e-04 -6.0978346e-06  1.0000000e+00 -1.0529021e-04 -1.4741905e-05  9.2030910e-05  2.1045096e-05]
 [-1.1075742e-04  1.2884475e-04  3.1128619e-04 -3.4128316e-06 -1.3095327e-05 -1.0529021e-04  1.0000002e+00  1.6136095e-05  9.5963944e-05  2.0204450e-04]
 [ 8.1395265e-05  2.7890829e-04  1.7247465e-04 -4.3839216e-05  2.2410997e-05 -1.4741905e-05  1.6136095e-05  1.0000000e+00 -3.8973335e-04  2.1701027e-04]
 [-1.8455274e-04 -1.4690962e-04 -8.1300270e-05 -2.1494017e-04 -1.2195017e-04  9.2030910e-05  9.5963944e-05 -3.8973335e-04  1.0000004e+00  2.5158748e-05]
 [-3.2818364e-04  2.2912677e-04 -1.8100720e-05 -1.0407902e-04  8.8449568e-05  2.1045096e-05  2.0204450e-04  2.1701027e-04  2.5158748e-05  1.0000000e+00]]
