hidden representaion(r*topic):
[[-0.00097608 -0.03073782  0.03799549  0.06750006  0.1369683  -0.05037212 -0.1173766   0.18078947  0.05671615 -0.04872653  0.0984499   0.01863383 -0.05134645 -0.01113443 -0.04264479]
 [-0.03766295 -0.09945586  0.004347    0.10112241  0.19683008 -0.02260296 -0.23979339  0.23072642  0.07192488 -0.1356849   0.16302966 -0.01795813 -0.13126458  0.02294317 -0.09336298]
 [-0.07977933 -0.15004642 -0.03145367  0.13882461  0.22601397 -0.00241493 -0.34234372  0.26352644  0.12615435 -0.23014995  0.2503227  -0.05284184 -0.23876111  0.06263179 -0.1561019 ]
 [-0.00184652 -0.05828782  0.03004051  0.0712306   0.15879138 -0.0464902  -0.15634629  0.20220262  0.0502287  -0.06045292  0.09046886  0.0067151  -0.05833774  0.00191557 -0.05105363]
 [-0.06677711 -0.10957862 -0.02615131  0.11352866  0.19871452 -0.00457247 -0.28869545  0.23079005  0.12949485 -0.18389884  0.22152753 -0.03179023 -0.21996468  0.05147829 -0.1363439 ]
 [-0.03800709 -0.10068995  0.00822897  0.10638477  0.20441604 -0.01538448 -0.24303196  0.22644798  0.07583394 -0.13880676  0.1730149  -0.0268244  -0.13199165  0.02217835 -0.09352949]
 [-0.00558359 -0.0356607   0.04516973  0.07814089  0.14093506 -0.04863981 -0.11553075  0.17759684  0.05835488 -0.04920966  0.11286269  0.01149938 -0.04269995 -0.01132852 -0.03852412]
 [-0.01654769 -0.01736859  0.01325455  0.05057957  0.11900805 -0.04470387 -0.12630254  0.15276293  0.10729458 -0.04255174  0.11318117  0.01193431 -0.09747402  0.00767119 -0.05772774]
 [ 0.0228896  -0.00325001  0.06885986  0.06021516  0.14220773 -0.04512282 -0.0703932   0.15671636  0.03395116 -0.00967939  0.08170237  0.01267723  0.00808038 -0.0407114  -0.0062499 ]
 [-0.02581041 -0.02818104  0.01313489  0.06629413  0.13318086 -0.03292646 -0.14114068  0.16471063  0.10298296 -0.05690556  0.13768962  0.01392564 -0.10794767  0.0121166  -0.06352003]
 [ 0.019392    0.04209466  0.05649086  0.02775454  0.08771895 -0.03887768 -0.01063751  0.07917497  0.0987068   0.05441855  0.05301582  0.03065586 -0.01745921 -0.01833267 -0.00647409]
 [-0.00601036  0.04866413  0.01888363  0.02072442  0.06353536 -0.03693262 -0.04038948  0.07473543  0.16109233  0.03450579  0.09343274  0.03265408 -0.09801815  0.01202778 -0.04058102]
 [ 0.00805319  0.16627572  0.00084296 -0.04517385  0.00357835 -0.00748047  0.06833994 -0.01597954  0.22599275  0.11935212  0.0558764   0.08648908 -0.14780103  0.00674351 -0.02075932]
 [ 0.00526395  0.03137808  0.03126635  0.02432323  0.09566323 -0.03420772 -0.05289984  0.08646055  0.13105865  0.02290016  0.07010108  0.01353688 -0.070351   -0.00169663 -0.02912814]
 [ 0.00050701  0.09076584  0.00372768 -0.01073334  0.04591323 -0.01723422 -0.01269961  0.03499776  0.1949822   0.06239077  0.07081629  0.04784079 -0.1356798   0.01688037 -0.04393416]]
R_hid(hidden representaion to predict r):
[[1.1694788  0.         0.3194491  0.         0.         2.0668643  0.         0.0825253  0.         0.         0.         0.         0.3776009  0.         0.5737191 ]
 [1.3986729  2.7952392  0.1407085  0.         0.         0.70482963 0.         0.         0.15141894 0.         0.         0.         0.         0.         0.        ]
 [0.         3.3072858  0.         0.         0.         0.42527965 0.         0.         0.3277118  0.         0.17503433 0.         0.         0.3584869  1.5998703 ]
 [1.519036   2.6337886  0.7537594  0.         0.         0.36323082 0.         0.         0.59024626 0.         0.         0.         0.         0.         0.        ]
 [0.50311476 1.3266835  0.         0.         0.868324   2.2793937  0.         0.         0.         0.         0.         0.         1.009198   0.         0.82682645]
 [1.0044277  2.9767265  0.         0.         0.         1.0054104  0.         0.         1.0564253  0.         0.         0.         0.         0.         0.        ]
 [1.8823664  0.4018914  0.3221277  0.         0.         2.4246235  0.         0.         0.6754082  0.         0.         0.         0.44059363 0.         0.        ]
 [0.9844173  0.         0.         0.         0.         2.4720185  0.         0.70000756 0.04729554 0.         0.         0.         0.3799285  0.         0.        ]
 [2.1601105  0.         0.         0.         0.         2.747157   0.         0.         1.0301579  0.         0.         0.         0.49606562 0.13926125 0.        ]
 [0.41517305 0.         0.6093118  0.         0.         3.0141044  0.         0.41856727 0.         0.         0.         0.         0.6372646  0.         0.        ]
 [0.19417137 3.5426219  0.13202222 0.         0.         1.2101172  0.         0.20622167 0.22534499 0.         0.         0.         0.         0.5202209  0.        ]
 [0.55662584 0.24003865 0.3588475  0.         0.         2.6402147  0.         0.62646997 0.         0.         0.         0.19209918 0.86364186 0.7760431  0.45212877]
 [1.1046066  0.37034228 0.         0.         0.         2.5937347  0.         0.27483585 0.10604145 0.         0.         0.9118187  1.047315   0.5415418  0.        ]
 [0.64637303 1.5815614  0.62103075 0.         0.         2.6542323  0.         0.         0.         0.         0.         0.         0.         0.20858438 0.        ]
 [0.43456432 0.         0.9551422  0.         0.         2.3943694  0.         0.9328175  0.         0.         0.         0.32037187 1.2620807  0.7819632  0.        ]]
topics:
[[ 5.39738573e-02 -5.71547933e-02 -1.11181606e-02 -4.93124537e-02  2.39655674e-01  1.73393816e-01 -1.56714842e-01  2.06578612e-01 -4.81942505e-01  7.18027279e-02 -1.65544003e-01  4.29740012e-01  1.26048587e-02 -7.89891556e-02 -1.77443027e-01]
 [ 1.24705903e-01  1.51854539e-02 -7.10402578e-02 -2.51780033e-01  1.90755427e-02 -3.48901182e-01 -1.89265594e-01  1.96552619e-01  1.15792587e-01  5.63181713e-02 -2.92005330e-01 -1.77109078e-01  9.48265269e-02 -7.18651637e-02  6.35704398e-02]
 [ 1.77201286e-01  1.07987963e-01  2.96265602e-01  1.05578214e-01  4.41436529e-01  1.87709391e-01  1.37216419e-01  6.03554770e-02 -1.06871054e-01  2.10883275e-01 -1.90171748e-02 -9.44751203e-02  3.14695835e-01 -1.72797874e-01  2.84861535e-01]
 [ 1.77506030e-01 -1.35170996e-01  1.12195387e-01  5.69056794e-02 -8.63459557e-02 -1.09275483e-01 -1.83615580e-01 -4.04964574e-03  2.87476301e-01  2.26424903e-01 -1.04170339e-02 -1.58376858e-01  6.21627234e-02  1.87013239e-01 -2.22396597e-01]
 [-1.71196014e-01  6.72247112e-02  1.55079514e-02  7.89495558e-02 -7.52994046e-02 -2.87784308e-01  1.01193778e-01  3.60774100e-01 -1.38365537e-01  6.81092069e-02  3.27438533e-01  3.18411201e-01  1.84121728e-01 -1.08046293e-01  1.61308169e-01]
 [-8.58133584e-02 -1.61143094e-01 -3.57464291e-02  1.46491066e-01  2.33406946e-01 -2.15577820e-04 -3.60655397e-01  2.72174060e-01  1.31116360e-01 -2.47104526e-01  2.63175219e-01 -5.97988516e-02 -2.52444983e-01  6.80687129e-02 -1.65039778e-01]
 [-5.96792437e-02 -7.67179653e-02  1.39438987e-01  6.06932193e-02  3.62464786e-02 -1.23065419e-01  8.71137753e-02 -2.73745298e-01  1.77075744e-01 -5.03944419e-02 -4.93278503e-02 -2.03717008e-01  1.19614206e-01 -7.68460929e-02 -4.92998958e-02]
 [-3.53808030e-02  3.82077307e-01 -1.24304079e-01 -1.87426373e-01 -1.38232335e-01  6.92011118e-02  1.75112262e-01 -2.09493130e-01  4.91124719e-01  2.49563083e-01  8.43535289e-02  1.69487998e-01 -4.15190428e-01  7.65560642e-02 -5.61474450e-02]
 [ 9.37119052e-02  2.59843795e-03  1.26450539e-01  1.22259937e-01  5.64697236e-02 -1.15529060e-01  1.79839179e-01  2.46364877e-01  5.30445464e-02  5.49721085e-02 -2.46579781e-01  1.86614528e-01  6.12436980e-03  5.79473712e-02  6.82336614e-02]
 [ 1.73486412e-01  1.68554917e-01  1.96523294e-01  3.85956578e-02  4.94571663e-02 -7.24374205e-02  9.04453248e-02  5.34592308e-02 -5.99355847e-02 -1.28516376e-01  1.35841072e-01 -1.47324558e-02  9.73344222e-02 -2.76371986e-01 -7.16747344e-02]]
R:
[[0.0496514  0.06595282 0.08837318 0.0495179  0.10475726 0.4004584  0.03909153 0.04561    0.09088927 0.06569819]
 [0.04802749 0.05252215 0.06871358 0.02365142 0.05449672 0.6758838  0.01978795 0.00755324 0.03717545 0.01218812]
 [0.00643607 0.00540017 0.00762539 0.00372303 0.00722738 0.95338005 0.00288947 0.00770644 0.00364402 0.00196804]
 [0.06357628 0.08852987 0.09442709 0.0554851  0.08339532 0.4559718  0.02716004 0.01746364 0.08814079 0.02585003]
 [0.01678238 0.01406814 0.01900485 0.00784511 0.01995724 0.8332154  0.00828868 0.0567234  0.01205815 0.01205666]
 [0.04005985 0.04196091 0.08308059 0.02558826 0.04949869 0.6914797  0.02262656 0.00728768 0.02395148 0.01446631]
 [0.03665688 0.04689846 0.10354014 0.0580178  0.11893155 0.4080582  0.05235472 0.03659533 0.07979075 0.05915621]
 [0.03635839 0.06898437 0.06713109 0.05148421 0.09243003 0.4278714  0.04972303 0.11455642 0.05582367 0.03563739]
 [0.04580053 0.06985734 0.16141893 0.0593341  0.12094516 0.2927817  0.04658379 0.04098329 0.06926829 0.09302685]
 [0.03556151 0.0399237  0.07424581 0.04879068 0.09800075 0.47854397 0.04193297 0.10595045 0.04761978 0.02943044]
 [0.04552259 0.04981534 0.14256209 0.09035106 0.11419354 0.17605744 0.09591796 0.159476   0.0806072  0.04549676]
 [0.01941812 0.03689369 0.07985169 0.08925693 0.10395089 0.2684213  0.07359866 0.23201096 0.06242597 0.03417183]
 [0.02745496 0.03049272 0.08256838 0.05235229 0.07405917 0.09237471 0.05485745 0.44238207 0.08163143 0.06182683]
 [0.03184129 0.06776777 0.11451729 0.06749128 0.07817974 0.2773162  0.08511887 0.18169217 0.06463777 0.03143766]
 [0.03277724 0.04445093 0.0743565  0.07068875 0.06137385 0.22308572 0.06554113 0.32477644 0.06689465 0.03605478]]
cosine similarity of topic:
[[ 9.9999988e-01 -5.2152780e-05 -7.2071860e-05  3.8002607e-05  8.5381125e-06  9.0578629e-05  1.6646483e-05 -1.8644167e-05  3.0269255e-05  2.7255457e-05]
 [-5.2152780e-05  1.0000001e+00  1.9809370e-06  3.4749319e-05 -1.7685470e-05  1.8702402e-05 -8.4196021e-05  8.7800663e-06  9.7826982e-05 -9.7271244e-05]
 [-7.2071860e-05  1.9809370e-06  1.0000000e+00  1.0182770e-04 -1.0729188e-05  6.9762667e-05  7.8380372e-06  4.3513071e-05 -1.1337554e-05 -1.5569928e-04]
 [ 3.8002607e-05  3.4749319e-05  1.0182770e-04  1.0000000e+00  5.9200604e-05  1.2383610e-04 -8.8879915e-06 -1.3719156e-05 -1.6317035e-04  7.6334632e-05]
 [ 8.5381125e-06 -1.7685470e-05 -1.0729188e-05  5.9200604e-05  9.9999994e-01 -3.5892204e-05 -1.7025965e-05  2.1754391e-05  2.2341067e-03  1.0750144e-04]
 [ 9.0578629e-05  1.8702402e-05  6.9762667e-05  1.2383610e-04 -3.5892204e-05  1.0000002e+00 -2.3283228e-06 -7.4367883e-05 -4.0662675e-05 -4.4659981e-05]
 [ 1.6646483e-05 -8.4196021e-05  7.8380372e-06 -8.8879915e-06 -1.7025965e-05 -2.3283228e-06  1.0000000e+00  4.7315632e-05  1.3060031e-05  2.3915853e-05]
 [-1.8644167e-05  8.7800663e-06  4.3513071e-05 -1.3719156e-05  2.1754391e-05 -7.4367883e-05  4.7315632e-05  1.0000002e+00 -1.7657785e-05  7.3698771e-05]
 [ 3.0269255e-05  9.7826982e-05 -1.1337554e-05 -1.6317035e-04  2.2341067e-03 -4.0662675e-05  1.3060031e-05 -1.7657785e-05  9.9999994e-01 -9.7147040e-06]
 [ 2.7255457e-05 -9.7271244e-05 -1.5569928e-04  7.6334632e-05  1.0750144e-04 -4.4659981e-05  2.3915853e-05  7.3698771e-05 -9.7147040e-06  9.9999982e-01]]
