hidden representaion(r*topic):
[[ 6.15343936e-02  1.45338634e-02 -2.82278825e-02  9.31333192e-03  4.91693765e-02 -7.82421529e-02  1.41541258e-01 -2.04539716e-01  1.31164804e-01 -1.35947298e-02 -1.19997084e-03 -5.62032573e-02  1.56267677e-02  1.63984522e-01  6.68919161e-02]
 [ 7.90410936e-02  7.18335360e-02 -5.99287115e-02 -5.71131706e-03  3.17014903e-02 -7.19103590e-02  1.62696138e-01 -2.20178813e-01  1.86157078e-01  2.29865890e-02  4.88699563e-02 -5.94176315e-02 -4.01845574e-02  1.45194039e-01  4.67137024e-02]
 [ 4.69752625e-02  2.46672034e-02 -2.71306522e-02  6.03261171e-03  3.05608157e-02 -9.44154859e-02  1.62795901e-01 -2.40735427e-01  1.81521297e-01 -1.72187854e-02  8.11396167e-03 -9.70304161e-02  1.52044427e-02  1.78733468e-01  7.72315189e-02]
 [ 8.50690082e-02  7.33598471e-02 -6.12052344e-02 -5.48643526e-03  3.63642685e-02 -6.66586161e-02  1.56112194e-01 -2.04307541e-01  1.71505928e-01  2.78251544e-02  4.95860800e-02 -4.43989709e-02 -4.30978090e-02  1.36070773e-01  4.19573933e-02]
 [ 7.71145225e-02  6.86344728e-02 -5.78381233e-02 -4.91960486e-03  3.18353735e-02 -7.31843933e-02  1.62490621e-01 -2.21253291e-01  1.85383767e-01  2.03865021e-02  4.61125672e-02 -6.14909008e-02 -3.66043523e-02  1.47296816e-01  4.85815145e-02]
 [ 9.39421430e-02  6.51091486e-02 -6.24609925e-02 -3.30123538e-03  4.86634523e-02 -5.61829805e-02  1.43228412e-01 -1.85533792e-01  1.40349120e-01  2.85287965e-02  4.25310768e-02 -2.01406982e-02 -4.24761996e-02  1.29719794e-01  3.58013548e-02]
 [ 1.00124381e-01  8.78640711e-02 -7.37284347e-02 -8.99390783e-03  4.12275232e-02 -5.46168126e-02  1.51429877e-01 -1.89500302e-01  1.61536500e-01  4.30016108e-02  6.21105246e-02 -2.13258024e-02 -6.32265881e-02  1.21094406e-01  2.84987669e-02]
 [ 1.02967188e-01  5.52006289e-02 -5.72715402e-02  4.22076759e-04  6.29463270e-02 -4.65071239e-02  1.23223558e-01 -1.46737233e-01  9.71699283e-02  3.06739546e-02  3.23400982e-02  1.13552185e-02 -3.56192067e-02  1.14118867e-01  3.02605629e-02]
 [ 1.05601229e-01  6.11325018e-02 -5.78805283e-02 -1.24222992e-04  6.27141967e-02 -4.56585288e-02  1.21670529e-01 -1.35734856e-01  9.48310271e-02  3.63449156e-02  3.70146744e-02  1.74880698e-02 -3.90696898e-02  1.06007226e-01  2.80349944e-02]
 [ 1.07132748e-01  6.07365593e-02 -4.89408597e-02  1.85504113e-03  6.67840391e-02 -4.63892855e-02  1.10072270e-01 -1.04427010e-01  8.20934325e-02  4.14130762e-02  3.56853679e-02  2.46258285e-02 -3.21585312e-02  9.24453288e-02  2.87779626e-02]
 [ 1.23794541e-01  9.60845873e-03 -3.30504924e-02  1.64212324e-02  1.10672064e-01 -1.90550126e-02  5.76904379e-02 -3.04121990e-02 -3.76421735e-02  2.73870938e-02 -8.88210814e-03  9.87886935e-02 -2.00431608e-03  7.75867179e-02  1.98041983e-02]
 [ 1.42689779e-01  8.75738338e-02 -8.80376846e-02 -7.40681123e-03  7.88578913e-02 -1.37722343e-02  1.06626518e-01 -1.02944188e-01  6.18720539e-02  6.80411980e-02  6.03264235e-02  7.62701780e-02 -8.44672173e-02  7.49023035e-02 -4.97480854e-03]
 [ 1.50624901e-01 -3.05631896e-03 -3.46712545e-02  2.14718580e-02  1.41691923e-01  8.86035431e-03  1.92352515e-02  3.80339213e-02 -1.19514532e-01  3.91322151e-02 -2.00784970e-02  1.67649433e-01 -4.39551845e-03  4.84996736e-02  5.82678244e-04]
 [ 1.67926535e-01  2.02016294e-01 -1.50154591e-01 -3.79893444e-02  3.52041610e-02 -9.70870443e-03  1.61605105e-01 -1.60831615e-01  1.96915880e-01  1.34452567e-01  1.61229953e-01  4.61792313e-02 -1.92711636e-01  5.12626022e-02 -3.77037115e-02]
 [ 1.40097141e-01  2.35832063e-04 -4.09046449e-02  1.83172897e-02  1.28661260e-01 -4.54132154e-04  4.12900262e-02 -9.07274615e-03 -8.53188857e-02  2.97996607e-02 -1.69553868e-02  1.40520841e-01 -7.33135222e-03  6.84871078e-02  7.14767445e-03]]
R_hid(hidden representaion to predict r):
[[0.0000000e+00 7.9695985e-02 5.4246720e-02 0.0000000e+00 4.2068553e-01 0.0000000e+00 0.0000000e+00 1.3236095e+00 4.3546748e-01 0.0000000e+00 0.0000000e+00 1.7976162e-01 0.0000000e+00 2.5569698e-01 1.2422264e-01]
 [0.0000000e+00 2.2554465e-01 0.0000000e+00 0.0000000e+00 0.0000000e+00 0.0000000e+00 0.0000000e+00 1.8552378e+00 2.4546047e-01 0.0000000e+00 0.0000000e+00 0.0000000e+00 2.6956296e-01 6.3802451e-01 0.0000000e+00]
 [0.0000000e+00 7.8303003e-01 0.0000000e+00 0.0000000e+00 0.0000000e+00 0.0000000e+00 0.0000000e+00 5.4817080e+00 1.7955106e+00 0.0000000e+00 7.2974294e-01 2.9495615e-01 0.0000000e+00 1.0609426e+00 0.0000000e+00]
 [0.0000000e+00 1.4213583e-01 0.0000000e+00 0.0000000e+00 0.0000000e+00 0.0000000e+00 0.0000000e+00 1.1359047e+00 0.0000000e+00 0.0000000e+00 0.0000000e+00 0.0000000e+00 3.0484763e-01 2.5748026e-01 0.0000000e+00]
 [3.5981399e-01 2.7953315e-01 0.0000000e+00 1.3978261e-01 4.0729213e-01 0.0000000e+00 4.8066896e-01 0.0000000e+00 8.5333258e-01 0.0000000e+00 0.0000000e+00 0.0000000e+00 0.0000000e+00 7.4829018e-01 0.0000000e+00]
 [0.0000000e+00 1.7475152e-01 2.3393403e-01 2.5236726e-01 5.1672214e-01 0.0000000e+00 0.0000000e+00 1.0822390e+00 2.5775751e-01 0.0000000e+00 0.0000000e+00 0.0000000e+00 0.0000000e+00 3.1719333e-01 2.1703872e-01]
 [0.0000000e+00 1.8457328e-01 3.6818992e-02 0.0000000e+00 4.7830930e-01 0.0000000e+00 0.0000000e+00 9.1736323e-01 0.0000000e+00 0.0000000e+00 1.4883049e-02 0.0000000e+00 0.0000000e+00 2.8010201e-01 4.8475713e-02]
 [0.0000000e+00 1.4296229e-01 0.0000000e+00 0.0000000e+00 0.0000000e+00 0.0000000e+00 0.0000000e+00 7.1501297e-01 3.1784368e-01 0.0000000e+00 2.9464975e-01 0.0000000e+00 0.0000000e+00 1.6800916e-01 0.0000000e+00]
 [0.0000000e+00 9.7929791e-02 1.3993666e-01 1.6304035e-01 3.2439950e-01 0.0000000e+00 0.0000000e+00 6.7421192e-01 1.9281276e-04 0.0000000e+00 0.0000000e+00 0.0000000e+00 0.0000000e+00 0.0000000e+00 0.0000000e+00]
 [0.0000000e+00 0.0000000e+00 0.0000000e+00 0.0000000e+00 0.0000000e+00 0.0000000e+00 0.0000000e+00 5.5344707e-01 9.5971577e-02 0.0000000e+00 0.0000000e+00 0.0000000e+00 0.0000000e+00 9.0747900e-02 0.0000000e+00]
 [0.0000000e+00 0.0000000e+00 0.0000000e+00 0.0000000e+00 0.0000000e+00 7.0187077e-02 0.0000000e+00 6.2271011e-01 2.5564417e-01 1.4420512e-02 0.0000000e+00 1.3591184e-01 0.0000000e+00 0.0000000e+00 0.0000000e+00]
 [0.0000000e+00 6.7389183e-02 0.0000000e+00 0.0000000e+00 0.0000000e+00 0.0000000e+00 0.0000000e+00 8.2501322e-01 4.0756124e-01 0.0000000e+00 4.3755546e-01 3.5562629e-01 0.0000000e+00 1.7125626e-01 0.0000000e+00]
 [3.5333437e-01 0.0000000e+00 0.0000000e+00 0.0000000e+00 0.0000000e+00 0.0000000e+00 1.0106907e-01 4.8952684e-01 2.5398299e-01 0.0000000e+00 0.0000000e+00 0.0000000e+00 1.2831312e-02 0.0000000e+00 0.0000000e+00]
 [0.0000000e+00 7.1441770e-02 0.0000000e+00 0.0000000e+00 0.0000000e+00 0.0000000e+00 0.0000000e+00 1.2606480e+00 4.1790834e-01 0.0000000e+00 0.0000000e+00 6.2880719e-01 0.0000000e+00 4.7336045e-01 0.0000000e+00]
 [0.0000000e+00 0.0000000e+00 0.0000000e+00 0.0000000e+00 0.0000000e+00 0.0000000e+00 0.0000000e+00 8.3487046e-01 4.8869705e-01 0.0000000e+00 0.0000000e+00 0.0000000e+00 0.0000000e+00 0.0000000e+00 0.0000000e+00]]
topics:
[[ 0.20404682 -0.16007124 -0.01297975  0.06008549  0.27324846  0.09577566 -0.11085749  0.1898025  -0.4714922  -0.01561824 -0.1566976   0.38880154  0.07392604  0.03349015 -0.02696201]
 [ 0.19196764  0.02847173 -0.06501437 -0.19095995  0.02719302 -0.30398616 -0.16149253  0.2161645   0.0975557   0.05404186 -0.16329001 -0.14132965  0.0673729  -0.13976575 -0.02165629]
 [ 0.24548681  0.08417698  0.17641349  0.09531196  0.42709887  0.12529804  0.20217621  0.06262855 -0.11822055  0.1595101   0.00910428 -0.1190769   0.2998401   0.09509209  0.3310344 ]
 [ 0.12300469 -0.12339033  0.11649803  0.04364276 -0.09281703 -0.06705249 -0.15405445  0.00500315  0.2607689   0.19403628 -0.0655084  -0.11994137  0.05767579  0.25178874 -0.08146525]
 [ 0.00473886  0.07744895  0.06472081  0.08974205 -0.04565011 -0.2652054   0.16005123  0.34088454 -0.13628459  0.16164693  0.10794502  0.28160515  0.17491382 -0.09570331  0.16397494]
 [-0.07662919 -0.13994464  0.03020088  0.1286183   0.2013947  -0.00728929 -0.287198    0.20531197  0.12520592 -0.13263173  0.16959716 -0.06001976 -0.18882637  0.15100129 -0.04636309]
 [ 0.0044678  -0.04847501  0.02086546  0.02446939  0.03511257 -0.1222204   0.15590696 -0.25935385  0.1579609  -0.07548319 -0.05523806 -0.1390626   0.09711851  0.22356595  0.11885273]
 [ 0.2184959   0.31993222 -0.22085352 -0.06839628  0.01211947  0.01775418  0.19067925 -0.1657128   0.27680203  0.21794374  0.2638587   0.0724773  -0.3154287  -0.00217467 -0.0907273 ]
 [-0.03855504 -0.01388352  0.04059327  0.08437071  0.05178983 -0.06425221  0.09489072  0.21120983  0.05060851 -0.03481107  0.00770861  0.1476365  -0.00689763  0.03550021  0.02477516]
 [ 0.01514924  0.14245668  0.16939986 -0.01403875  0.02903786 -0.03422049  0.10094004  0.02030755 -0.05427018 -0.10751135 -0.08937456 -0.01769488  0.11570614 -0.14616548  0.07808708]]
R:
[[7.78260529e-02 3.55444965e-04 2.54806917e-04 2.55632389e-04 1.46555062e-03 1.57956252e-04 7.24802494e-01 1.93378046e-01 3.01682914e-04 1.20230974e-03]
 [1.77585743e-02 1.38151900e-05 5.05645949e-06 6.57865348e-06 1.35535825e-04 2.23689153e-06 6.50127649e-01 3.31845194e-01 1.31697789e-05 9.22126637e-05]
 [5.71532619e-05 4.51976087e-12 8.13538744e-13 1.23391694e-12 4.82492157e-10 1.13908110e-13 8.01389277e-01 1.98553637e-01 1.36150141e-12 2.08871767e-10]
 [3.81801687e-02 1.41153706e-03 9.85628809e-04 1.29041600e-03 4.69574332e-03 6.41130900e-04 6.09159470e-01 3.38253140e-01 1.42236217e-03 3.96038638e-03]
 [1.74425729e-02 3.53543953e-07 2.47583841e-07 1.43931913e-07 6.35610331e-06 5.58623761e-08 6.59386873e-01 3.23160291e-01 2.00154105e-07 2.92645313e-06]
 [8.92479494e-02 6.03064778e-04 4.18187090e-04 3.70134978e-04 2.17582821e-03 2.22250470e-04 5.71513116e-01 3.33708465e-01 3.64176842e-04 1.37680350e-03]
 [6.34685010e-02 1.08948373e-03 7.06372142e-04 7.82456249e-04 4.48741438e-03 4.08883905e-04 5.39022803e-01 3.85754645e-01 1.00122159e-03 3.27817095e-03]
 [1.44639865e-01 5.78291109e-03 4.24070237e-03 4.45740204e-03 1.10001378e-02 2.71518086e-03 4.97723609e-01 3.14410716e-01 4.44091344e-03 1.05885398e-02]
 [1.42872691e-01 8.22516810e-03 6.72074547e-03 6.05933508e-03 1.89963672e-02 4.36806912e-03 4.65693653e-01 3.23548615e-01 7.66883139e-03 1.58465300e-02]
 [1.41189873e-01 2.04747934e-02 1.96182560e-02 1.57105606e-02 3.39850523e-02 1.32750217e-02 4.03711349e-01 3.06280524e-01 1.70801897e-02 2.86744144e-02]
 [3.14698547e-01 2.06921324e-02 2.06928402e-02 2.00318582e-02 3.19279134e-02 1.64003279e-02 3.03490251e-01 2.20261097e-01 2.04116795e-02 3.13933715e-02]
 [2.23888010e-01 5.48876589e-03 3.01508955e-03 3.60598555e-03 1.01319812e-02 2.43897573e-03 3.11422020e-01 4.28030729e-01 3.50327371e-03 8.47518630e-03]
 [4.38074648e-01 2.45965831e-02 2.64257435e-02 2.70848665e-02 3.77981625e-02 2.09587887e-02 1.48753807e-01 2.18664989e-01 2.21884828e-02 3.54539640e-02]
 [6.84366450e-02 5.98293380e-04 1.93871529e-04 1.90351944e-04 2.38171429e-03 1.01077327e-04 2.27588981e-01 6.99090719e-01 2.58904707e-04 1.15942059e-03]
 [4.02060241e-01 1.41271278e-02 1.30730728e-02 1.42345065e-02 2.55513247e-02 1.13334609e-02 2.52812237e-01 2.29435503e-01 1.29061360e-02 2.44664568e-02]]
cosine similarity of topic:
[[ 1.00000012e+00 -3.35274890e-05 -4.88830010e-05 -9.55307041e-06  5.18075794e-05  5.64767979e-05  1.04162478e-04  5.17409935e-05  1.86119742e-05  2.13698786e-05]
 [-3.35274890e-05  9.99999344e-01 -5.18097477e-06  5.14961794e-05  4.71363728e-06 -5.49048855e-05  2.95347563e-05 -5.54742146e-05 -7.88027537e-05 -1.43440493e-05]
 [-4.88830010e-05 -5.18097477e-06  1.00000000e+00  7.09234291e-06  1.03994877e-04  1.22816675e-06  9.08523507e-05  2.64723494e-05  3.48501417e-05  1.16108195e-05]
 [-9.55307041e-06  5.14961794e-05  7.09234291e-06  9.99999642e-01  6.00620660e-05 -5.69780859e-05  3.68781621e-05 -1.00550988e-05  8.17642285e-05 -1.38052183e-05]
 [ 5.18075794e-05  4.71363728e-06  1.03994877e-04  6.00620660e-05  1.00000000e+00 -1.72629498e-05  2.51387132e-06  1.07501735e-04 -1.02715821e-05 -2.98065188e-05]
 [ 5.64767979e-05 -5.49048855e-05  1.22816675e-06 -5.69780859e-05 -1.72629498e-05  1.00000024e+00  9.34462005e-05 -3.48421486e-06  1.72990476e-05  7.62064446e-05]
 [ 1.04162478e-04  2.95347563e-05  9.08523507e-05  3.68781621e-05  2.51387132e-06  9.34462005e-05  1.00000012e+00  3.15650323e-05  6.43107633e-05 -3.84170926e-06]
 [ 5.17409935e-05 -5.54742146e-05  2.64723494e-05 -1.00550988e-05  1.07501735e-04 -3.48421486e-06  3.15650323e-05  1.00000000e+00 -2.86574195e-05 -1.54946083e-05]
 [ 1.86119742e-05 -7.88027537e-05  3.48501417e-05  8.17642285e-05 -1.02715821e-05  1.72990476e-05  6.43107633e-05 -2.86574195e-05  9.99999881e-01  4.39481046e-05]
 [ 2.13698786e-05 -1.43440493e-05  1.16108195e-05 -1.38052183e-05 -2.98065188e-05  7.62064446e-05 -3.84170926e-06 -1.54946083e-05  4.39481046e-05  9.99999881e-01]]
