hidden representaion(r*topic):
[[ 9.71020386e-02 -2.88690645e-02  9.01687518e-03 -4.84224670e-02  2.24430040e-01  3.44261117e-02 -6.29283860e-02  1.67189643e-01 -2.41045371e-01  6.49300367e-02  2.66665928e-02  1.55102223e-01  3.27607431e-02 -3.08836382e-02 -1.46878287e-01]
 [ 1.12739824e-01 -8.78318772e-03  6.80013523e-02 -1.46002043e-02  3.18529040e-01  9.01802629e-02 -2.43530534e-02  1.50606304e-01 -2.33028397e-01  7.42532089e-02  9.46281627e-02  9.69855338e-02  7.02539459e-02 -3.15836184e-02 -7.68035054e-02]
 [ 1.09632321e-01 -4.68292125e-02 -3.19460183e-02 -8.71563405e-02  2.76973128e-01  1.09320924e-01 -6.50175884e-02  1.86854109e-01 -4.66899008e-01  8.22461620e-02  1.70584284e-02  3.19420785e-01  3.45165879e-02 -6.27739951e-02 -2.57148802e-01]
 [ 2.13649839e-01  9.87232327e-02  1.90377727e-01 -9.38350055e-03  4.22657281e-01  1.18337572e-01  1.57231241e-01  7.96077251e-02 -1.67978823e-01  1.61683425e-01  1.47459090e-01 -6.00580946e-02  2.37602308e-01 -8.76425058e-02  9.81238857e-02]
 [ 1.62777051e-01  2.97745764e-02  7.70471320e-02 -5.01478761e-02  3.43073487e-01  1.11389697e-01  5.02417982e-02  1.28122702e-01 -3.10552269e-01  1.25124082e-01  8.25073943e-02  1.28913105e-01  1.33959651e-01 -7.46655911e-02 -8.10153782e-02]
 [ 1.36298969e-01 -2.09701760e-03  3.27228047e-02 -6.00671805e-02  2.79224128e-01  6.51590899e-02 -1.60325356e-02  1.50872871e-01 -2.84327030e-01  1.00470960e-01  4.07359339e-02  1.44554228e-01  8.46775249e-02 -5.72750606e-02 -1.23987719e-01]
 [ 1.51957408e-01  2.57663410e-02  3.36719155e-02 -6.53163344e-02  2.16680780e-01 -4.05394137e-02 -1.68340672e-02  1.48622453e-01 -1.09104149e-01  9.87839326e-02 -3.09713581e-03  3.92357400e-03  9.84390154e-02 -6.67149201e-02 -3.54238041e-02]
 [ 1.16851725e-01  2.10353397e-02  7.95901492e-02 -1.24679543e-02  2.35523850e-01  2.59197745e-02 -5.39443106e-04  1.06616914e-01 -7.93694407e-02  9.66748819e-02  9.11776721e-02  8.27378687e-03  7.33715370e-02 -1.16154971e-02 -3.26824896e-02]
 [ 1.32368818e-01  4.85976487e-02  7.37529099e-02 -4.12198007e-02  2.35783130e-01  1.44112753e-02  6.52606115e-02  1.03920802e-01 -1.36620656e-01  9.34565067e-02  7.05621839e-02  4.80453856e-02  1.04303263e-01 -5.50764650e-02 -4.36393246e-02]
 [ 1.02835335e-01 -1.27700139e-02  4.94967625e-02 -3.90522741e-02  1.36440828e-01 -5.12336846e-04 -2.81898566e-02  1.00506440e-01 -1.17849872e-01  1.23564802e-01  4.22708988e-02  9.38403234e-02  6.58229664e-02  1.66112185e-02 -1.25977784e-01]
 [ 1.29136726e-01  5.46714775e-02  1.14437826e-01 -3.26930806e-02  1.77139148e-01 -2.47604121e-02  5.93952276e-02  4.86364849e-02  1.83752202e-03  1.06176689e-01  8.44464228e-02 -5.59128784e-02  1.17018871e-01 -1.52259180e-02 -1.67101528e-02]
 [ 4.47789729e-02 -3.01093142e-03  6.63826838e-02  1.69258215e-03  7.37254396e-02 -7.56168067e-02 -2.14433041e-03  1.07371181e-01 -1.14105269e-02  7.27962255e-02  7.09011778e-02  5.34075424e-02  5.66039346e-02  2.66336109e-02 -5.97550385e-02]
 [ 9.42237899e-02  1.56036958e-01 -2.63635255e-02 -6.14418760e-02  3.70791927e-02 -6.63155615e-02  1.11192636e-01 -4.62722927e-02  1.30924612e-01  1.08120039e-01  1.55062869e-01 -4.37489711e-04 -6.66879565e-02 -2.05787513e-02 -8.50900114e-02]
 [ 4.48277704e-02 -2.72684097e-02  6.70793131e-02  1.07493307e-02  7.03911260e-02 -5.65989390e-02 -6.88506886e-02  8.82593244e-02  6.78530261e-02  7.04848021e-02  7.39872456e-02 -5.01252199e-03  7.80991791e-03  7.39791170e-02 -7.82754049e-02]
 [ 5.58689646e-02  4.80701849e-02  1.07343942e-01 -7.92751089e-04  8.76184776e-02 -9.24065709e-02  7.63890967e-02  8.21850896e-02 -5.13871247e-03  7.19699115e-02  9.72472876e-02  1.60698406e-02  1.18565306e-01 -1.69192962e-02  4.59345756e-03]]
R_hid(hidden representaion to predict r):
[[ 7.83505023e-01 -3.47072542e-01  9.80870247e-01 -6.18567765e-02 -1.36887118e-01 -3.82189602e-02 -2.26921964e+00  5.50215781e-01  2.39862204e+00 -1.36082101e+00  9.58316445e-01  1.36804593e+00 -1.33020788e-01  1.68410730e+00 -1.03080437e-01]
 [-7.17106724e+00 -2.26516175e+00  1.99138187e-04 -9.81247520e+00 -8.00346732e-02 -6.55673862e-01 -2.87382174e+00  1.02086258e+01  2.11599088e+00 -1.07661896e+01  2.31131390e-01  3.39144611e+00 -6.17051637e-03 -6.09462321e-01  1.10778105e+00]
 [-6.24517873e-02  1.03277996e-01 -1.01690769e-01 -6.10786819e+00  2.84898341e-01  1.41077061e+01 -7.30807400e+00 -6.30529499e+00 -5.59437656e+00  2.69216919e+00 -2.14196849e+00  1.35421753e+01 -1.09972887e+01  9.37649250e-01 -3.51610422e-01]
 [-1.90063655e-01 -4.19993687e+00 -5.07210493e-01 -1.54337740e+00 -1.65889037e+00 -2.69682527e+00 -5.67427158e-01  3.84553957e+00  1.21091425e-01 -1.02403927e+00  8.63286108e-02  7.14183331e+00  7.88745731e-02  4.28380370e-02 -7.13889599e-02]
 [ 2.55678725e+00 -1.57466471e+00  1.70820749e+00  2.59916496e+00  1.97655928e+00  1.50923645e+00  3.50603509e+00 -1.10256982e+00 -1.63869709e-01  1.01362002e+00 -4.24803448e+00  2.71757412e+00 -7.03047693e-01  4.21895504e+00 -2.37357795e-01]
 [-2.36380305e-02  1.83965039e+00 -3.54460746e-01 -1.67664692e-01  6.30822182e-02  4.10874218e-01  8.28402221e-01  2.26496965e-01 -7.42751211e-02 -3.11197847e-01 -1.88729763e-01 -8.08977038e-02 -2.00582075e+00  6.15883172e-01  1.21636525e-01]
 [ 4.40507429e-03  6.96529627e-01  3.05965319e-02 -2.07473445e+00 -1.42112696e+00 -2.66426861e-01  1.42954671e+00  8.87007833e-01  4.47352916e-01  8.31964538e-02  1.54054046e+00  2.87717557e+00 -5.65910161e-01  1.06849194e+00  2.38236248e-01]
 [ 7.93953359e-01  8.62533271e-01  8.93020444e-03 -3.38573188e-01  2.67787546e-01  1.82591766e-01  4.16788340e-01 -3.11830133e-01 -5.83442628e-01  2.58309007e-01 -3.98987174e-01  4.24711481e-02 -9.43068027e-01  1.19022024e+00 -2.68446863e-01]
 [ 8.00425708e-02  1.52929318e+00 -1.52812183e-01 -2.43148953e-01 -6.93992913e-01 -3.26724648e-01  1.81622311e-01  1.08445823e+00  3.94484639e-01 -4.67947513e-01 -6.22022673e-02  2.68093681e+00 -1.19275761e+00  6.58638835e-01  7.76293036e-03]
 [ 1.44118118e+00 -2.35536888e-01  1.90356946e+00  5.03453672e-01  2.58285546e+00 -1.31225392e-01  4.13200930e-02 -1.47502627e-02 -1.75191388e-01  2.42079213e-01 -1.39913583e+00  9.81130898e-02  1.04213372e-01  1.70455313e+00 -6.02552891e-01]
 [ 4.78456855e-01  3.22471745e-02 -6.43366873e-01  9.16168392e-01 -1.26531696e+00 -1.20023072e+00 -3.24776113e-01  6.98505521e-01 -5.79826415e-01 -3.84658098e-01 -2.69842392e-04  2.19345689e+00 -1.48062147e-02 -2.58375549e+00 -1.38890266e-01]
 [-2.10199937e-01 -9.56068754e-01  4.98910815e-01 -8.20946991e-02  8.90377760e-01 -6.96980476e-01 -2.65666217e-01  9.29534435e-03 -9.09782946e-01  8.63646030e-01 -9.10995603e-02 -1.62322968e-02  1.91532478e-01  1.79709375e-01 -6.73442721e-01]
 [ 1.56165445e+00  1.25928283e-01 -9.44475591e-01 -9.52346921e-01 -1.23866189e+00 -7.88861811e-01 -2.01105547e+00 -1.30500510e-01 -6.07511401e-01  1.26810029e-01  6.65617660e-02  2.14724302e+00 -1.47400826e-01 -2.12983346e+00 -3.82083058e-01]
 [ 1.44786930e+00 -2.37068677e+00 -2.03488171e-02 -1.05362272e+00 -1.02795675e-01 -3.26887429e-01 -4.25025582e-01  1.44256726e-01  1.14977643e-01 -5.65004230e-01  1.33992851e-01  1.13324896e-01 -2.37624794e-01  1.11648619e-01 -1.03502437e-01]
 [-3.70728135e-01 -9.89864171e-01  1.17706609e+00  3.65624130e-01  6.75621688e-01 -1.72246903e-01  2.56026000e-01  9.66599703e-01 -1.23793721e+00  6.00660145e-01 -2.04155469e+00  9.16380137e-02  1.10101581e+00  1.01775002e+00 -1.57968175e+00]]
topics:
[[ 0.10919178 -0.0474425  -0.03285291 -0.08746109  0.2763773   0.10927891 -0.06595391  0.1873109  -0.46811     0.081903    0.01652199  0.3209654   0.03367547 -0.06266174 -0.25859478]
 [ 0.1574964  -0.00347571 -0.07479963 -0.13767532  0.02077105 -0.30371606 -0.15939708  0.22026083  0.10577074  0.06317164 -0.20993495 -0.14370671  0.06506139 -0.08985884 -0.01577849]
 [ 0.23986831  0.13046175  0.23391552  0.00068663  0.45629233  0.12465487  0.2085332   0.05755582 -0.12619796  0.18280952  0.17088372 -0.12565836  0.2851098  -0.09868695  0.16400819]
 [ 0.12091304 -0.09026466  0.12073904 -0.00865637 -0.08325706 -0.07262295 -0.15478948  0.00742741  0.2712055   0.23256439 -0.03412419 -0.12658627  0.0541264   0.21651044 -0.13070624]
 [-0.09839536  0.01871116  0.03039954  0.14599837 -0.05809569 -0.26734215  0.11335637  0.34307748 -0.13330525  0.10061512  0.10857662  0.29154056  0.18084416 -0.05839473  0.21548995]
 [-0.08102575 -0.1430052   0.03396441  0.12639913  0.19886413 -0.00593046 -0.3027713   0.21443932  0.12814525 -0.11530127  0.15318696 -0.05886993 -0.18759912  0.14566891 -0.04745683]
 [ 0.03058887  0.12204378  0.16331759 -0.14096826  0.09013081 -0.15694658  0.19030939 -0.2641973   0.13831444 -0.07067269  0.28319842 -0.20940937  0.07987097  0.00229425 -0.23994517]
 [ 0.15498862  0.3292412  -0.25339246 -0.09098155 -0.00271838  0.01349626  0.21384467 -0.1740907   0.28911883  0.23843437  0.2820412   0.06737058 -0.3424841  -0.02064653 -0.14294985]
 [ 0.04976996  0.01094343  0.03291278  0.0460513   0.05115255 -0.05704408  0.13726941  0.21791288  0.04891429  0.00671579 -0.04953863  0.15252997 -0.02156574  0.01459386 -0.00540567]
 [ 0.05702739  0.20609327  0.17526838 -0.09275211  0.03345785 -0.04225967  0.09529815  0.00923582 -0.05756987 -0.11686229  0.0204017  -0.01964256  0.117207   -0.22594103  0.05320255]]
R:
[[5.73609889e-01 9.16174054e-02 8.93251747e-02 3.96468304e-02 1.08353626e-02 1.16959751e-01 1.28598027e-02 5.85455401e-03 4.40962575e-02 1.51949534e-02]
 [4.66237485e-01 2.09645325e-04 3.26178700e-01 1.01548540e-06 1.65728622e-08 2.04652473e-01 4.27549773e-09 3.66893619e-05 2.64205737e-03 4.19017233e-05]
 [9.96529400e-01 1.31389934e-11 3.39913531e-03 1.40504799e-05 3.97176320e-11 2.18412770e-05 1.04423361e-05 2.51864276e-05 1.49479220e-08 7.28932973e-13]
 [1.42448649e-01 1.36378920e-03 8.30756187e-01 1.58597564e-03 2.48813012e-04 2.15019193e-02 3.27266002e-06 7.34011759e-04 1.04664976e-03 3.10805161e-04]
 [5.63581049e-01 4.16871451e-04 4.11120266e-01 7.97238108e-03 9.42678540e-04 2.10526545e-04 2.50759837e-03 9.10794921e-03 2.80693779e-03 1.33373542e-03]
 [5.95459282e-01 8.43288004e-02 2.34511599e-01 2.70764697e-02 1.67122483e-03 3.82130481e-02 4.38387180e-03 8.26287735e-03 4.00911365e-03 2.08367477e-03]
 [2.68294603e-01 3.27764899e-01 2.80843079e-01 2.01492850e-02 6.75902050e-03 4.05671932e-02 4.19330876e-03 2.30503120e-02 1.77350696e-02 1.06432261e-02]
 [2.25333840e-01 5.69069721e-02 3.22833210e-01 1.05156146e-01 3.07575054e-02 1.60673335e-01 2.63837967e-02 4.42393385e-02 9.21235234e-03 1.85034554e-02]
 [2.87505835e-01 8.72274041e-02 3.11772257e-01 2.54126731e-02 3.29311863e-02 1.62458606e-02 7.60274678e-02 3.16392370e-02 1.06971711e-01 2.42663901e-02]
 [4.05217052e-01 1.96412466e-02 9.49123800e-02 2.78633833e-01 7.71258995e-02 1.14453295e-02 5.47392406e-02 2.70619802e-02 1.30187944e-02 1.82042252e-02]
 [8.16415027e-02 8.41722116e-02 3.25181872e-01 1.77908823e-01 4.14935350e-02 3.02539729e-02 1.25126213e-01 2.95811221e-02 5.40788211e-02 5.05619198e-02]
 [1.66382998e-01 1.82799753e-02 4.54130135e-02 2.19742671e-01 1.89449877e-01 9.33332369e-02 1.29774392e-01 1.32017853e-02 8.79755244e-02 3.64465825e-02]
 [2.90420204e-02 5.56189790e-02 4.15326171e-02 1.03587300e-01 8.42897370e-02 1.60393752e-02 1.67565063e-01 3.66274327e-01 3.49754952e-02 1.01075068e-01]
 [1.09232306e-01 1.09507022e-02 3.49850804e-02 3.11113030e-01 9.98487100e-02 2.18188465e-01 9.59077179e-02 3.33418846e-02 4.96620201e-02 3.67700905e-02]
 [5.22110797e-02 2.04228535e-02 1.60083517e-01 1.58120841e-01 2.41934240e-01 2.15216260e-02 1.75431728e-01 4.54774685e-03 7.43314698e-02 9.13949162e-02]]
cosine similarity of topic:
[[ 1.00000012e+00  9.97192183e-05 -1.05400240e-05  9.42981860e-05 -3.75572599e-05 -2.09292281e-07  1.13892391e-04 -5.22649145e-07  2.44772236e-05 -2.48744504e-06]
 [ 9.97192183e-05  9.99999702e-01 -1.01809193e-04 -2.07973026e-05  2.78148527e-05  2.84795951e-05  4.60517585e-05 -5.56501109e-05 -1.13629532e-04  1.25791237e-04]
 [-1.05400240e-05 -1.01809193e-04  9.99999583e-01 -3.64567168e-05 -8.30208592e-06 -4.98126356e-05  3.49274524e-05  1.10325534e-04 -7.21869437e-05 -4.93752168e-07]
 [ 9.42981860e-05 -2.07973026e-05 -3.64567168e-05  1.00000012e+00  4.63908000e-05  4.33732348e-05 -1.06265819e-04 -9.49498281e-05 -5.04404998e-05  5.75250924e-05]
 [-3.75572599e-05  2.78148527e-05 -8.30208592e-06  4.63908000e-05  1.00000000e+00 -2.75044131e-05  1.44504493e-05  5.14949134e-05  2.40950085e-05 -1.30325143e-05]
 [-2.09292281e-07  2.84795951e-05 -4.98126356e-05  4.33732348e-05 -2.75044131e-05  9.99999940e-01  6.53047973e-05 -1.81271371e-05  1.67191502e-05  1.47190476e-05]
 [ 1.13892391e-04  4.60517585e-05  3.49274524e-05 -1.06265819e-04  1.44504493e-05  6.53047973e-05  9.99999940e-01  5.10184655e-05 -6.99875600e-05  1.49795471e-06]
 [-5.22649145e-07 -5.56501109e-05  1.10325534e-04 -9.49498281e-05  5.14949134e-05 -1.81271371e-05  5.10184655e-05  1.00000036e+00  1.69499181e-04 -7.49984320e-05]
 [ 2.44772236e-05 -1.13629532e-04 -7.21869437e-05 -5.04404998e-05  2.40950085e-05  1.67191502e-05 -6.99875600e-05  1.69499181e-04  9.99999821e-01 -3.65695487e-05]
 [-2.48744504e-06  1.25791237e-04 -4.93752168e-07  5.75250924e-05 -1.30325143e-05  1.47190476e-05  1.49795471e-06 -7.49984320e-05 -3.65695487e-05  1.00000012e+00]]
