hidden representaion(r*topic):
[[ 0.05745908 -0.10387968 -0.05059315 -0.21890768 -0.08644467 -0.11775739 -0.01465143  0.26417917  0.00712308  0.1059182  -0.04729973  0.05029428 -0.09009741 -0.00553026 -0.02724757 -0.02740557]
 [ 0.09783342 -0.17886646 -0.22608048 -0.0502857  -0.16207035 -0.44839096  0.21096475  0.11377105  0.26508173 -0.00561008  0.3978257   0.02462219  0.20280772  0.17884351 -0.05580379  0.01243046]
 [ 0.06321108 -0.23625028 -0.05664289 -0.270543   -0.16018477 -0.18965387 -0.01171504  0.3060622   0.03341587  0.17399924  0.01888224  0.07021791 -0.13566098  0.04486107 -0.08088521  0.00644356]
 [ 0.10820209 -0.28191632 -0.25706276 -0.05435174 -0.21359012 -0.5438931   0.25104854  0.10726373  0.33119497  0.02575989  0.5086109   0.02356194  0.20573057  0.2383858  -0.09280977  0.04610682]
 [ 0.07475071  0.04341    -0.10850367 -0.07222168 -0.02080191 -0.17134587  0.06295075  0.14806783  0.06345674 -0.02296105  0.03840357  0.04808094  0.10555582  0.00174597  0.01695465 -0.08113974]
 [ 0.09563735 -0.22551528 -0.22560662 -0.04566527 -0.172284   -0.45972735  0.20458135  0.09747702  0.27907422  0.0120448   0.40824005  0.02973271  0.18253124  0.2107966  -0.06693624  0.01523474]
 [ 0.10422602 -0.2602319  -0.24516244 -0.0503665  -0.19896002 -0.51477927  0.23469931  0.10418575  0.3126386   0.02101643  0.47170958  0.02720481  0.19923134  0.23019943 -0.08474513  0.03342618]
 [ 0.08342822 -0.16824569 -0.19484858 -0.0408899  -0.13163726 -0.38349944  0.15835065  0.09516783  0.22034144 -0.00280744  0.31071788  0.04284751  0.16696265  0.17903143 -0.04377455 -0.0200236 ]
 [ 0.08372243 -0.16275944 -0.17671826 -0.07240316 -0.13109285 -0.34989274  0.13568325  0.12466392  0.19078511  0.01396168  0.27010328  0.04443006  0.13157836  0.14292343 -0.04236121 -0.01550501]
 [ 0.08519138 -0.17285742 -0.18978468 -0.05329654 -0.13383324 -0.37836865  0.15326461  0.10536385  0.21527809  0.00612859  0.3033414   0.04338037  0.1551149   0.16900724 -0.04719545 -0.01644173]
 [ 0.08602083 -0.10612194 -0.20642638 -0.06037412 -0.1420888  -0.378946    0.18070157  0.13795893  0.21083188 -0.0277274   0.32229328  0.02599173  0.2014677   0.14000173 -0.03050764 -0.00542133]
 [ 0.05224583 -0.23620658 -0.02438908 -0.31029177 -0.15820898 -0.12717566 -0.05954529  0.34281704 -0.01984813  0.20129162 -0.06254715  0.07779187 -0.2005928   0.01516184 -0.07750686  0.00383888]
 [ 0.04537545  0.13764265 -0.14262249 -0.14680307 -0.08464773 -0.12636557  0.08762665  0.26605406  0.02333152 -0.08067074  0.06642637 -0.00788935  0.14472598 -0.04859307  0.06308234 -0.01898308]
 [ 0.06118488  0.04425474 -0.10731506 -0.12334469 -0.05804021 -0.15251833  0.05032278  0.21907708  0.02750476  0.00445835  0.013751    0.04530363  0.06130231 -0.02091799  0.01226888 -0.05807117]
 [ 0.08975586 -0.17119692 -0.1994229  -0.03294639 -0.13684656 -0.3927069   0.16680613  0.08806357  0.23343456 -0.00063501  0.32489726  0.041012    0.16902865  0.18108812 -0.04539511 -0.01497057]
 [ 0.07458217 -0.06314023 -0.11521967 -0.06553638 -0.04449499 -0.21107753  0.06005319  0.10624786  0.10608009 -0.01033549  0.10081235  0.05470045  0.10089611  0.07302098 -0.0017856  -0.07085605]]
R_hid(hidden representaion to predict r):
[[0.2117604  0.9162957  2.1771648  1.3303432  0.         0.66276497 0.         1.4042857  0.33462006 0.9658691  1.6345764  0.         0.8611311  0.         1.5249165  0.        ]
 [1.0476503  0.         0.         0.         0.9582877  0.         0.23274802 0.         1.5764213  0.         0.         1.5581774  0.         0.         0.04939072 0.        ]
 [0.6428484  0.         0.         0.8231425  0.         0.         1.3625462  0.         0.6757957  0.         0.         0.65564036 0.         1.1813744  0.         0.53530866]
 [1.3412921  3.2660332  0.         0.41152766 0.79720134 1.4774263  1.5919662  0.         2.3264925  0.         0.         1.7649523  2.2233472  2.3299897  0.         1.3459104 ]
 [0.14661625 0.         1.2761182  0.         0.         0.         0.         0.17660403 0.         0.         0.         0.         0.         0.         0.         1.3022352 ]
 [0.06919264 0.         0.         0.         0.         0.233558   0.87703425 0.         0.         2.161588   0.02621047 0.         1.263706   0.24308968 0.         0.        ]
 [0.89516956 1.1245884  0.         0.58625513 0.         0.87929523 2.3308897  0.         0.82544124 0.2803222  0.         1.4448115  0.47490698 0.46957108 0.43961534 0.15272948]
 [0.         0.         0.         0.         0.         1.1877354  0.         0.         0.         0.93159646 0.         0.6852379  0.31648156 0.         0.         0.42181364]
 [0.         0.         0.24824817 0.         1.6158409  0.         0.         0.         0.         0.         0.         0.         0.         0.         0.         0.9202854 ]
 [0.         0.         0.         0.         0.         1.2895496  0.         0.14030297 0.27573574 0.9105578  0.         0.868775   0.51173204 0.03148837 0.         0.        ]
 [0.         0.01523352 0.32589823 0.9594244  1.6215155  0.         0.         0.         0.         0.         0.33626473 0.         0.         0.1680953  0.         0.67207223]
 [0.         0.41656905 0.         0.7445823  0.         1.1492257  0.         1.6927694  0.786052   0.         0.9094423  0.         0.         0.3907053  0.65248746 0.        ]
 [1.816171   0.         1.5630213  1.9216632  0.         0.30132455 0.10361648 1.99884    0.         0.         2.1772845  0.         0.         0.         2.246954   1.3464268 ]
 [0.5202982  0.30310345 1.0839452  0.6942851  0.98680353 0.         0.         1.1152018  0.25162557 0.54590964 1.5411576  0.         0.         0.10415487 1.5131106  0.01171903]
 [0.         0.         0.         0.         0.5609841  0.         0.         0.         0.         0.6278558  0.         0.23020597 1.0353022  1.3293847  0.         0.        ]
 [0.         0.         0.17205535 0.         0.8749117  0.         0.         0.         0.         0.52977234 0.         0.         0.         0.         0.         0.        ]]
topics:
[[-0.07267606  0.23733304 -0.22362547  0.3496273  -0.02958965  0.0497457  -0.01742875 -0.14286159 -0.01093878 -0.1490194  -0.12046126  0.05879373  0.02823623  0.20936967  0.22209126 -0.16248229]
 [ 0.198134    0.30226952 -0.16450769  0.05392687  0.10867102 -0.3624484   0.2207824   0.14549328  0.10723811  0.07211513  0.03465493  0.10934023  0.15674318 -0.29441229 -0.06361005 -0.14885327]
 [-0.06288472 -0.07257     0.0335548  -0.04735037 -0.04790857 -0.11356372 -0.18782929  0.13461283 -0.10720366 -0.0887037  -0.20811214  0.31650916  0.30908138  0.53080755 -0.10848903 -0.39205688]
 [ 0.03834347 -0.06110007 -0.13008001 -0.10009343  0.0946364  -0.19347987  0.05984407  0.10763513 -0.06492443 -0.1552528   0.13325949 -0.00221443  0.07315943 -0.16410561  0.20101258 -0.05138559]
 [-0.12163231  0.12458128 -0.1811893  -0.05935725  0.02655658  0.20251273 -0.20772135  0.03212503 -0.11982596 -0.12822708 -0.1517665   0.07617543  0.09217113 -0.0472395   0.08237956 -0.14145713]
 [ 0.0613732  -0.29921544 -0.01544777 -0.3772827  -0.19235475 -0.13367224 -0.06355017  0.39718562 -0.0211306   0.2586995  -0.05444301  0.06527179 -0.27707088 -0.02061518 -0.09663179  0.04936621]
 [ 0.01658256  0.2974914  -0.19908078 -0.12134373 -0.11600489 -0.08569712  0.13652712  0.28673023  0.03116396 -0.21530388  0.12685728 -0.06424076  0.2956817  -0.03447915  0.12966226  0.00329018]
 [ 0.1080107   0.00208151  0.10409286 -0.22236176  0.24856058  0.01601524  0.01495141  0.07682767  0.17086345  0.05128703 -0.23268816 -0.11854049 -0.04957744 -0.01386146 -0.03067754 -0.08054367]
 [ 0.3216394  -0.07010304  0.15853801 -0.01045563  0.07252236  0.07455477 -0.17347136 -0.09971461  0.01680627 -0.04114974 -0.10482379  0.21448666  0.05688393 -0.19709425  0.09138367 -0.17857234]
 [ 0.1095474  -0.28280863 -0.26281562 -0.04801509 -0.21485005 -0.55426675  0.2587329   0.10150222  0.33975685  0.0212342   0.5226979   0.02233845  0.2161571   0.24392834 -0.09321847  0.04695108]]
R:
[[6.52706176e-02 7.13897645e-02 5.08812368e-02 4.47465070e-02 9.50359926e-03 5.44228733e-01 1.00939117e-01 9.01645273e-02 1.59279387e-02 6.94801426e-03]
 [1.82718690e-02 4.05033194e-02 2.19574962e-02 2.43963040e-02 4.51767864e-03 6.91105565e-03 8.44233111e-02 2.51821019e-02 1.32736824e-02 7.60563254e-01]
 [2.29151845e-02 2.92438958e-02 5.94157167e-02 7.42955599e-03 1.86224002e-03 6.98318422e-01 1.18289646e-02 2.10425910e-02 5.78231318e-03 1.42161146e-01]
 [1.20754959e-03 1.96780413e-04 1.07300584e-03 4.04709535e-05 3.76680400e-05 2.04970725e-02 6.96586358e-05 5.13553678e-04 2.29181940e-04 9.76135075e-01]
 [7.61490017e-02 1.74114838e-01 7.81351849e-02 7.71860853e-02 2.38876101e-02 1.19935095e-01 1.79999083e-01 9.87801775e-02 5.09668142e-02 1.20846130e-01]
 [4.32712287e-02 8.60814005e-03 2.22877804e-02 1.42330537e-02 1.12560615e-02 2.69727744e-02 9.21451673e-03 3.34558859e-02 1.35723799e-02 8.17128241e-01]
 [1.62641667e-02 6.43460872e-03 1.29444180e-02 1.62131537e-03 8.41125729e-04 2.18548067e-02 4.85385349e-03 1.16924169e-02 5.35752717e-03 9.18135762e-01]
 [6.55590817e-02 3.29252891e-02 5.89748472e-02 4.36581038e-02 2.32540574e-02 3.35530788e-02 2.01335642e-02 4.69486117e-02 2.41611749e-02 6.50832117e-01]
 [4.92515005e-02 4.03458476e-02 4.77739833e-02 4.33711782e-02 2.87681147e-02 1.13029107e-01 4.09314819e-02 3.74474302e-02 3.23448926e-02 5.66736519e-01]
 [5.49941659e-02 3.57480757e-02 5.35591915e-02 3.91889252e-02 2.66934521e-02 6.13471903e-02 2.11309548e-02 4.44110744e-02 2.67957319e-02 6.36131227e-01]
 [2.08560545e-02 5.70842922e-02 4.25653867e-02 3.14505883e-02 3.00834444e-03 2.64110565e-02 1.83310360e-01 1.93223041e-02 1.80815626e-02 5.97909987e-01]
 [3.26082818e-02 2.09452361e-02 6.50932640e-02 1.00611942e-02 4.83851181e-03 8.30166161e-01 1.30680948e-02 1.56476460e-02 5.07135037e-03 2.50028260e-03]
 [1.14337904e-02 9.39120278e-02 2.12423280e-02 6.50944635e-02 1.95935834e-03 1.93014830e-01 5.77926457e-01 2.19456032e-02 6.60992181e-03 6.86124014e-03]
 [6.57906234e-02 1.73590168e-01 6.82655275e-02 5.83159588e-02 9.24935564e-03 2.73636669e-01 2.56042987e-01 4.48021553e-02 1.58617254e-02 3.44448388e-02]
 [7.51193389e-02 3.36886980e-02 4.40108925e-02 2.50558611e-02 1.75542310e-02 2.63146982e-02 1.84752326e-02 4.61874753e-02 3.48903760e-02 6.78703129e-01]
 [8.01153779e-02 7.72872642e-02 8.04212093e-02 8.13713148e-02 5.59481382e-02 9.80463549e-02 5.24200387e-02 1.08940676e-01 7.14134946e-02 2.94036120e-01]]
cosine similarity of topic:
[[ 1.0000000e+00 -1.8118862e-05  1.6317391e-04  7.2759314e-05 -8.7248554e-05 -2.6877744e-06 -1.1416308e-05  2.7856233e-05  4.9055983e-05 -2.0063124e-05]
 [-1.8118862e-05  9.9999982e-01  2.3169021e-05  5.2584452e-05  4.3838561e-05 -5.7598600e-06 -2.1411488e-05 -2.9595198e-05 -4.9622144e-05 -1.7260041e-05]
 [ 1.6317391e-04  2.3169021e-05  9.9999982e-01 -2.8247856e-05 -1.4872239e-05  5.4569191e-05 -1.0727274e-05 -1.4629840e-05 -2.0584889e-06 -7.7741468e-05]
 [ 7.2759314e-05  5.2584452e-05 -2.8247856e-05  1.0000000e+00 -5.3014744e-05 -5.3045074e-05  5.4622556e-06  1.7058426e-05  7.8822057e-05  5.0238075e-05]
 [-8.7248554e-05  4.3838561e-05 -1.4872239e-05 -5.3014744e-05  1.0000004e+00  3.6988233e-05 -2.8554718e-06  3.1999436e-05  5.9803584e-05 -8.0204823e-05]
 [-2.6877744e-06 -5.7598600e-06  5.4569191e-05 -5.3045074e-05  3.6988233e-05  9.9999988e-01 -1.3426801e-05  4.8616876e-06 -5.1622799e-05 -2.9597046e-05]
 [-1.1416308e-05 -2.1411488e-05 -1.0727274e-05  5.4622556e-06 -2.8554718e-06 -1.3426801e-05  9.9999970e-01 -6.5020155e-05 -7.2913492e-05 -5.4028507e-05]
 [ 2.7856233e-05 -2.9595198e-05 -1.4629840e-05  1.7058426e-05  3.1999436e-05  4.8616876e-06 -6.5020155e-05  9.9999976e-01 -9.6219323e-05  3.0523872e-05]
 [ 4.9055983e-05 -4.9622144e-05 -2.0584889e-06  7.8822057e-05  5.9803584e-05 -5.1622799e-05 -7.2913492e-05 -9.6219323e-05  9.9999982e-01  2.6910546e-05]
 [-2.0063124e-05 -1.7260041e-05 -7.7741468e-05  5.0238075e-05 -8.0204823e-05 -2.9597046e-05 -5.4028507e-05  3.0523872e-05  2.6910546e-05  9.9999994e-01]]
