hidden representaion(r*topic):
[[ 0.01261272  0.3032187  -0.22211401 -0.12466621 -0.0998784   0.07889082  0.10096347  0.25901464  0.0335806  -0.25218174  0.15557641  0.09368645  0.18494694 -0.03776523  0.2390857  -0.08644041]
 [ 0.01510542  0.30659145 -0.22266157 -0.14022893 -0.10223161  0.08229394  0.10408193  0.27216962  0.03506914 -0.257132    0.16591233  0.09712145  0.19056317 -0.04576693  0.24182868 -0.08456013]
 [ 0.01510542  0.30659145 -0.22266157 -0.14022893 -0.10223161  0.08229394  0.10408193  0.27216962  0.03506914 -0.257132    0.16591233  0.09712145  0.19056317 -0.04576693  0.24182868 -0.08456013]
 [ 0.01510542  0.30659145 -0.22266157 -0.14022893 -0.10223161  0.08229394  0.10408193  0.27216962  0.03506914 -0.257132    0.16591233  0.09712145  0.19056317 -0.04576693  0.24182868 -0.08456013]
 [-0.01142072  0.0821048  -0.04970139 -0.04494219 -0.03974374 -0.05684745 -0.08798668  0.15846029 -0.04655586 -0.12624493 -0.074297    0.1826453   0.2648335   0.21494888 -0.00989913 -0.21346065]
 [ 0.01510542  0.30659145 -0.22266157 -0.14022893 -0.10223161  0.08229394  0.10408193  0.27216962  0.03506914 -0.257132    0.16591233  0.09712145  0.19056317 -0.04576693  0.24182868 -0.08456013]
 [ 0.01510542  0.30659145 -0.22266157 -0.14022893 -0.10223161  0.08229394  0.10408193  0.27216962  0.03506914 -0.257132    0.16591233  0.09712145  0.19056317 -0.04576693  0.24182868 -0.08456013]
 [ 0.01510542  0.30659145 -0.22266157 -0.14022893 -0.10223161  0.08229394  0.10408193  0.27216962  0.03506914 -0.257132    0.16591233  0.09712145  0.19056317 -0.04576693  0.24182868 -0.08456013]
 [ 0.01510542  0.30659145 -0.22266157 -0.14022893 -0.10223161  0.08229394  0.10408193  0.27216962  0.03506914 -0.257132    0.16591233  0.09712145  0.19056317 -0.04576693  0.24182868 -0.08456013]
 [ 0.01510542  0.30659145 -0.22266157 -0.14022893 -0.10223161  0.08229394  0.10408193  0.27216962  0.03506914 -0.257132    0.16591233  0.09712145  0.19056317 -0.04576693  0.24182868 -0.08456013]
 [ 0.01510542  0.30659145 -0.22266157 -0.14022893 -0.10223161  0.08229394  0.10408193  0.27216962  0.03506914 -0.257132    0.16591233  0.09712145  0.19056317 -0.04576693  0.24182868 -0.08456013]
 [ 0.01510542  0.30659145 -0.22266157 -0.14022893 -0.10223161  0.08229394  0.10408193  0.27216962  0.03506914 -0.257132    0.16591233  0.09712145  0.19056317 -0.04576693  0.24182868 -0.08456013]
 [ 0.01510542  0.30659145 -0.22266157 -0.14022893 -0.10223161  0.08229394  0.10408193  0.27216962  0.03506914 -0.257132    0.16591233  0.09712145  0.19056317 -0.04576693  0.24182868 -0.08456013]
 [ 0.01510542  0.30659145 -0.22266157 -0.14022893 -0.10223161  0.08229394  0.10408193  0.27216962  0.03506914 -0.257132    0.16591233  0.09712145  0.19056317 -0.04576693  0.24182868 -0.08456013]
 [ 0.01510542  0.30659145 -0.22266157 -0.14022893 -0.10223161  0.08229394  0.10408193  0.27216962  0.03506914 -0.257132    0.16591233  0.09712145  0.19056317 -0.04576693  0.24182868 -0.08456013]
 [ 0.01510542  0.30659145 -0.22266157 -0.14022893 -0.10223161  0.08229394  0.10408193  0.27216962  0.03506914 -0.257132    0.16591233  0.09712145  0.19056317 -0.04576693  0.24182868 -0.08456013]]
R_hid(hidden representaion to predict r):
[[-6.54153705e-01  9.50692415e-01  3.51264811e+00  1.70460522e-01 -3.17103863e+00  2.49865413e+00  1.06222839e+01  2.02031866e-01  3.62020969e-01 -1.25077522e+00  1.33237392e-01 -1.12733805e+00  3.49079728e+00  1.02138329e+00  6.24982166e+00 -7.49141455e-01]
 [ 7.11639786e+00 -2.37456441e+00  5.02919388e+00 -1.91239357e+00 -1.18575335e-01  1.74779594e-01 -1.37597710e-01 -6.67852700e-01  3.83489132e-01 -9.81172919e-02  3.04179621e+00  3.10388684e-01  1.01225185e+00 -1.17256626e-01 -3.64926481e+00  2.34370079e+01]
 [ 1.73078308e+01 -1.27385151e+00 -4.63960743e+00 -6.70571613e+00  3.17945099e+00 -3.54494691e-01  1.84250861e-01 -1.35975180e+01 -3.42033911e+00  2.90465879e+00 -1.53787434e+00 -1.58579350e-01  9.15841770e+00  1.43292561e+01 -2.60867901e+01  3.51526146e+01]
 [ 1.32871628e+01  6.58121204e+00 -2.77781415e+00  5.18111277e+00 -1.90339661e+01 -5.17644453e+00  1.04520493e+01 -2.03791809e+01  6.33567870e-01 -1.30239582e+01 -3.66747499e-01  3.69090009e+00  4.57378340e+00  4.95082951e+00 -3.81228113e+00  1.01367731e+01]
 [-2.39762858e-01 -4.02799070e-01  2.43612289e-01  6.07539594e-01 -1.18705988e+00  9.60114717e-01 -3.62118244e-01  1.86289406e+00  1.62533414e+00  5.60802221e-02 -1.62418675e+00 -4.01956663e-02 -1.96174407e+00  4.39798862e-01 -2.01929855e+00  4.55708504e+00]
 [ 3.88307381e+00 -1.72997430e-01  5.11664331e-01 -4.55185413e-01  4.16336834e-01  2.46899748e+00  9.87419510e+00 -9.08374405e+00  4.98213887e-01 -5.98306537e-01  4.20420980e+00  5.92952609e-01  1.59287751e+00 -1.74214315e+00 -1.29917598e+00  5.26261842e-03]
 [ 9.58779049e+00  1.72885776e+00  1.45416903e+00  3.56490684e+00 -6.62602997e+00 -4.57218504e+00  1.56312695e+01 -2.10891724e+01 -6.53789163e-01 -6.33506393e+00 -1.79530740e+00  1.41570759e+00  4.09044552e+00  4.43000746e+00  7.73047924e-01  5.30638695e+00]
 [ 6.65940523e-01  8.68415415e-01  1.99390292e+00 -2.65330553e+00  3.28319781e-02  3.23706317e+00  1.37597668e+00 -1.56330025e+00  1.37153268e-03 -1.48950601e+00  3.59610796e+00  3.00962877e+00 -4.09647703e-01  1.39687181e+00  6.27270579e-01  4.20387173e+00]
 [ 5.01168442e+00  4.51867282e-03  3.78388023e+00 -3.82059956e+00 -9.61215556e-01  3.10918987e-02 -3.21158133e-02 -4.66977692e+00 -1.93608999e-01 -7.26223812e-02  5.02493238e+00  5.82053566e+00 -7.96716690e-01  1.81326926e+00 -3.89815521e+00  1.97830029e+01]
 [ 4.02046293e-01  1.36315680e+00  4.31868744e+00 -1.54508615e+00  5.43026447e-01  1.50759399e+00 -2.15709224e-01 -1.00290334e+00 -5.08679807e-01 -4.42164749e-01  5.40154982e+00  2.76875687e+00 -3.14226460e+00  3.03053045e+00  1.01902640e+00  1.88721299e+00]
 [-3.52438283e+00  2.57648051e-01 -1.42405391e+00  1.63792861e+00  1.85224801e-01  1.83293285e+01 -2.59043670e+00  1.23869681e+00  4.57459307e+00 -1.07904739e+01  2.62243748e+00  6.48994982e-01  7.96173477e+00  1.00112848e+01 -1.60311394e+01  1.94048557e+01]
 [ 7.74536550e-01  1.07497656e+00 -3.02083921e+00 -7.41998255e-01 -1.28056169e+00  2.65640545e+00  7.08796835e+00 -3.01048875e+00 -8.80154610e+00 -1.48476338e+00  1.12739697e+01  2.23209906e+00  2.57877922e+00  3.13122654e+00 -6.63241053e+00  4.90617704e+00]
 [ 1.01415730e+01  2.17680559e-02 -3.05868292e+00  6.95004538e-02  5.46210587e-01  2.78853779e+01 -1.17844152e+00  4.45621848e-01 -2.89704895e+00  1.98467946e+00  3.21374464e+00  8.43492866e-01  6.96908665e+00  4.20018482e+00 -3.68866882e+01  2.40160942e+01]
 [ 2.37306786e+00 -1.87650907e+00 -3.80016804e-01 -9.66451168e-02 -1.22154653e+00  1.10497594e+00  5.38426971e+00 -4.17291641e+00 -5.67066097e+00 -4.71520805e+00  5.81359291e+00  8.36579609e+00  4.99026489e+00  2.39973736e+00 -1.16995335e-01  1.65471911e+00]
 [ 1.60549712e+00  1.66640067e+00  1.07626283e+00 -2.73611045e+00 -2.94152379e-01  2.56981969e+00  1.66163182e+00 -4.69824314e+00 -2.25995779e+00  3.21941525e-01  1.92712164e+00  3.47732759e+00 -1.31627932e-01  2.15506220e+00  1.10322535e+00  1.02450037e+00]
 [ 1.26117289e+00 -1.52172434e+00  1.22530556e+00 -3.43008137e+00 -1.59334093e-01 -2.29836076e-01  1.64832622e-02 -6.32188320e+00 -3.26966953e+00 -2.21328855e+00  8.79630947e+00  5.51659393e+00  3.56137133e+00  1.26204073e+00  2.07826877e+00  3.66599560e+00]]
topics:
[[-0.07433284  0.23303533 -0.22646692  0.34743938 -0.03983916  0.00532705  0.01351585 -0.13317783 -0.01229062 -0.13844033 -0.13804653 -0.00733859  0.02715992  0.21155418  0.18747012 -0.14974895]
 [ 0.19900802  0.30839375 -0.12890194  0.0559237   0.11577065 -0.3548612   0.17230025  0.15758146  0.08122371  0.0434371   0.03426138  0.10164706  0.24293913 -0.30217946 -0.08131623 -0.11050586]
 [-0.06759097 -0.07021926  0.08459131 -0.04700005 -0.0427927  -0.11203352 -0.24765168  0.15538533 -0.12921534 -0.11109937 -0.21718174  0.30991727  0.39637423  0.5246763  -0.16584949 -0.35765064]
 [ 0.03765716 -0.04987415 -0.15058681 -0.10961916  0.08680945 -0.19472602  0.12438931  0.1048159  -0.06608175 -0.151641    0.11974733 -0.01327633  0.04122989 -0.16674687  0.20787063 -0.0741383 ]
 [-0.11961996  0.1281467  -0.15829091 -0.07360519  0.01294013  0.16139403 -0.19857496  0.1122192  -0.10742681 -0.13137077 -0.1561769   0.01023747  0.20841897 -0.04915471 -0.04667107 -0.08416691]
 [ 0.07238631 -0.296456    0.07010394 -0.37087467 -0.19622153 -0.16576405 -0.04265767  0.39799333 -0.0203545   0.28181154 -0.07538173  0.03933061 -0.1448249  -0.01183474 -0.11949703  0.16227244]
 [ 0.01510542  0.30659145 -0.22266157 -0.14022893 -0.10223161  0.08229394  0.10408193  0.27216962  0.03506914 -0.257132    0.16591233  0.09712145  0.19056317 -0.04576693  0.24182868 -0.08456013]
 [ 0.10740967  0.0033477   0.11633612 -0.20587492  0.25830585  0.02231515 -0.01539741  0.07008869  0.16811001  0.04241748 -0.22681607 -0.10378227 -0.03450208 -0.01576351 -0.03045319 -0.06612612]
 [ 0.31347194 -0.07330586  0.16466503 -0.01249982  0.07187197  0.06522519 -0.19214252 -0.08197419  0.00979775 -0.04565766 -0.10788007  0.20780626  0.09824471 -0.1981327   0.04881249 -0.16834463]
 [ 0.10048182 -0.26104468 -0.30479145 -0.04585187 -0.18201251 -0.49765915  0.25494617 -0.00559762  0.3146209  -0.00961201  0.57850087  0.12848397  0.05534541  0.23004894  0.16442506 -0.04306952]]
R:
[[3.1862978e-02 1.1932777e-03 1.2946618e-04 1.6791040e-04 1.2153748e-04 1.0719483e-03 9.6477479e-01 3.6306074e-04 1.8361957e-04 1.3139279e-04]
 [2.9343402e-19 2.6734628e-17 2.7369664e-17 4.3703033e-19 2.7221260e-19 9.1493424e-19 1.0000000e+00 4.5178081e-21 1.2452762e-21 4.5360702e-17]
 [8.8756400e-32 6.3403841e-37 1.2542881e-34 1.4012985e-44 1.8223390e-37 1.7376101e-43 1.0000000e+00 0.0000000e+00 0.0000000e+00 1.1350518e-42]
 [1.1648549e-28 4.2235374e-39 1.1979028e-39 0.0000000e+00 0.0000000e+00 0.0000000e+00 1.0000000e+00 0.0000000e+00 0.0000000e+00 0.0000000e+00]
 [6.9735445e-02 7.8454435e-02 4.6200040e-01 4.5468765e-03 5.8955912e-02 2.1702675e-02 2.5473818e-01 1.1558423e-02 2.6988920e-02 1.1318729e-02]
 [3.5432877e-18 1.2333149e-22 6.8414265e-23 6.6377221e-30 3.6416652e-25 7.5835037e-28 1.0000000e+00 4.3202125e-26 2.1652987e-26 4.7757682e-26]
 [1.7115968e-36 3.6377708e-42 2.8550756e-40 0.0000000e+00 0.0000000e+00 0.0000000e+00 1.0000000e+00 0.0000000e+00 0.0000000e+00 0.0000000e+00]
 [1.5780052e-15 4.5727589e-19 5.2305282e-19 2.7421610e-24 1.1380221e-22 2.2618612e-24 1.0000000e+00 1.3138745e-21 1.4422047e-22 3.0355680e-20]
 [4.2121915e-14 1.2467303e-14 3.4005692e-13 2.8347818e-16 4.5819701e-15 2.5609351e-15 1.0000000e+00 1.4614091e-17 1.1137346e-16 5.6380482e-15]
 [3.1637312e-12 4.4391514e-15 2.8553824e-15 9.4548016e-19 3.9710221e-17 1.1622376e-18 1.0000000e+00 1.9368190e-19 3.1951526e-18 3.7530001e-15]
 [6.7535569e-21 8.2148971e-23 2.7704715e-20 9.6416001e-29 5.6108330e-26 3.0197820e-26 1.0000000e+00 3.9896779e-27 7.9805542e-29 1.0457652e-25]
 [2.4121156e-12 2.1626449e-11 1.4723293e-13 1.7016326e-14 2.0989396e-15 2.1802261e-11 1.0000000e+00 4.7763235e-15 2.4335216e-15 4.3072635e-14]
 [7.8502082e-21 3.6681993e-24 1.7273504e-23 4.2035636e-29 6.5936284e-24 5.0588951e-28 1.0000000e+00 1.6184567e-28 6.3381367e-29 1.0432273e-25]
 [1.3824899e-09 8.3875601e-10 7.1467879e-12 4.0390461e-13 3.0418688e-12 1.6991476e-11 1.0000000e+00 3.6784038e-11 1.0074088e-11 8.3632976e-13]
 [2.0898088e-14 9.8171324e-17 1.6084710e-16 1.6411855e-22 1.1809495e-19 4.4805987e-21 1.0000000e+00 6.9723248e-21 2.9263449e-21 1.9224052e-20]
 [2.3955412e-12 2.7588855e-13 1.0482066e-12 5.1232475e-16 1.7917671e-15 4.2033351e-16 1.0000000e+00 1.3981204e-15 3.8138159e-16 6.1855504e-15]]
cosine similarity of topic:
[[ 1.0000001e+00  7.2053328e-05  8.6614011e-05 -4.0185412e-05 -1.1024659e-05 -5.7169666e-05 -7.8274941e-05 -8.5499480e-05 -7.5452830e-05 -5.3249761e-07]
 [ 7.2053328e-05  9.9999964e-01 -3.2850737e-06 -5.1416413e-05  1.8342422e-05 -3.9503655e-05  1.1345402e-06  1.5133122e-06 -1.3668259e-06  6.4693479e-05]
 [ 8.6614011e-05 -3.2850737e-06  1.0000001e+00  1.4691473e-06 -1.8489953e-05  2.4028439e-05  4.9750774e-06  5.0036644e-05 -5.9657388e-05 -1.7414941e-05]
 [-4.0185412e-05 -5.1416413e-05  1.4691473e-06  1.0000001e+00  6.4699947e-05 -1.1836063e-05 -7.3846918e-06  6.5978900e-05  4.0505682e-05  3.0853877e-05]
 [-1.1024659e-05  1.8342422e-05 -1.8489953e-05  6.4699947e-05  9.9999976e-01 -1.8273102e-05  5.1744111e-05 -1.4880973e-04  6.3215593e-05  5.8887988e-05]
 [-5.7169666e-05 -3.9503655e-05  2.4028439e-05 -1.1836063e-05 -1.8273102e-05  9.9999994e-01 -1.5095679e-06 -1.8567413e-05  2.5057205e-05 -3.7609880e-06]
 [-7.8274941e-05  1.1345402e-06  4.9750774e-06 -7.3846918e-06  5.1744111e-05 -1.5095679e-06  1.0000002e+00 -5.4603039e-05 -3.1613374e-05 -1.3349706e-05]
 [-8.5499480e-05  1.5133122e-06  5.0036644e-05  6.5978900e-05 -1.4880973e-04 -1.8567413e-05 -5.4603039e-05  9.9999970e-01  4.5219007e-05 -4.2857714e-06]
 [-7.5452830e-05 -1.3668259e-06 -5.9657388e-05  4.0505682e-05  6.3215593e-05  2.5057205e-05 -3.1613374e-05  4.5219007e-05  9.9999988e-01 -9.1132679e-06]
 [-5.3249761e-07  6.4693479e-05 -1.7414941e-05  3.0853877e-05  5.8887988e-05 -3.7609880e-06 -1.3349706e-05 -4.2857714e-06 -9.1132679e-06  1.0000000e+00]]
