hidden representaion(r*topic):
[[ 0.11312338  0.11245745 -0.07077089 -0.07364699  0.01417146 -0.06330499 -0.00790671  0.10202897  0.01405446 -0.0763373  -0.0196232   0.06213987  0.17463271 -0.09831084  0.08428174 -0.1365673 ]
 [ 0.08906543  0.20260061 -0.15528768 -0.1137493  -0.04336964 -0.07370377  0.05558799  0.16541354  0.03428821 -0.13278475  0.06424011 -0.03055166  0.20624419 -0.07928061  0.1993606  -0.11819112]
 [ 0.0742398   0.19374453 -0.15582474 -0.11847206 -0.05108285 -0.08038299  0.05038643  0.17850365  0.02874915 -0.1190607   0.05258596 -0.02334041  0.21007995 -0.05440105  0.17273526 -0.11715505]
 [ 0.04266166  0.33069173 -0.27612364 -0.15916432 -0.12173694 -0.10298896  0.14252546  0.26288098  0.05477822 -0.18250532  0.16102633 -0.13988505  0.25627223 -0.05095825  0.30620387 -0.0884283 ]
 [ 0.12667447  0.00545561 -0.03031894 -0.05211575  0.03297386 -0.10110154 -0.03310282  0.05153721  0.02560326 -0.03138089 -0.02750565  0.11691066  0.14461353 -0.05920028  0.02456507 -0.14357963]
 [ 0.07975502  0.22967532 -0.1759698  -0.11384744 -0.05809438 -0.07926136  0.06849674  0.17997512  0.03659466 -0.13773933  0.075742   -0.0431839   0.2203131  -0.0709183   0.20891447 -0.11633131]
 [ 0.06318653  0.25922754 -0.20963782 -0.13153152 -0.08063883 -0.08720849  0.09157123  0.21028891  0.04143606 -0.15134895  0.102104   -0.07536306  0.23095766 -0.05776582  0.23796104 -0.10618692]
 [ 0.07592349  0.22853138 -0.1786437  -0.11817621 -0.05989543 -0.08436499  0.07120395  0.18513872  0.0368136  -0.13791403  0.07857329 -0.04573443  0.22317629 -0.06332152  0.2086265  -0.1164791 ]
 [ 0.09161334  0.19396009 -0.1410082  -0.10213345 -0.03583891 -0.07277949  0.04346001  0.15457678  0.03011343 -0.1220424   0.0467147  -0.01111723  0.21007146 -0.07640667  0.17405863 -0.12620166]
 [ 0.11090954  0.14144103 -0.09327709 -0.08132837 -0.00643944 -0.06616815  0.00972106  0.11379576  0.0236213  -0.10067035  0.01110393  0.03504206  0.19360933 -0.08284789  0.12991402 -0.1402233 ]
 [ 0.12772574 -0.03501598 -0.06707704 -0.06950012 -0.00841543 -0.162372    0.00416516  0.06043152  0.06631082 -0.01169857  0.04855632  0.08938943  0.12905097 -0.0132194   0.053813   -0.11781036]
 [ 0.06792291  0.25110513 -0.19962256 -0.1258623  -0.07289986 -0.0888503   0.08634239  0.201987    0.03967012 -0.14723234  0.09503587 -0.06459127  0.23107499 -0.05974685  0.22784208 -0.11114848]
 [ 0.11308742 -0.04392711 -0.08336765 -0.09827484 -0.0339613  -0.16220592  0.00926561  0.10272619  0.05549638  0.00930645  0.04781786  0.07879341  0.09913743 -0.02321079  0.04174464 -0.08267051]
 [ 0.12056698 -0.10179953 -0.1464134  -0.07939554 -0.05886022 -0.27089268  0.07469063  0.06026141  0.12714064  0.01486696  0.18192643  0.05197682  0.08780432  0.03466502  0.09846513 -0.06761252]
 [ 0.09499406  0.17586504 -0.12494694 -0.09339575 -0.02571101 -0.07429686  0.03216291  0.14182983  0.02681397 -0.11297863  0.03229781  0.00725823  0.20768218 -0.07132121  0.15351607 -0.13320664]
 [ 0.12148455  0.10114088 -0.05982152 -0.07114986  0.02353437 -0.0583787  -0.01212766  0.08668342  0.01691647 -0.08726139 -0.01789473  0.06279536  0.1701704  -0.09590708  0.10019581 -0.14439829]]
R_hid(hidden representaion to predict r):
[[0.98499835 0.         0.         0.73666364 0.         0.7495557  0.41484728 0.92097414 0.         0.         0.         0.         0.05143537 0.7211633  1.195984   0.1805521 ]
 [0.         0.         0.         0.21567802 0.         0.         0.49666604 1.0994092  0.         0.         0.         0.         0.         0.04481255 0.83954686 0.22501628]
 [0.49746582 0.         0.         0.         0.         0.         1.0547736  0.95068365 0.         0.         0.         0.         0.         1.7818089  0.         0.22075637]
 [0.         0.         0.         0.01775702 0.         0.3894597  0.         0.03606295 0.         0.         0.         0.         0.         1.5821542  0.         0.3025287 ]
 [0.         0.0556144  0.         1.4528438  0.         0.58593905 1.3840132  1.4792056  0.         0.         0.         0.         0.08808073 0.         0.81637233 0.        ]
 [0.         0.         0.24754584 0.4214858  0.         0.29226494 0.8438328  1.0697162  0.         0.         0.         0.         0.         1.0996352  0.13820454 0.4955385 ]
 [0.         0.         0.         0.8040538  0.         0.298297   0.30468112 0.729153   0.         0.         0.         0.         0.         0.9375628  0.         0.61245215]
 [0.         0.         0.41873187 0.6770956  0.         0.44094476 1.0098532  1.2027074  0.         0.         0.         0.         0.         0.51416236 0.         0.        ]
 [0.         0.         0.35885125 0.28497314 0.         0.37515402 1.3123279  1.2170285  0.         0.         0.         0.         0.         0.9562308  0.07031766 0.        ]
 [0.         0.         0.33772084 0.79823196 0.         0.3920685  1.3819808  1.5543722  0.         0.         0.         0.         0.         0.36962166 0.         0.        ]
 [0.1463708  0.         0.         1.3528336  0.         0.         0.7515103  1.872132   0.         0.         0.         0.         0.         0.         0.6313797  0.        ]
 [0.         0.         0.10780523 0.8351913  0.         0.45207557 0.93123096 0.99421495 0.         0.         0.         0.         0.         0.6999814  0.         0.        ]
 [2.589738   0.         0.         1.1240011  0.         0.05321769 0.         1.342327   0.         0.         0.72522604 0.5952927  0.65194315 0.         0.41038698 0.77849334]
 [1.6478958  0.8898136  0.         0.6624571  0.         1.1737871  0.15047774 0.65088004 0.         0.         0.42805207 0.51930636 1.0129097  0.         0.03060758 0.2558141 ]
 [0.         0.         0.38239533 0.76128685 0.         0.45583946 1.1521028  1.108104   0.         0.         0.         0.         0.         0.88864017 0.         0.        ]
 [0.         0.         0.         0.42937672 0.         0.44530472 1.1512609  1.6330329  0.         0.         0.         0.         0.31160292 0.         1.1267203  0.        ]]
topics:
[[-0.07998178  0.24353266 -0.24587785  0.35904917 -0.04434896  0.06475741 -0.00969593 -0.12587613 -0.01437107 -0.17303541 -0.15378676  0.1301221  -0.04770881  0.24330644  0.2072729  -0.15087345]
 [ 0.20376611  0.352096   -0.12025178  0.05093678  0.17026249 -0.38860777  0.22891162  0.1460269   0.06237789  0.10485697  0.00590483  0.11640353  0.30864796 -0.34246287 -0.14317504 -0.13266094]
 [-0.12542777 -0.0607534   0.11018346 -0.05172817 -0.00418447 -0.0868872  -0.26454827  0.13202563 -0.19251843 -0.13629758 -0.29794338  0.35470325  0.5355314   0.5812553  -0.2480564  -0.47698352]
 [ 0.06386299 -0.07465909 -0.17224592 -0.13739431  0.10598711 -0.21424496  0.11871751  0.12529276 -0.052421   -0.17417876  0.14614876  0.04370035 -0.03829195 -0.19236408  0.23701003 -0.04499768]
 [-0.18158162  0.14229058 -0.19762425 -0.0709877   0.01093725  0.20972249 -0.22164012  0.08730508 -0.1316874  -0.2195702  -0.1492049   0.10204194  0.2800008  -0.03801287 -0.0786346  -0.1749771 ]
 [ 0.12883386 -0.30626157  0.04145482 -0.4182989  -0.23168333 -0.15670641 -0.04478021  0.46187058 -0.03599299  0.29345682 -0.09352531  0.0740259  -0.18657222 -0.02347302 -0.13510391  0.16250935]
 [ 0.03699098  0.34689546 -0.29175103 -0.1653323  -0.1310835  -0.10791206  0.15479797  0.27577823  0.05770809 -0.1884453   0.17384627 -0.15441687  0.2617532  -0.04798502  0.32011965 -0.08398882]
 [ 0.12832834  0.00528733  0.14630012 -0.22532104  0.29203048  0.01311756 -0.02083584  0.07922944  0.17844956  0.05413257 -0.26521167 -0.14108518  0.02588752 -0.01371776 -0.03243496 -0.09920952]
 [ 0.28791246 -0.07568358  0.18819979 -0.01709534  0.09719051  0.10202836 -0.22072361 -0.10895449 -0.01076212 -0.06747512 -0.14470558  0.23773828  0.14493664 -0.23296311  0.0299806  -0.22687395]
 [ 0.15565382 -0.29985806 -0.3594173  -0.06519694 -0.20912233 -0.65583235  0.3008755  -0.01993109  0.39927724  0.10863066  0.6392487  -0.06468619  0.05488261  0.25402603  0.24577339  0.02194756]]
R:
[[0.05174711 0.12093945 0.03405501 0.05533657 0.06804319 0.05298747 0.27524284 0.04771962 0.27845994 0.01546878]
 [0.02705712 0.04091581 0.01850904 0.0486696  0.01913611 0.01676539 0.59284335 0.03409746 0.19410361 0.00790253]
 [0.02983025 0.0532834  0.04131196 0.02841203 0.04073876 0.04454246 0.5631965  0.03453556 0.15105875 0.01309039]
 [0.00316375 0.00378578 0.00250598 0.0032953  0.00342178 0.00175899 0.95453584 0.00286045 0.02363003 0.00104206]
 [0.0631204  0.13353524 0.0701679  0.07556514 0.07649346 0.07120425 0.0458116  0.0586246  0.30903503 0.09644239]
 [0.03106938 0.04905309 0.0198497  0.02281201 0.02149875 0.01612555 0.64616996 0.02195732 0.16403094 0.00743326]
 [0.02210896 0.03013075 0.01857541 0.01731813 0.02044427 0.0165519  0.7429982  0.01863845 0.10674227 0.0064917 ]
 [0.02612551 0.0469307  0.0283325  0.02646712 0.02026834 0.016807   0.65095794 0.02457949 0.14942805 0.0101033 ]
 [0.03435804 0.06428774 0.02969066 0.03154859 0.02803235 0.02156282 0.54230094 0.03123193 0.20747264 0.00951432]
 [0.04422083 0.08261413 0.04157397 0.04410287 0.03100546 0.02569445 0.3957148  0.03934601 0.27682084 0.01890663]
 [0.05164618 0.09710555 0.06807374 0.06013151 0.05562912 0.08859716 0.0689898  0.05162191 0.26430655 0.19389848]
 [0.02253529 0.04036988 0.02473103 0.02155941 0.01711823 0.01395178 0.71355766 0.01870397 0.12020588 0.00726679]
 [0.05227863 0.09879882 0.03930197 0.06180488 0.09429388 0.16966422 0.06675883 0.03402998 0.20354319 0.1795256 ]
 [0.0469295  0.06996679 0.03457499 0.09646183 0.06802132 0.10089332 0.03548496 0.02538296 0.16427928 0.35800508]
 [0.03975153 0.07627925 0.04283839 0.0338323  0.02917428 0.02387642 0.48532075 0.0341831  0.22067584 0.01406823]
 [0.05136584 0.09221664 0.04014001 0.08201666 0.03970994 0.02920106 0.27750653 0.06044875 0.31048924 0.01690526]]
cosine similarity of topic:
[[ 1.0000000e+00 -5.1330393e-05  2.4292951e-05  8.8448083e-05  3.9028608e-05  2.2602283e-06 -4.4635752e-05 -5.8363690e-05 -5.0193172e-05 -1.3408221e-05]
 [-5.1330393e-05  9.9999994e-01 -4.9881066e-05 -2.2924698e-05 -4.7414174e-05 -1.4640041e-05 -3.1704611e-05  2.4614825e-05 -1.8150096e-05  3.3364384e-05]
 [ 2.4292951e-05 -4.9881066e-05  1.0000004e+00 -1.5063322e-05 -3.6377998e-05  3.4621506e-05 -1.9797801e-06 -1.1162993e-05 -1.4782197e-05 -2.1224656e-05]
 [ 8.8448083e-05 -2.2924698e-05 -1.5063322e-05  1.0000002e+00  4.7808819e-05  6.5088707e-06  5.8059577e-06  4.1539959e-05 -3.1964944e-05  3.8805407e-05]
 [ 3.9028608e-05 -4.7414174e-05 -3.6377998e-05  4.7808819e-05  1.0000001e+00 -6.6740370e-07  3.2142657e-06  2.3696393e-05 -4.5246827e-07  7.5391996e-05]
 [ 2.2602283e-06 -1.4640041e-05  3.4621506e-05  6.5088707e-06 -6.6740370e-07  1.0000001e+00  8.5369051e-05  1.8621573e-06  2.3464558e-05  1.0916385e-05]
 [-4.4635752e-05 -3.1704611e-05 -1.9797801e-06  5.8059577e-06  3.2142657e-06  8.5369051e-05  9.9999976e-01 -3.3246866e-05  6.8183581e-05  6.9469228e-05]
 [-5.8363690e-05  2.4614825e-05 -1.1162993e-05  4.1539959e-05  2.3696393e-05  1.8621573e-06 -3.3246866e-05  1.0000001e+00 -4.9668193e-05  6.7904875e-05]
 [-5.0193172e-05 -1.8150096e-05 -1.4782197e-05 -3.1964944e-05 -4.5246827e-07  2.3464558e-05  6.8183581e-05 -4.9668193e-05  9.9999970e-01 -7.1274862e-06]
 [-1.3408221e-05  3.3364384e-05 -2.1224656e-05  3.8805407e-05  7.5391996e-05  1.0916385e-05  6.9469228e-05  6.7904875e-05 -7.1274862e-06  1.0000002e+00]]
