hidden representaion(r*topic):
[[ 0.03099953 -0.08017081 -0.04572251 -0.06176422 -0.05142809 -0.11890668  0.03654551  0.06008206  0.04585779  0.04028856  0.08391421  0.01117003  0.00073182  0.0403653   0.00930772  0.00404345]
 [ 0.02661748 -0.07369161 -0.01342473 -0.08604432 -0.05960524 -0.08452877  0.01007744  0.09260462  0.00412623  0.05570652  0.04255049  0.01762862 -0.03520733  0.02372619 -0.00776567  0.03041325]
 [ 0.02716593 -0.07407103 -0.01148532 -0.08815219 -0.06079174 -0.08449172  0.00987265  0.09547856  0.0021076   0.05827933  0.04136064  0.01798872 -0.03831509  0.0222382  -0.00930104  0.03296116]
 [ 0.02752151 -0.08127902  0.02059122 -0.11732108 -0.07328065 -0.06473207 -0.01097041  0.12986167 -0.03285661  0.08281176  0.01209316  0.02364831 -0.07797499  0.00848439 -0.02850084  0.0620704 ]
 [ 0.02964328 -0.05799785 -0.04946435 -0.04786453 -0.04110804 -0.1060829   0.03813912  0.04975471  0.04475707  0.0245006   0.0740191   0.01346047  0.01390422  0.03416146  0.01568194 -0.00562225]
 [ 0.02674512 -0.06431627 -0.00706514 -0.08794547 -0.05761181 -0.07517909  0.00735143  0.09829132 -0.00561237  0.05669163  0.0306363   0.01982369 -0.04099337  0.01438713 -0.01094343  0.03534   ]
 [ 0.02754969 -0.07607599 -0.00467908 -0.09519121 -0.06401574 -0.08115279  0.00582555  0.10365935 -0.00514481  0.0643181   0.03590951  0.01875487 -0.04732123  0.01895999 -0.01340808  0.03978175]
 [ 0.02916904 -0.07140674 -0.00269951 -0.09203332 -0.06080537 -0.07869333  0.00667066  0.10177612 -0.00713777  0.06288574  0.03202277  0.02085296 -0.04694415  0.01472587 -0.01386361  0.03893443]
 [ 0.02319162 -0.04983026 -0.01083687 -0.07799193 -0.05054384 -0.06534877  0.0060687   0.09092491 -0.00735462  0.04422421  0.02348143  0.02003541 -0.03128674  0.01242942 -0.00613877  0.02769516]
 [ 0.02960598 -0.0695765  -0.01640256 -0.080327   -0.05605388 -0.08862668  0.01649701  0.08747663  0.00874267  0.05353115  0.04572518  0.01847874 -0.03042331  0.02106    -0.00593519  0.0269768 ]
 [ 0.03187448 -0.09395056 -0.05957806 -0.05829513 -0.05600084 -0.13733053  0.04526256  0.05104018  0.06516163  0.04092119  0.10681646  0.0082117   0.01034698  0.05365828  0.01398681 -0.0019346 ]
 [ 0.02738183 -0.0640348  -0.00226811 -0.08959131 -0.05749041 -0.07174051  0.00410028  0.10068583 -0.01049181  0.05772381  0.02611555  0.020221   -0.0446802   0.01185768 -0.01203694  0.03690875]
 [ 0.03369905 -0.10348609 -0.08516191 -0.04195486 -0.05291415 -0.16439196  0.06335308  0.02721326  0.09795707  0.03005952  0.1408834   0.00242252  0.03732304  0.07077028  0.02723205 -0.02161387]
 [ 0.0313638  -0.07983303 -0.06718623 -0.04411012 -0.04470334 -0.13440567  0.05029944  0.03725021  0.07133223  0.02587122  0.1062792   0.00686222  0.02618841  0.05163992  0.02201162 -0.01479164]
 [ 0.02955106 -0.06267378 -0.01992726 -0.07382432 -0.05116324 -0.08800858  0.01927422  0.0820349   0.01071376  0.04750625  0.04560442  0.01805018 -0.02398673  0.0187187  -0.00291266  0.02197976]
 [ 0.02253661 -0.04692729 -0.0416917  -0.05125361 -0.03775873 -0.08618408  0.02506723  0.05720406  0.02732122  0.02041348  0.05352538  0.01328802  0.00741673  0.02706785  0.01251668 -0.00142897]]
R_hid(hidden representaion to predict r):
[[1.5134981  0.5030736  0.         0.         0.         0.         0.         0.         0.         0.59833336 0.8403534  0.         0.         0.6716698  0.         1.1404063 ]
 [1.503578   0.09015151 0.44603676 0.         0.         0.         0.29977393 0.         1.2843906  1.288264   1.2955449  0.         1.4841666  0.35058963 0.         1.866981  ]
 [1.5312724  0.         1.1831747  0.7894913  0.         0.6293146  0.         0.         1.74057    1.6933917  1.0484489  0.         1.0489025  0.67258406 0.         1.6087941 ]
 [1.5851064  0.         1.7739143  1.2134743  0.         0.50424856 0.09078538 0.         1.723394   0.9833284  1.2488544  0.         1.4708537  0.772387   0.         1.8255926 ]
 [0.5492299  0.25944927 0.         0.         0.         0.         0.         0.         0.76122004 1.0507542  1.0558194  0.         0.         0.31979412 0.         1.5868071 ]
 [1.4727157  0.         1.4696355  0.931334   0.         0.46237746 0.3290892  0.60056144 1.5617085  0.93253887 1.1616708  0.         1.5769216  1.6558391  0.         2.4671974 ]
 [1.2662946  0.         1.8119693  0.9535373  0.         0.6950217  0.         0.54289645 1.949899   0.91204554 0.76167893 0.31205568 1.2748908  1.4808744  0.         1.8752701 ]
 [1.0375743  0.         0.9168395  0.5748627  0.         0.25067875 0.2539021  0.1383101  1.5475662  0.90961754 1.1216766  0.         1.0259614  1.4567478  0.         2.1429265 ]
 [1.1131198  0.         0.7911544  0.36986458 0.11584528 0.36842626 0.5329536  0.3508422  1.6602885  1.6416608  1.4238256  0.         1.2071034  0.7428235  0.         1.9975284 ]
 [1.6096563  0.         0.84549814 0.33220243 0.         0.28068882 0.2078357  0.36356863 1.9029416  1.1636224  1.1481801  0.         0.96243507 1.2050945  0.         1.7908095 ]
 [1.0101132  0.         0.         0.42719698 0.         0.         0.         0.9543664  0.57613534 0.7696745  0.15026721 0.         0.         0.21349786 0.         0.17326409]
 [1.7566675  0.07149705 0.5648407  0.75166726 0.03474092 0.23314235 0.         0.33374617 0.90082    1.1202209  1.258709   0.         0.74934024 1.0779335  0.         1.8841165 ]
 [1.1157523  0.4417297  0.         0.2290043  0.2775931  0.         0.         0.         0.         0.         0.         0.1503339  0.         0.43166116 0.         0.        ]
 [1.7829006  0.36529157 0.8947089  0.         0.         0.41615203 0.         0.         0.8184181  1.2353772  1.343733   0.         1.0143605  0.53904563 0.         1.6691947 ]
 [1.5460876  0.         0.9261508  0.697465   0.         0.56307673 0.06572444 0.06702024 1.5536157  1.2573203  1.2878727  0.         1.1524341  1.6842042  0.         2.3781166 ]
 [1.231684   0.19870204 0.61912835 0.29945457 0.09202857 0.47087827 0.16434534 0.30387408 0.8980519  1.569775   0.9419729  0.         0.98194563 0.49038085 0.         1.7794636 ]]
topics:
[[-2.96829678e-02  9.46239457e-02 -8.68401602e-02  1.24930382e-01 -1.35009205e-02  1.63682196e-02 -9.16212890e-03 -4.45044003e-02  1.45775935e-04 -7.03208670e-02 -2.97915433e-02  4.90270182e-03  3.69874537e-02  7.04784989e-02  6.21179417e-02 -6.54425770e-02]
 [ 6.52161092e-02  1.16258912e-01 -4.85225655e-02  2.55969446e-02  3.74145769e-02 -1.23409376e-01  1.56142250e-01  5.29648289e-02  8.08397867e-03  1.55855576e-02  1.14553785e-02  4.91623208e-02  2.88758632e-02 -9.64736268e-02 -9.70465690e-03 -3.85610358e-04]
 [-1.86176822e-02 -2.54144762e-02  3.75872999e-02 -1.70835145e-02 -2.73706112e-02 -4.36045602e-02  4.44493815e-02  5.93480356e-02 -5.43256551e-02 -3.29273082e-02 -6.82857484e-02  1.22556113e-01  6.10844716e-02  2.06041023e-01 -3.79532687e-02 -6.36852905e-02]
 [ 1.16893519e-02 -2.63894107e-02 -5.55322617e-02 -3.01602818e-02  3.31851989e-02 -8.43301192e-02 -2.15785317e-02  3.24327536e-02 -1.11234663e-02 -6.40474111e-02  6.88525140e-02 -4.79039848e-02  7.00096264e-02 -6.20734580e-02  6.05270229e-02 -6.57502934e-02]
 [-4.02717143e-02  6.67436644e-02 -7.19722286e-02  2.25602393e-03 -2.70404457e-03  5.73455431e-02 -4.71255369e-02  2.57509984e-02 -3.02974563e-02 -5.81932217e-02 -4.81646471e-02  3.16945352e-02  3.79883237e-02 -1.38813891e-02  1.46539565e-02 -1.08378297e-02]
 [ 2.75769141e-02 -8.78836587e-02  3.47450487e-02 -1.30928367e-01 -7.98848197e-02 -5.78640774e-02 -2.04565581e-02  1.45071208e-01 -4.75478321e-02  9.50977355e-02  7.88884587e-04  2.61798389e-02 -9.64229852e-02  4.43288265e-03 -3.76952291e-02  7.52920583e-02]
 [ 1.08004455e-02  9.52678099e-02 -7.83592090e-02 -4.46582474e-02 -3.46266963e-02 -3.08386013e-02  4.64240685e-02  8.44015181e-02  1.74577683e-02 -5.63655645e-02  3.74409817e-02 -1.80766229e-02  8.19560438e-02 -1.59249175e-02  7.78049529e-02 -2.66285837e-02]
 [ 4.84898835e-02 -5.41478815e-03  4.97169606e-02 -8.94503668e-02  9.03412402e-02  9.62915178e-03  3.41803767e-02  2.78533921e-02  5.68791218e-02  3.62674072e-02 -9.92683843e-02 -5.70272736e-04 -6.06822670e-02 -8.04710481e-03 -1.63535345e-02  1.69654954e-02]
 [ 1.02196679e-01 -1.91513710e-02  6.02769703e-02 -1.52272056e-03  2.76768543e-02  2.70785876e-02 -3.65010314e-02 -3.22724655e-02  5.32734813e-03 -1.86917242e-02 -3.34637314e-02  6.74836263e-02  5.12359617e-03 -6.91723078e-02  3.23736891e-02 -3.81641984e-02]
 [ 3.56910676e-02 -1.13598354e-01 -1.05373576e-01 -3.14391665e-02 -5.30140959e-02 -1.87522128e-01  7.82458559e-02  1.03796627e-02  1.24732539e-01  2.45941300e-02  1.69603795e-01 -1.68729224e-03  5.65011390e-02  8.48975256e-02  3.64772454e-02 -3.46999504e-02]]
R:
[[0.01254263 0.0309744  0.01107386 0.02805062 0.01970463 0.34483936 0.02233081 0.01429035 0.01738805 0.49880528]
 [0.0135246  0.01256012 0.01247742 0.01965038 0.03810194 0.5843817  0.03281698 0.01285422 0.01319307 0.26043957]
 [0.01296392 0.01798044 0.00956437 0.01622319 0.03254325 0.6059964  0.03219333 0.01106163 0.01126625 0.25020722]
 [0.00345052 0.00850186 0.00215417 0.00458877 0.01105884 0.8745733  0.01742826 0.00401198 0.00527869 0.06895367]
 [0.02049406 0.05155688 0.02256777 0.02642398 0.05451297 0.24411614 0.06134126 0.01790941 0.0458454  0.45523202]
 [0.01133551 0.03565383 0.00830636 0.01554278 0.04908672 0.61539286 0.04195091 0.0145148  0.01724888 0.19096732]
 [0.01046479 0.01669583 0.00540652 0.013325   0.02344858 0.66855276 0.03194729 0.00922424 0.0082148  0.21272025]
 [0.01150587 0.03661552 0.00700603 0.01403865 0.02460704 0.6570505  0.02455315 0.00768955 0.02375556 0.19317822]
 [0.02429096 0.03735783 0.01991848 0.02855476 0.08002093 0.5455665  0.0628112  0.01900226 0.0237318  0.15874517]
 [0.0132927  0.04175239 0.00938858 0.01526844 0.02970641 0.5451415  0.03094429 0.01102372 0.02611199 0.27737   ]
 [0.00643999 0.01317295 0.00382094 0.0082526  0.01779114 0.29162848 0.01012515 0.00622988 0.00768573 0.6348531 ]
 [0.01799772 0.03320626 0.00983723 0.02579764 0.03449675 0.6394036  0.04074714 0.01384301 0.02535279 0.15931788]
 [0.00629257 0.00567287 0.00447221 0.01187972 0.00631733 0.11972397 0.00450067 0.00469104 0.00425834 0.8321913 ]
 [0.01695051 0.02761141 0.01357505 0.03218956 0.02814675 0.17268342 0.02905055 0.02036091 0.02221252 0.6372193 ]
 [0.01801842 0.05675221 0.01102069 0.02687913 0.03536938 0.49766615 0.0350563  0.01316224 0.03059872 0.27547678]
 [0.02862892 0.03600238 0.030341   0.05788298 0.09788485 0.2834522  0.06685892 0.03150068 0.02537835 0.3420697 ]]
cosine similarity of topic:
[[ 1.00000024e+00  8.99380830e-05 -2.96033686e-04  1.25983264e-04  1.28271058e-05  2.20008893e-04  3.09150200e-04 -3.26727517e-04  1.66995451e-05  2.65659764e-05]
 [ 8.99380830e-05  1.00000012e+00 -8.35359097e-05 -5.50206751e-05 -1.02851074e-04  3.37500358e-04 -1.81102660e-05 -1.48883555e-05  1.80379953e-04 -6.29746355e-05]
 [-2.96033686e-04 -8.35359097e-05  1.00000012e+00 -8.17988766e-05 -2.36889347e-04  7.49838073e-05 -6.91856258e-05 -7.62660056e-06  3.30228359e-05  5.82756475e-05]
 [ 1.25983264e-04 -5.50206751e-05 -8.17988766e-05  1.00000024e+00 -1.98166817e-04  4.88189980e-05  1.23878941e-04  3.62789724e-05  5.99040650e-05 -5.11668622e-05]
 [ 1.28271058e-05 -1.02851074e-04 -2.36889347e-04 -1.98166817e-04  9.99999881e-01  1.01533718e-04 -1.41942874e-04  7.96138775e-05 -1.73552893e-04  1.23739941e-04]
 [ 2.20008893e-04  3.37500358e-04  7.49838073e-05  4.88189980e-05  1.01533718e-04  1.00000000e+00  1.85321085e-04 -1.71068590e-04  1.54437963e-04  6.89225271e-05]
 [ 3.09150200e-04 -1.81102660e-05 -6.91856258e-05  1.23878941e-04 -1.41942874e-04  1.85321085e-04  1.00000000e+00  1.69235747e-04  6.82957470e-05  2.37711356e-05]
 [-3.26727517e-04 -1.48883555e-05 -7.62660056e-06  3.62789724e-05  7.96138775e-05 -1.71068590e-04  1.69235747e-04  9.99999881e-01 -1.79502647e-04  6.69299625e-05]
 [ 1.66995451e-05  1.80379953e-04  3.30228359e-05  5.99040650e-05 -1.73552893e-04  1.54437963e-04  6.82957470e-05 -1.79502647e-04  1.00000048e+00  2.28872523e-05]
 [ 2.65659764e-05 -6.29746355e-05  5.82756475e-05 -5.11668622e-05  1.23739941e-04  6.89225271e-05  2.37711356e-05  6.69299625e-05  2.28872523e-05  1.00000012e+00]]
