hidden representaion(r*topic):
[[ 4.61100526e-02 -1.04266569e-01 -1.43881410e-01 -1.07606493e-01 -9.94188264e-02 -2.07396448e-01  2.90006995e-02  1.00298569e-01  9.96085778e-02  3.10565010e-02  1.19109541e-01  7.36568347e-02  7.09472150e-02  7.90752694e-02 -1.80213545e-02 -3.35616246e-02]
 [ 6.30113780e-02 -2.02170596e-01 -1.94079429e-01 -1.17076777e-01 -1.76634416e-01 -3.50373209e-01  1.00691378e-01  5.15278056e-02  2.22304657e-01  7.99175948e-02  2.80567199e-01  9.00818408e-02  7.30587244e-02  1.39869437e-01 -6.43681511e-02  7.69555895e-03]
 [-1.22892782e-02 -6.43142909e-02 -2.31448323e-01 -5.69160953e-02 -9.75898951e-02 -1.76023722e-01  1.80610046e-02  1.41457766e-02  1.38933510e-01 -4.84048501e-02  1.93130851e-01  7.54460171e-02  1.56573325e-01  9.66325253e-02 -4.52404842e-03 -5.77746332e-02]
 [ 3.93373668e-02 -1.50327325e-01 -2.66057312e-01 -3.11105046e-02 -1.65812582e-01 -3.78681958e-01  1.33753642e-01 -6.68014959e-02  3.02802056e-01  3.22565436e-03  3.79204601e-01  1.03724219e-01  1.71067089e-01  1.76228613e-01 -5.05253747e-02 -3.40911485e-02]
 [ 7.18478486e-02 -2.41760999e-01 -1.03890181e-01 -2.28288889e-01 -1.72734380e-01 -2.57039607e-01  2.49205641e-02  2.13119879e-01  8.17230865e-02  1.54356673e-01  1.15418911e-01  6.73051849e-02 -4.19583656e-02  7.71263540e-02 -7.08250999e-02  5.03758974e-02]
 [ 2.35416144e-02 -9.40823704e-02 -2.35944837e-01 -2.50550862e-02 -1.27400383e-01 -2.78217375e-01  8.36204290e-02 -2.82680355e-02  2.15711862e-01 -1.87640134e-02  2.66325086e-01  8.84486735e-02  1.48077965e-01  1.40514091e-01 -1.67873837e-02 -4.98083234e-02]
 [-1.47869997e-02 -6.01252839e-02 -2.29777843e-01 -5.81198111e-02 -9.42903161e-02 -1.66216820e-01  1.24751404e-02  1.80389285e-02  1.31007165e-01 -5.09131104e-02  1.84117973e-01  7.40780085e-02  1.55864269e-01  9.27999988e-02 -2.27798522e-03 -5.89300059e-02]
 [ 4.50150147e-02 -1.50811464e-01 -2.04150707e-01 -8.49386379e-02 -1.48413628e-01 -3.03956717e-01  8.36641788e-02  2.92824283e-02  2.04087108e-01  3.66641171e-02  2.55822659e-01  8.69983733e-02  1.02179743e-01  1.30829945e-01 -4.20667119e-02 -1.82196740e-02]
 [ 2.88674328e-02 -8.89766365e-02 -1.98220134e-01 -5.78817092e-02 -1.11305363e-01 -2.35483602e-01  5.51749431e-02  2.65673175e-02  1.59460038e-01 -5.14373370e-03  1.96477532e-01  8.00228491e-02  1.18277468e-01  1.09781124e-01 -1.23088844e-02 -4.54222672e-02]
 [ 6.05431162e-02 -1.78184897e-01 -2.10649848e-01 -8.04150626e-02 -1.68223888e-01 -3.61913592e-01  1.15584970e-01  1.03911683e-02  2.47773379e-01  5.42588457e-02  3.05031151e-01  9.52198505e-02  1.02923065e-01  1.54402703e-01 -5.59363514e-02 -1.07966606e-02]
 [ 5.18134460e-02 -2.26132482e-01 -5.89775369e-02 -2.85539836e-01 -1.47898555e-01 -1.38255358e-01 -5.16830795e-02  3.10380638e-01 -3.80767323e-02  1.64562166e-01 -2.02008188e-02  4.50862125e-02 -9.54267234e-02  1.95030477e-02 -5.56988344e-02  6.21872768e-02]
 [ 3.73162776e-02 -1.06813535e-01 -1.80741519e-01 -8.23305249e-02 -1.14791363e-01 -2.36856863e-01  5.00215963e-02  5.42385243e-02  1.46508068e-01  1.64453499e-02  1.80130899e-01  7.86036551e-02  9.80590284e-02  1.01993442e-01 -2.09717881e-02 -3.48935537e-02]
 [ 5.04465885e-02 -2.32617691e-01 -4.99318801e-02 -3.00877869e-01 -1.48963273e-01 -1.23386718e-01 -6.36305735e-02  3.31099808e-01 -5.69252223e-02  1.73718661e-01 -4.05416340e-02  4.16535176e-02 -1.10613778e-01  1.11056399e-02 -5.65784611e-02  6.90590218e-02]
 [ 6.15996048e-02 -2.37470806e-01 -7.78651088e-02 -2.63840258e-01 -1.61713913e-01 -1.92478925e-01 -1.76037215e-02  2.70944357e-01  1.44734830e-02  1.64314196e-01  3.99077609e-02  5.44685982e-02 -7.61772469e-02  4.46105041e-02 -6.37759715e-02  6.02079406e-02]
 [ 3.35045531e-02 -9.26132500e-02 -1.93739086e-01 -5.74701279e-02 -1.11547776e-01 -2.42097795e-01  5.90006672e-02  2.72525251e-02  1.61715940e-01  2.30604783e-04  1.95661306e-01  8.04272145e-02  1.13062382e-01  1.11779496e-01 -1.34043489e-02 -4.45277542e-02]
 [ 4.49213684e-02 -6.92096427e-02 -1.35476589e-01 -8.75075608e-02 -7.39846230e-02 -1.80447206e-01  2.06773393e-02  9.00648609e-02  8.41475725e-02  5.49993757e-03  9.23832655e-02  7.27265626e-02  8.58293623e-02  7.03999400e-02 -1.36418082e-03 -5.42347394e-02]]
R_hid(hidden representaion to predict r):
[[0.37429738 0.10904584 0.         0.10821931 0.         0.5097619  0.         0.22525021 0.23885399 0.         0.         0.10621457 0.         0.11434402 0.01898415 0.        ]
 [1.1732192  0.         0.1112638  0.20241801 0.24149382 0.91007984 0.14297675 0.2239885  0.05876698 0.         0.         0.         0.         0.35525686 0.07879729 0.31916943]
 [0.         0.8218591  0.         0.51828605 0.         0.         1.1146319  1.5611336  0.         0.         0.         0.         0.44784898 1.4113972  0.         0.        ]
 [0.         1.0371598  0.         1.109693   0.28126466 0.         0.95032835 1.3601736  0.         0.         0.         0.         0.46071258 2.0533528  0.         2.136949  ]
 [0.8309282  0.08195023 0.31313556 0.32312778 0.02425541 1.2140471  0.         0.         0.11575171 0.44133627 0.62206703 0.         0.         0.41196078 0.22392075 0.        ]
 [0.3396134  0.5928658  0.         0.54610944 0.51125973 0.11021656 0.516174   0.27385816 0.         0.         0.06219061 0.         0.19361497 0.74793535 0.         0.8195143 ]
 [0.         0.65958863 0.         1.0122465  0.28150487 0.         0.74148726 1.6408026  0.         0.         0.         0.         0.11563358 1.7635835  0.         2.3363302 ]
 [0.09475114 0.03830667 0.         0.5116242  0.         0.43866622 0.41797224 0.24993153 0.         0.         0.52152264 0.         0.         0.465247   0.38516158 0.16234523]
 [0.12937526 0.03121435 0.         0.31536323 0.         0.         0.18240684 0.5334843  0.         0.         0.         0.         0.04590434 0.         0.         0.41843462]
 [0.65156466 0.27110615 0.         0.51694    0.         0.71685636 0.         0.07841992 0.         0.         0.62828046 0.         0.         0.1829033  0.31738693 0.10848677]
 [0.         0.02136495 0.49479964 0.30268264 0.         0.8633251  0.3957427  0.11458194 0.         0.5021735  0.5185038  0.         0.         0.26233593 0.5451883  0.        ]
 [0.         0.         0.         0.22433482 0.         0.30565244 0.         0.28922588 0.         0.         0.09976536 0.         0.         0.28276107 0.17471941 0.16929734]
 [0.7067522  0.         0.74492764 0.         0.         0.4250646  0.35802734 0.43020406 0.         0.73208624 0.41645905 0.         0.         0.0778511  0.6707955  0.        ]
 [0.5248581  0.         0.         0.27352536 0.         0.9090114  0.         0.20813987 0.         0.07967543 0.         0.         0.         0.18680084 0.7017062  0.        ]
 [0.1229876  0.18003176 0.         0.39938113 0.01164576 0.13871168 0.35082367 0.29186153 0.         0.         0.         0.         0.         0.5021593  0.         0.4035471 ]
 [0.14203604 0.02138411 0.         0.10215515 0.08300679 0.5193603  0.10306099 0.         0.159722   0.         0.36055037 0.         0.         0.09006941 0.         0.        ]]
topics:
[[-0.07296667  0.22634672 -0.22449572  0.33397803 -0.03397772  0.04854703 -0.00764216 -0.11803968 -0.01795289 -0.14989349 -0.12455218  0.04099523  0.00739618  0.20730306  0.2151688  -0.15640667]
 [ 0.20389546  0.3032235  -0.16506545  0.06401599  0.11347751 -0.37199017  0.19995944  0.15936296  0.08787802  0.06125762  0.05942527  0.10055647  0.22376677 -0.2922719  -0.06348056 -0.1317469 ]
 [-0.06005623 -0.07480057  0.04358643 -0.0505097  -0.04455137 -0.11716741 -0.21221416  0.17503275 -0.1655253  -0.10031751 -0.18803863  0.31323975  0.3698336   0.5476589  -0.11124065 -0.37404096]
 [ 0.03200947 -0.06249851 -0.13740559 -0.11556847  0.08464485 -0.19372177  0.0818902   0.09814771 -0.03629889 -0.14892201  0.11770481 -0.00877343  0.03709186 -0.16613531  0.19645602 -0.06297594]
 [-0.10863456  0.09613752 -0.1669503  -0.1049777   0.02967896  0.2020229  -0.19776416  0.16504051 -0.16670853 -0.14476806 -0.15391614  0.02271435  0.12958848 -0.05179816  0.08129514 -0.10198866]
 [ 0.07558325 -0.30353218  0.00303684 -0.3814939  -0.17844999 -0.13190734 -0.07704446  0.427228   -0.10052725  0.25551733 -0.09117407  0.03380654 -0.19849694 -0.00603844 -0.08119743  0.11692285]
 [ 0.00993533  0.31914678 -0.22281499 -0.11087439 -0.12183214 -0.08976306  0.13267481  0.19637477  0.08559493 -0.20486549  0.1439084  -0.01990718  0.2844667  -0.03415289  0.12489787 -0.03676816]
 [ 0.11157651  0.00345701  0.10422435 -0.1788507   0.26408204  0.01851448 -0.00361633  0.07289688  0.15788554  0.04669854 -0.22647084 -0.11931755 -0.02880596 -0.01617603 -0.02863335 -0.07405067]
 [ 0.33153778 -0.07287382  0.16669115 -0.0158382   0.07422826  0.07688406 -0.18023936 -0.06940795 -0.01718876 -0.04496159 -0.09860799  0.21022658  0.07633211 -0.19835663  0.08945249 -0.17378862]
 [ 0.08872713 -0.23308252 -0.29918703 -0.00730872 -0.23108618 -0.5726885   0.24427661 -0.1438716   0.45966503  0.05268877  0.5576605   0.13081217  0.18532756  0.25199938 -0.09494333 -0.01128538]]
R:
[[5.29786497e-02 3.84069718e-02 4.14925665e-02 4.17088382e-02 1.63827226e-01 2.36321568e-01 3.44479792e-02 3.82158235e-02 3.02516092e-02 3.22348803e-01]
 [1.03958109e-02 5.69972722e-03 5.74608007e-03 9.46919154e-03 1.04293518e-01 2.68872499e-01 5.38623380e-03 6.16927585e-03 4.53745900e-03 5.79430223e-01]
 [1.12071563e-03 2.01068669e-05 9.29209546e-06 1.88796294e-05 5.10892332e-01 2.06542914e-04 8.65226539e-05 2.39521651e-05 1.85413428e-05 4.87603098e-01]
 [1.73449318e-03 1.46749971e-05 9.48921297e-06 1.91494055e-05 2.48815358e-01 2.13553823e-04 6.66546694e-05 2.18674741e-05 2.33613791e-05 7.49081433e-01]
 [8.85288883e-03 8.59478861e-03 1.19111082e-02 1.05801420e-02 3.96765582e-02 5.79467356e-01 6.31965604e-03 8.96573905e-03 6.89730700e-03 3.18734497e-01]
 [6.41100854e-02 8.36651679e-03 6.84858998e-03 9.86600015e-03 2.81011879e-01 2.20435299e-02 1.34587437e-02 9.83444136e-03 9.81060602e-03 5.74649513e-01]
 [1.19191967e-03 1.99834012e-05 1.10014371e-05 2.01132989e-05 5.23486555e-01 1.97513509e-04 1.03204882e-04 2.01515650e-05 2.27651581e-05 4.74926829e-01]
 [2.70849187e-02 9.81089659e-03 9.35374293e-03 1.21263880e-02 1.90758258e-01 1.71064183e-01 1.10786194e-02 1.16227679e-02 8.73543788e-03 5.48364758e-01]
 [6.07542172e-02 1.93251539e-02 1.90122593e-02 2.32762769e-02 2.51983613e-01 1.01960316e-01 2.72787120e-02 2.09507179e-02 1.90676060e-02 4.56391096e-01]
 [2.85650250e-02 9.36611742e-03 1.29325651e-02 1.45346792e-02 1.06188737e-01 1.81024194e-01 1.04531087e-02 1.24221435e-02 8.16006865e-03 6.16353333e-01]
 [5.15554333e-03 5.61703555e-03 5.71213057e-03 6.08409289e-03 1.35871783e-01 7.07220495e-01 4.95022582e-03 6.07504789e-03 3.42119276e-03 1.19892523e-01]
 [4.87702563e-02 2.38585323e-02 2.26384159e-02 2.31150519e-02 2.17675462e-01 1.64280757e-01 2.57408731e-02 2.51561962e-02 2.05096081e-02 4.28254843e-01]
 [3.00634000e-03 2.86289724e-03 2.55993777e-03 2.83320225e-03 1.43128917e-01 7.47312009e-01 1.90546713e-03 3.22093489e-03 2.32568197e-03 9.08446386e-02]
 [6.83586625e-03 5.85935451e-03 6.19825069e-03 6.89117284e-03 8.84614810e-02 6.63024902e-01 4.89635533e-03 5.77623397e-03 4.29743342e-03 2.07758993e-01]
 [6.86643422e-02 2.18295678e-02 2.18140129e-02 2.70886030e-02 2.22413883e-01 1.12891354e-01 2.62071248e-02 2.57808454e-02 2.06068233e-02 4.52703387e-01]
 [7.01559484e-02 4.60774265e-02 5.68937100e-02 6.00158311e-02 1.61989138e-01 1.81517795e-01 4.89882492e-02 5.40279634e-02 4.56397682e-02 2.74694145e-01]]
cosine similarity of topic:
[[ 9.9999976e-01 -2.8453906e-05  6.9403709e-06  7.6746255e-06 -1.4076551e-05  6.8638677e-05  6.7400306e-06  1.3345359e-04  3.3976585e-06  1.3672656e-05]
 [-2.8453906e-05  1.0000001e+00  3.2400749e-05 -4.0414416e-06 -3.7517577e-05 -1.8463988e-05  6.3797365e-06  5.6508201e-05 -2.7858407e-06  3.2735479e-05]
 [ 6.9403709e-06  3.2400749e-05  1.0000001e+00  7.7399040e-05 -1.9093295e-06  2.2104517e-05 -7.0152353e-05  5.3101207e-06 -1.2400553e-05  1.2597656e-05]
 [ 7.6746255e-06 -4.0414416e-06  7.7399040e-05  1.0000002e+00  1.7450209e-05 -2.7448763e-05  2.6176060e-05  7.0219576e-05  3.2960459e-05  3.0559081e-06]
 [-1.4076551e-05 -3.7517577e-05 -1.9093295e-06  1.7450209e-05  1.0000001e+00  2.6823725e-05  1.0284959e-05  1.9466317e-05  2.0811452e-05  1.4254909e-05]
 [ 6.8638677e-05 -1.8463988e-05  2.2104517e-05 -2.7448763e-05  2.6823725e-05  9.9999988e-01  1.7106124e-05 -1.8272056e-05 -6.7659472e-05 -2.6486741e-05]
 [ 6.7400306e-06  6.3797365e-06 -7.0152353e-05  2.6176060e-05  1.0284959e-05  1.7106124e-05  1.0000001e+00 -1.8291998e-05  5.7680558e-05  5.7001580e-05]
 [ 1.3345359e-04  5.6508201e-05  5.3101207e-06  7.0219576e-05  1.9466317e-05 -1.8272056e-05 -1.8291998e-05  9.9999982e-01  3.4407320e-05  3.8442566e-05]
 [ 3.3976585e-06 -2.7858407e-06 -1.2400553e-05  3.2960459e-05  2.0811452e-05 -6.7659472e-05  5.7680558e-05  3.4407320e-05  1.0000001e+00 -5.2217588e-06]
 [ 1.3672656e-05  3.2735479e-05  1.2597656e-05  3.0559081e-06  1.4254909e-05 -2.6486741e-05  5.7001580e-05  3.8442566e-05 -5.2217588e-06  1.0000002e+00]]
