hidden representaion(r*topic):
[[-1.71965048e-01  1.17475977e-02  6.58575445e-03 -1.76364526e-01 -1.79214068e-02  2.87128910e-02 -1.58336341e-01  2.60922253e-01 -1.22815847e-01  3.37996148e-02  4.05859165e-02  1.58753376e-02  4.01659645e-02  1.29245460e-01  6.66054860e-02]
 [-1.74233332e-01  7.47750700e-03  9.43736825e-03 -1.84582710e-01 -3.23508941e-02  3.20951305e-02 -1.61153421e-01  2.91398168e-01 -1.35438055e-01  1.47135556e-02  4.97839786e-02  1.52502339e-02  4.30750959e-02  1.27383426e-01  7.19144195e-02]
 [-1.54950023e-01  3.48616485e-03 -5.21771424e-03 -2.08202004e-01 -3.50340679e-02  2.78722271e-02 -1.28277749e-01  2.62832433e-01 -1.12898201e-01  2.89951488e-02  4.38576378e-02  3.35010476e-02  3.23546939e-02  8.61293972e-02  6.65259361e-02]
 [-1.58318758e-01  1.48869883e-02 -2.14150250e-02 -1.43000633e-01  2.55864263e-02  2.46769469e-02 -1.14034936e-01  1.65893570e-01 -5.85860796e-02  4.81012613e-02 -1.40800560e-02  1.21276341e-02 -3.10889212e-04  1.27746165e-01  3.29602845e-02]
 [-1.74360275e-01  4.02446128e-02 -9.69698839e-03 -1.48280233e-01  4.36541587e-02  1.62303355e-02 -1.36896461e-01  1.57466367e-01 -9.52639431e-02  7.52994046e-02 -2.64650080e-02  9.26169008e-03  3.35107632e-02  1.72281444e-01  3.85648720e-02]
 [-2.23872602e-01  3.33526805e-02  3.57869454e-03 -1.49157301e-01  4.82257865e-02  1.59201659e-02 -1.96608394e-01  1.67759806e-01 -1.10978305e-01  8.96321610e-02  2.42782775e-02  2.29066275e-02  4.85212803e-02  2.06803262e-01  8.35400447e-02]
 [-1.00113526e-01  8.08766708e-02 -2.09715255e-02 -1.44587293e-01  7.31614903e-02  5.20891370e-03 -7.42189363e-02  7.48955384e-02 -4.42550331e-02  1.56916767e-01 -1.06629074e-01 -1.67875960e-02  1.36845903e-02  1.29091442e-01 -3.20109650e-02]
 [-2.49511033e-01  6.08942397e-02 -1.79788433e-02 -1.42489150e-01  1.26999572e-01 -4.18963004e-03 -1.91033840e-01  1.81042850e-02 -6.79674298e-02  1.77379191e-01 -1.75985638e-02  4.56763431e-02  4.47255224e-02  2.46440545e-01  8.43634456e-02]
 [-2.19250187e-01  5.81276231e-02 -1.42462356e-02 -1.40405998e-01  1.00629628e-01  9.26855952e-04 -1.72893420e-01  5.96335009e-02 -7.35237673e-02  1.50880203e-01 -2.50233635e-02  3.07704564e-02  4.03797776e-02  2.20051929e-01  6.38478026e-02]
 [-6.93077967e-02  7.03834370e-02 -6.60848394e-02 -1.67631134e-01  6.61167800e-02  1.30988602e-02  4.02943715e-02  7.55108520e-02 -4.18036692e-02  4.96989824e-02 -1.92454159e-01 -1.39176752e-02 -1.43087786e-02  1.09659694e-01 -7.76368007e-02]
 [ 1.49429627e-02  1.35826692e-01 -4.60599475e-02 -1.61472157e-01  9.18823183e-02  1.29419984e-02  6.97160885e-02  3.85518596e-02 -2.14673486e-02  1.69104517e-01 -2.66649127e-01 -7.77341723e-02 -1.25591969e-02  8.15209225e-02 -1.60875306e-01]
 [-3.01836506e-02  3.15983966e-02 -6.37636483e-02 -1.07163884e-01  5.52237853e-02  3.23019102e-02  1.66717730e-02  3.00177615e-02  1.06494784e-01  1.34559199e-01 -1.35624722e-01 -4.87183221e-02 -1.14416614e-01  1.60384458e-04 -1.12527661e-01]
 [-2.66460795e-02  1.08517878e-01 -4.31656577e-02 -1.64589792e-01  7.26456940e-02  1.44902756e-02  3.47686335e-02  7.68388063e-02 -4.22117971e-02  1.24650404e-01 -2.15497106e-01 -5.38785867e-02 -4.28577745e-03  9.74073932e-02 -1.15757249e-01]
 [-1.03028612e-02  9.69400555e-02 -6.41793534e-02 -1.50044143e-01  8.32288414e-02  1.80050395e-02  7.11670816e-02  3.21177356e-02  9.90103651e-03  1.22371107e-01 -2.39628941e-01 -5.72597459e-02 -4.40753810e-02  6.89787641e-02 -1.41923219e-01]
 [ 1.12676611e-02  1.12078555e-01 -4.27685976e-02 -1.62861928e-01  7.23174140e-02  1.63207054e-02  4.92707230e-02  4.96835038e-02  2.51092832e-03  1.77533016e-01 -2.14384556e-01 -6.24398179e-02 -2.66586058e-02  4.38344404e-02 -1.38031095e-01]]
R_hid(hidden representaion to predict r):
[[0.         1.1211214  0.         0.         1.0437056  0.11538479 0.2095465  0.7032648  0.         1.1634057  0.8952923  0.         0.04525289 0.         0.47880882]
 [0.         1.5315803  0.         1.3101743  0.         0.         1.344059   0.         0.         0.8747909  0.         0.         0.8638221  1.2487583  0.        ]
 [0.         0.         0.41233915 1.5744513  0.332056   0.         0.35353035 0.         0.         1.0195771  0.9177051  0.30006453 0.         1.1404755  0.        ]
 [0.         0.76756465 0.         1.1979405  0.         0.31151512 0.3972227  1.6479802  0.         1.3980651  0.         0.         0.2276209  0.         0.26022327]
 [0.         0.63908875 0.         0.         1.1206115  0.         0.         0.7427653  0.29703775 1.286662   1.0948553  0.         0.         0.         0.5256195 ]
 [0.         0.01180438 0.         0.2142325  0.53102815 0.48377082 0.         0.         0.         0.744049   1.8475101  0.         0.         0.23393868 0.80119395]
 [0.         0.3429209  0.         0.         1.6421502  0.70194656 1.287673   0.10155898 0.592214   0.16073577 0.94993407 0.261125   0.28561464 0.         0.6909022 ]
 [0.         0.58469594 0.         0.12260026 0.6960949  1.4702575  0.7074595  0.         0.         0.2364768  0.         0.92948604 0.01319295 0.         1.1475407 ]
 [0.         1.0400183  0.         0.         1.0469372  1.4221033  1.7264498  0.         0.         0.16911572 0.74398625 0.44010705 0.         0.         0.82413995]
 [0.         0.         0.9645473  0.         0.         0.         0.         0.9943627  0.7480855  0.         0.13102227 1.256255   0.8335523  0.         0.35151216]
 [1.9459121  0.         0.675764   0.18273355 0.         0.         0.         0.53943396 2.556081   0.         0.         0.         0.         0.         0.2739142 ]
 [2.0306368  0.6637058  0.         1.0052853  0.         0.23384257 0.         0.35698992 0.18292302 0.         0.         0.         0.903871   0.         0.26377368]
 [0.         0.         0.8403174  0.         0.         0.81454474 0.4337446  0.         0.90966713 0.         0.         0.99659455 1.1053575  0.         0.        ]
 [1.5083766  0.         0.8773078  0.7342308  0.         0.         0.         1.1559862  1.1185347  0.         0.         0.4917459  0.49859053 0.         0.        ]
 [0.54738563 0.         2.3642104  0.         0.         0.         0.         0.2925173  0.         0.         0.         1.8127675  1.4165783  2.9605172  0.        ]]
topics:
[[ 3.92430276e-02  9.90960747e-02 -1.15193471e-01  2.64639650e-02 -3.19474488e-01 -6.27637386e-01 -2.55198658e-01 -5.57896122e-03 -1.79790221e-02 -4.56088893e-02 -2.80796379e-01  1.91155523e-01  9.79828462e-02  1.83397502e-01  3.87533801e-03]
 [-1.89597294e-01 -2.39674762e-01 -1.84012741e-01 -8.17239936e-03  2.37244344e-03  8.27844217e-02  2.21083723e-02 -2.93749813e-02  3.66916001e-01 -1.48670807e-01  5.51791228e-02  6.41263127e-02 -3.64310682e-01 -1.13075159e-01 -7.92681426e-03]
 [ 9.93856639e-02  8.80254135e-02  2.19785664e-02  2.01218594e-02  1.92780212e-01  1.26286820e-01  1.13216378e-01  1.98641568e-01  7.89073110e-03 -1.55932046e-02 -2.42503155e-02  2.16798447e-02  1.48696983e-02  5.64218834e-02  1.12495117e-01]
 [ 3.27422284e-02 -1.48209974e-01  1.66022107e-02  4.53925282e-02  2.82920524e-02  5.88289388e-02 -1.00926822e-02  1.99996028e-02 -6.52734414e-02  5.38451672e-02  4.25908938e-02  8.80780630e-03  6.68061078e-02 -8.58689025e-02 -6.02527186e-02]
 [-1.41042218e-01  6.67987168e-02 -2.11005732e-02  5.81724308e-02 -8.89469758e-02 -2.79808845e-02 -2.46362120e-01  8.54640752e-02  7.27376267e-02  7.54206851e-02  3.21700945e-02  1.28204554e-01 -4.36412506e-02 -1.17634479e-02 -5.65836355e-02]
 [-1.99722663e-01  1.13749197e-02  2.36133188e-02 -1.60892993e-01 -2.64339577e-02  3.52870785e-02 -1.97024226e-01  3.16261441e-01 -1.61328569e-01 -6.60314865e-04  5.64304776e-02  1.42012068e-04  5.68446070e-02  1.75678611e-01  8.14452320e-02]
 [-4.98520210e-02  1.09725602e-01 -1.21427484e-01 -1.97851419e-01  1.17125928e-01  6.52862992e-03  1.85317025e-01  1.20052965e-02 -8.48333165e-02 -4.40286249e-02 -3.70359033e-01 -1.59167610e-02 -2.83338712e-03  1.72949985e-01 -1.47038952e-01]
 [-3.40188891e-01  9.91138294e-02 -3.23482528e-02 -1.22941427e-01  2.48121858e-01 -3.07943467e-02 -2.49652356e-01 -1.79573298e-01 -2.58597005e-02  3.13520432e-01 -3.77012752e-02  7.71420076e-02  5.25450744e-02  3.55389029e-01  1.20996155e-01]
 [ 1.24423064e-01  1.83487564e-01  7.95632079e-02 -1.03097007e-01  5.17877676e-02  2.30644885e-02 -1.19331762e-01  8.28839615e-02  7.84671381e-02  5.23647606e-01 -1.00709118e-01 -1.81918800e-01 -2.47761775e-02 -6.65699318e-02 -1.86379582e-01]
 [-8.55827145e-03 -3.37145217e-02 -9.71237049e-02 -3.81273299e-01 -9.38060880e-02  9.18332674e-03  9.91381481e-02  1.46056488e-01  2.27326732e-02  8.29554051e-02  1.95060447e-02  1.45663396e-01 -4.32851315e-02 -2.17551038e-01  2.80301981e-02]]
R:
[[1.89144432e-03 7.74027687e-03 3.33411596e-03 1.27212182e-02 2.35193665e-03 7.90979683e-01 6.77359290e-03 4.33631130e-02 2.40469370e-02 1.06797740e-01]
 [1.43860671e-04 3.25947069e-03 3.84137733e-04 7.76104629e-04 2.20001370e-04 8.67081881e-01 1.03309972e-03 2.28198059e-03 1.06660575e-02 1.14153422e-01]
 [2.43200353e-04 1.94567500e-03 3.53724521e-04 4.22913395e-03 1.05195551e-03 7.34862864e-01 1.81537424e-03 2.01741848e-02 8.42477381e-03 2.26899058e-01]
 [8.09624325e-03 9.57350358e-02 2.34219711e-02 1.58427507e-02 4.35498403e-03 5.37901163e-01 1.05019331e-01 1.07643113e-01 5.59522584e-02 4.60331514e-02]
 [6.97859051e-03 1.93969849e-02 9.99361929e-03 2.24284921e-02 7.37600820e-03 5.61484516e-01 1.26769558e-01 1.74307659e-01 5.05676679e-02 2.06969138e-02]
 [2.77775154e-03 8.68699700e-03 4.65692161e-03 1.09162424e-02 2.54516792e-03 6.66109204e-01 7.10731605e-03 2.66472429e-01 1.13512110e-02 1.93767175e-02]
 [1.41736204e-02 1.50586022e-02 1.41544836e-02 2.46514976e-02 9.13042482e-03 2.48727158e-01 2.46908009e-01 1.82986557e-01 2.07431510e-01 3.67781259e-02]
 [4.24691243e-03 4.67737252e-03 9.06121079e-03 1.55317411e-02 3.43266642e-03 3.32247943e-01 4.04521935e-02 5.37433267e-01 1.45879518e-02 3.83286141e-02]
 [7.08561111e-03 8.05013254e-03 1.05400812e-02 1.82244573e-02 1.06163146e-02 3.89853537e-01 7.28303418e-02 4.16203320e-01 4.13754098e-02 2.52208747e-02]
 [8.87770299e-03 5.81759699e-02 1.27555048e-02 7.69716222e-03 3.47002130e-03 1.80360287e-01 5.14643550e-01 3.80051285e-02 1.23753220e-01 5.22614345e-02]
 [1.91704574e-04 4.18075128e-03 9.45178690e-05 5.11966246e-05 2.79788637e-05 1.93459273e-04 6.18309438e-01 4.65250137e-04 3.75721365e-01 7.64411059e-04]
 [4.59876889e-03 2.90401757e-01 3.61486338e-03 1.18267001e-03 9.71246045e-04 1.25055211e-02 3.09797764e-01 6.86018448e-03 3.60026747e-01 1.00404806e-02]
 [2.70739268e-03 1.17338933e-02 2.55740387e-03 1.19415263e-03 1.85729947e-03 1.46398231e-01 5.28562844e-01 9.73268598e-03 2.77241021e-01 1.80149898e-02]
 [2.07288703e-03 9.65465531e-02 2.10582744e-03 7.58705428e-04 5.80228108e-04 4.68634255e-03 5.77092767e-01 2.10601417e-03 3.07395369e-01 6.65527023e-03]
 [9.61718790e-04 3.86792682e-02 8.13902449e-03 3.09510389e-03 3.85890133e-03 9.15155560e-03 4.86164510e-01 5.74679160e-03 3.76128674e-01 6.80745319e-02]]
cosine similarity of topic:
[[ 9.99999702e-01 -9.41453109e-05 -2.81915163e-05  9.28896116e-05 -7.92846768e-05 -4.50491170e-05  3.21481020e-05  3.51851413e-05 -1.14058152e-04  4.59242838e-05]
 [-9.41453109e-05  1.00000024e+00 -6.96348725e-05  1.11985973e-04 -5.42770395e-05 -3.14353565e-05  1.12310204e-06 -2.25542535e-05 -5.75718732e-05 -1.13233291e-04]
 [-2.81915163e-05 -6.96348725e-05  1.00000012e+00  8.91037489e-05 -8.28494885e-05  4.26107690e-05 -5.21997426e-05  5.60371227e-05  1.23998580e-05  8.21778958e-05]
 [ 9.28896116e-05  1.11985973e-04  8.91037489e-05  1.00000000e+00 -3.15391771e-05  1.60531533e-06 -4.97622059e-05  1.90541759e-04  8.03921139e-05 -5.08771973e-06]
 [-7.92846768e-05 -5.42770395e-05 -8.28494885e-05 -3.15391771e-05  1.00000048e+00  7.29497187e-05 -1.53668316e-05  1.19237004e-04  5.49637734e-05 -3.17013546e-05]
 [-4.50491170e-05 -3.14353565e-05  4.26107690e-05  1.60531533e-06  7.29497187e-05  9.99999821e-01 -3.47774985e-05 -1.27496169e-04 -6.39439677e-05  1.00264078e-04]
 [ 3.21481020e-05  1.12310204e-06 -5.21997426e-05 -4.97622059e-05 -1.53668316e-05 -3.47774985e-05  1.00000024e+00  5.48691751e-05  6.39434511e-05 -3.88218032e-05]
 [ 3.51851413e-05 -2.25542535e-05  5.60371227e-05  1.90541759e-04  1.19237004e-04 -1.27496169e-04  5.48691751e-05  1.00000012e+00 -7.68177051e-06 -9.82775528e-05]
 [-1.14058152e-04 -5.75718732e-05  1.23998580e-05  8.03921139e-05  5.49637734e-05 -6.39439677e-05  6.39434511e-05 -7.68177051e-06  1.00000048e+00 -1.54116147e-04]
 [ 4.59242838e-05 -1.13233291e-04  8.21778958e-05 -5.08771973e-06 -3.17013546e-05  1.00264078e-04 -3.88218032e-05 -9.82775528e-05 -1.54116147e-04  1.00000000e+00]]
