hidden representaion(r*topic):
[[-0.0152818   0.02222187 -0.02095359 -0.13907868 -0.02233239 -0.00548934  0.01591823 -0.08178519 -0.04470209 -0.08608068 -0.07357522 -0.03106358  0.00125181 -0.02057438  0.00876794]
 [-0.0156351   0.02240204 -0.02130684 -0.13761897 -0.02145393 -0.00649397  0.01535127 -0.0804221  -0.04371963 -0.08395749 -0.07299158 -0.03017869  0.00130676 -0.01981952  0.00873604]
 [-0.01309351  0.02571069 -0.01801478 -0.14228521 -0.02228865 -0.00551276  0.01525242 -0.08376161 -0.05104471 -0.0883526  -0.07441781 -0.03362748  0.00598487 -0.01995882  0.00961002]
 [-0.02120909  0.01830349 -0.02162902 -0.11333079 -0.00762364 -0.01209245 -0.00142725 -0.04484532 -0.02498387 -0.05167471 -0.04809485 -0.01725466 -0.00025209 -0.00936211  0.00682946]
 [-0.01990244  0.01528473 -0.02266417 -0.11131843 -0.00949281 -0.00982311  0.00176418 -0.04598079 -0.02192972 -0.05140435 -0.04926747 -0.01836536 -0.00355491 -0.00964486  0.00424434]
 [-0.02106429  0.01481093 -0.02499284 -0.09134687 -0.00182421 -0.01578292 -0.00538171 -0.03335618 -0.01011245 -0.03597201 -0.04454701 -0.00894182 -0.00633477 -0.00544186 -0.00113642]
 [-0.02133983  0.01572455 -0.02098716 -0.09702281  0.00189708 -0.00869848 -0.00526132 -0.02500659 -0.01217776 -0.02855872 -0.03453144 -0.01421164 -0.00340935 -0.00177384  0.00146411]
 [-0.02248323  0.01141096 -0.02427984 -0.08969016 -0.00055026 -0.0122514  -0.00663149 -0.02620357 -0.0060784  -0.02943239 -0.03743365 -0.00999887 -0.00804238 -0.00380719 -0.00139883]
 [-0.02007472  0.01674978 -0.02211903 -0.09853473 -0.00092292 -0.00965465 -0.00266008 -0.03304111 -0.01267732 -0.03390415 -0.0419042  -0.01644159 -0.00521102 -0.0055583  -0.00073721]
 [-0.02952956  0.01264707 -0.01410981 -0.07837935  0.01641478 -0.01504317 -0.03115938  0.0136657  -0.00938913  0.00303438  0.0010729  -0.00077375  0.00926277  0.01643655  0.00645577]
 [-0.03717291  0.05010151  0.02380267 -0.10113879  0.06235863  0.0052447  -0.07318208  0.07835089 -0.03160663  0.06571534  0.06834406 -0.03199458  0.04909397  0.03271094  0.01949202]
 [-0.02092944  0.03559886 -0.00226234 -0.07983646  0.03864105 -0.0047316  -0.03122945  0.03373416 -0.00933599  0.03773985  0.01225656 -0.0204483   0.01812637  0.02242502  0.00086367]
 [-0.04462397  0.03000127  0.01888367 -0.10260502  0.04543514  0.00438669 -0.07306746  0.06272714 -0.04040073  0.03601114  0.06476875 -0.01734976  0.04779045  0.03250068  0.02735326]
 [-0.03743229  0.04795038  0.02349664 -0.10543441  0.05692077  0.00449877 -0.07221267  0.07038531 -0.03776699  0.05255005  0.06311599 -0.03001046  0.05051026  0.03005342  0.02296756]
 [-0.04258111  0.04071587  0.02485999 -0.10391356  0.05811026  0.00712511 -0.07743286  0.07987551 -0.04117403  0.05419452  0.07722928 -0.02188962  0.05460374  0.03848579  0.02869619]]
R_hid(hidden representaion to predict r):
[[0.13839671 0.02302864 0.         0.         0.         0.         0.         0.         0.97332877 0.         0.         0.         0.772602   0.10805313 0.40976852]
 [0.         0.         0.         0.         0.         0.         0.         0.         1.1952357  0.         0.         0.         0.         0.         0.49347088]
 [0.         0.68120104 0.         0.         0.         0.         0.         0.         1.3201421  0.         0.         0.         0.07599773 0.21505632 0.8563184 ]
 [0.         0.         0.         0.         0.15341434 0.         0.06717993 0.25128508 1.3708736  0.         0.7726648  0.21305808 0.86544657 0.         0.        ]
 [0.         0.         0.         0.         0.3139316  0.         0.09033098 0.         1.1269062  0.         0.         0.         0.5580128  0.         0.        ]
 [0.         0.         0.         0.         0.5770334  0.         0.         0.         1.0422045  0.         0.         0.         0.6780327  0.         0.        ]
 [0.         0.         0.         0.         0.05798553 0.         0.         0.         0.19547038 0.         0.         0.         0.50281733 0.         0.        ]
 [0.         0.         0.         0.10472565 0.23071319 0.         0.07300416 0.         0.5433709  0.         0.         0.         0.59716916 0.         0.        ]
 [0.         0.         0.         0.00761155 0.51614386 0.         0.00683129 0.         0.34478623 0.         0.         0.         0.57502514 0.         0.        ]
 [0.         0.         0.         0.1418852  0.         0.48390937 0.28256297 0.         1.157318   0.         0.         1.1736721  0.52141094 0.         0.        ]
 [0.         0.         0.         0.18570048 0.07847692 0.         0.9197579  0.30695006 1.1192166  0.2930538  1.0851065  1.1825126  1.1236836  0.         0.        ]
 [0.         0.         0.         0.         0.718237   0.         1.1077312  0.65850323 1.6664436  0.66204876 1.2073213  0.7776627  1.2098746  0.         0.        ]
 [0.         0.         0.         0.8671947  0.         0.75160706 0.         0.         1.1376511  0.         0.         1.2535769  0.6545016  0.         0.        ]
 [0.         0.         0.         0.         0.         0.         0.5904453  0.32562464 1.1241673  0.57889116 1.0240169  0.5554465  0.8829956  0.         0.        ]
 [1.2946495  1.1573602  0.         0.87485284 0.         0.         0.         0.5272192  0.6478662  0.8810196  0.         1.4403613  0.9166042  0.         0.        ]]
topics:
[[ 2.01424789e-02  6.79177195e-02 -6.80064335e-02  2.19536945e-02 -5.92930168e-02 -3.51663589e-01 -1.36133805e-01 -1.61573160e-02 -1.33021092e-02 -1.77836772e-02 -1.29538089e-01  1.10848591e-01  7.46218786e-02  1.07652908e-02  5.44957118e-03]
 [-1.04937337e-01 -1.60361171e-01 -1.32072568e-01 -2.24427711e-02 -4.52829599e-02  4.02996987e-02  4.17273454e-02  2.46855263e-02  2.38262802e-01 -5.73103898e-04  1.14616712e-04  4.70316112e-02 -2.19999164e-01 -6.18438683e-02 -3.51558737e-02]
 [ 5.53810038e-02  3.33484299e-02  1.74019672e-02 -1.06118927e-02  6.22485541e-02  6.62247613e-02  3.95536199e-02  1.23144127e-01 -8.79108615e-04 -2.49713543e-03 -3.15747373e-02  1.23930275e-02  1.47845019e-02  6.73304079e-03  6.50970340e-02]
 [ 1.97131764e-02 -8.59207585e-02  9.84170102e-03  2.76486408e-02 -3.93024758e-02  2.58696396e-02 -3.32381780e-04  7.60607934e-03 -4.02912982e-02  1.82507522e-02  2.07258742e-02  4.73276293e-03  3.21002528e-02  9.50241089e-02 -3.34109664e-02]
 [-9.33488160e-02  5.65410517e-02 -7.28166848e-03  2.67289355e-02  1.19872063e-01 -4.25844686e-03 -1.46563023e-01  5.15653789e-02  3.80414352e-02  1.99133288e-02  3.11461259e-02  7.19534755e-02 -1.11528216e-02 -1.89473312e-02 -3.55017558e-02]
 [-1.00611880e-01  4.44118530e-02  6.80210814e-02 -1.91569135e-01  6.88584447e-02  2.07519550e-02 -1.64695695e-01  1.24631971e-01 -1.17762417e-01  2.68410966e-02  1.73435703e-01 -2.64378525e-02  1.19332835e-01  3.86005417e-02  1.02724008e-01]
 [-1.09208962e-02  2.67321393e-02 -1.73885338e-02 -1.48346260e-01 -2.59082392e-02 -4.46882239e-03  1.89040378e-02 -9.10499468e-02 -5.60744926e-02 -9.59064364e-02 -7.94576481e-02 -3.69421318e-02  7.10034138e-03 -2.19621491e-02  1.02818375e-02]
 [-1.55042768e-01  9.16474685e-02 -3.61812301e-02 -6.61121532e-02  1.52062058e-01 -1.52129680e-02 -4.64637168e-02 -1.70328021e-02 -1.06288623e-02  1.38468564e-01 -1.16836186e-02  2.78859474e-02  3.69122364e-02  4.46517691e-02  5.25605902e-02]
 [ 1.14058986e-01  1.63623184e-01  3.20992917e-02  1.73564870e-02  1.30750641e-01  3.70083898e-02  4.89846170e-02  6.92643374e-02  7.34636337e-02  2.54313260e-01 -4.51114252e-02 -1.65092766e-01 -6.64270297e-03  3.62579599e-02 -1.58773199e-01]
 [-4.24660882e-03 -2.33095717e-02 -4.93806116e-02 -5.32634817e-02  3.13704424e-02  2.29351502e-02  7.07584769e-02  4.62288186e-02  1.29799787e-02  3.68176028e-02  2.70291474e-02  5.80163933e-02 -1.33938128e-02  1.06856830e-01  1.06743537e-02]]
R:
[[0.0085292  0.03041176 0.00248536 0.00182973 0.00868232 0.00440206 0.9238779  0.00924494 0.00325501 0.0072816 ]
 [0.01196764 0.03176354 0.00297968 0.0019707  0.00796489 0.00492684 0.9111071  0.01314261 0.0045674  0.00960963]
 [0.00651061 0.01084216 0.00218634 0.00345989 0.00811237 0.00846914 0.94594747 0.00532518 0.00446518 0.00468174]
 [0.04672978 0.07307277 0.01587039 0.01587684 0.03268738 0.06199947 0.67010087 0.01438748 0.0292293  0.04004571]
 [0.04167429 0.08247934 0.01409044 0.02737109 0.02946475 0.05245979 0.67167854 0.0109269  0.03337186 0.03648304]
 [0.06415277 0.09364429 0.02179047 0.04421506 0.06798077 0.03941708 0.55916876 0.01970519 0.04435379 0.04557181]
 [0.0496238  0.09620342 0.02230897 0.03827571 0.04302738 0.08140119 0.5329513  0.0178341  0.05967974 0.05869443]
 [0.05981322 0.11235514 0.02209286 0.05377204 0.05759928 0.06182943 0.5181694  0.01821588 0.05331723 0.04283546]
 [0.04813454 0.09434898 0.01781666 0.03732875 0.04581684 0.05995547 0.5777034  0.01860586 0.05969885 0.04059063]
 [0.083431   0.10079892 0.02120756 0.08563676 0.06204737 0.18238695 0.27860072 0.0226348  0.0667119  0.09654403]
 [0.04975529 0.05819773 0.02119508 0.02243343 0.02265929 0.48927996 0.04099287 0.02679377 0.19780517 0.07088746]
 [0.06549136 0.07839844 0.03542931 0.04186828 0.03256682 0.23922668 0.20516478 0.03789031 0.16513279 0.09883119]
 [0.0425959  0.05366092 0.01293233 0.08780859 0.04595223 0.45398542 0.10470166 0.01879107 0.10555056 0.07402128]
 [0.04726228 0.04612226 0.02738824 0.02772482 0.02819839 0.47476912 0.09372193 0.02168618 0.17047255 0.06265424]
 [0.04264132 0.04081408 0.02187469 0.05154674 0.03631935 0.50554276 0.03304243 0.01761717 0.14391342 0.10668802]]
cosine similarity of topic:
[[ 1.00000012e+00 -5.35924919e-05  7.94745865e-05  1.73371518e-04  1.14511698e-04  3.93996015e-05 -1.07597560e-04  1.34082511e-05  1.05711166e-04  1.21069606e-04]
 [-5.35924919e-05  1.00000000e+00  3.09646130e-05 -4.78439033e-05  2.01229006e-04 -1.35891140e-04 -1.27866864e-04  1.32111832e-04 -7.19763339e-05  1.06607564e-04]
 [ 7.94745865e-05  3.09646130e-05  1.00000000e+00  2.56303698e-04  1.76308211e-04  9.96980816e-06  1.19103119e-04 -1.26842409e-04  9.99923795e-05 -3.58209014e-04]
 [ 1.73371518e-04 -4.78439033e-05  2.56303698e-04  9.99999762e-01  1.81020238e-04  6.69518486e-05 -7.95908272e-06  3.34307551e-04  2.62446702e-05  7.15183560e-05]
 [ 1.14511698e-04  2.01229006e-04  1.76308211e-04  1.81020238e-04  9.99999940e-01  7.41193071e-05 -1.90963387e-04 -2.55247578e-05  8.39316053e-05  1.04880892e-04]
 [ 3.93996015e-05 -1.35891140e-04  9.96980816e-06  6.69518486e-05  7.41193071e-05  9.99999523e-01  9.95583832e-05  1.97940972e-05  5.35156578e-05  5.11044636e-05]
 [-1.07597560e-04 -1.27866864e-04  1.19103119e-04 -7.95908272e-06 -1.90963387e-04  9.95583832e-05  9.99999881e-01 -1.01118349e-04 -6.77909702e-06  1.70101877e-04]
 [ 1.34082511e-05  1.32111832e-04 -1.26842409e-04  3.34307551e-04 -2.55247578e-05  1.97940972e-05 -1.01118349e-04  9.99999762e-01 -7.86036253e-07 -7.54259527e-05]
 [ 1.05711166e-04 -7.19763339e-05  9.99923795e-05  2.62446702e-05  8.39316053e-05  5.35156578e-05 -6.77909702e-06 -7.86036253e-07  1.00000012e+00 -5.43474453e-05]
 [ 1.21069606e-04  1.06607564e-04 -3.58209014e-04  7.15183560e-05  1.04880892e-04  5.11044636e-05  1.70101877e-04 -7.54259527e-05 -5.43474453e-05  1.00000000e+00]]
