hidden representaion(r*topic):
[[-4.15288508e-02  8.49839300e-02 -2.44684704e-02 -9.42431688e-02 -8.87004808e-02 -3.80792730e-02  1.31719038e-01 -1.96728334e-01  1.90147832e-02  2.89211068e-02 -3.07329953e-01  5.52463857e-03  1.07395068e-01  1.83792748e-02 -4.09842618e-02]
 [-4.01762053e-02  8.54275227e-02 -2.36609094e-02 -9.45769250e-02 -8.91709998e-02 -3.77587602e-02  1.31058455e-01 -1.94743812e-01  1.93220768e-02  3.11893020e-02 -3.05720538e-01  3.71965393e-03  1.06408671e-01  1.81709900e-02 -4.15075980e-02]
 [-3.74504514e-02  8.63167793e-02 -2.20172219e-02 -9.52514559e-02 -9.01359692e-02 -3.71076837e-02  1.29697949e-01 -1.90700635e-01  1.99345406e-02  3.57798003e-02 -3.02430928e-01  6.70190930e-05  1.04418628e-01  1.77544858e-02 -4.25571501e-02]
 [ 4.60816026e-02  1.13411158e-01  2.88581867e-02 -1.15970179e-01 -1.20226182e-01 -1.69813205e-02  8.70891958e-02 -6.54019713e-02  3.84941697e-02  1.77051142e-01 -2.00165182e-01 -1.12330899e-01  4.33516130e-02  5.09213051e-03 -7.45494515e-02]
 [ 4.10865620e-02  1.10872783e-01  2.85549853e-02 -1.14970766e-01 -1.21234573e-01 -1.72064118e-02  8.45892653e-02 -6.51638955e-02  3.62493545e-02  1.71827570e-01 -1.98233858e-01 -1.08096518e-01  4.64958884e-02  6.41455594e-03 -7.16564059e-02]
 [ 3.39795537e-02  1.08456977e-01  2.43432056e-02 -1.13202721e-01 -1.18772738e-01 -1.88267007e-02  8.79103169e-02 -7.53000602e-02  3.46377753e-02  1.59953833e-01 -2.06413656e-01 -9.86238569e-02  5.15723452e-02  7.52253644e-03 -6.88348189e-02]
 [ 4.21107486e-02  1.03298530e-01  4.38458063e-02 -1.15326680e-01 -1.36334687e-01 -1.04644503e-02  5.26650250e-02 -1.40872244e-02  3.08650844e-02  1.90968469e-01 -1.45878866e-01 -1.21894166e-01  3.91999073e-02  9.63752810e-03 -6.47281334e-02]
 [ 4.73176390e-02  1.06976055e-01  4.24081497e-02 -1.16370954e-01 -1.33539021e-01 -1.11395475e-02  5.93685769e-02 -2.10863464e-02  3.38224545e-02  1.94340706e-01 -1.54589444e-01 -1.24949947e-01  3.70474011e-02  7.91769475e-03 -6.89721480e-02]
 [ 3.65431607e-02  1.03992142e-01  3.63041237e-02 -1.13964662e-01 -1.30237803e-01 -1.37383007e-02  6.48733452e-02 -3.72731984e-02  3.11484523e-02  1.76478028e-01 -1.68015897e-01 -1.10924117e-01  4.55637947e-02  9.50163417e-03 -6.48410842e-02]
 [ 3.33408527e-02  9.10954997e-02  6.99807927e-02 -1.16814569e-01 -1.65405586e-01 -3.25713074e-03 -1.11032440e-03  5.93484938e-02  1.57520603e-02  2.15066895e-01 -6.46139905e-02 -1.39550924e-01  4.02997695e-02  1.74517352e-02 -5.15936278e-02]
 [-2.71148700e-02  5.37318364e-02  1.11193292e-01 -1.12964757e-01 -2.24258900e-01  5.66749694e-03 -1.03673361e-01  1.67129666e-01 -3.02430429e-02  2.07156077e-01  7.10505992e-02 -1.33218139e-01  7.85655752e-02  4.11198325e-02 -7.64762750e-03]
 [ 8.52840021e-02  1.12136729e-01  1.02077834e-01 -1.31576017e-01 -1.85038745e-01  8.14180356e-03 -2.15919819e-02  1.26512587e-01  2.67981309e-02  3.03175330e-01 -1.18693151e-02 -2.11484417e-01  7.57553102e-03  8.85376148e-03 -7.44424909e-02]
 [-1.88381858e-02  5.78234829e-02  1.00774527e-01 -1.12059027e-01 -2.11003810e-01  3.51546588e-03 -8.47735107e-02  1.45585164e-01 -2.16292124e-02  2.03051791e-01  4.55568358e-02 -1.29098997e-01  7.09587634e-02  3.73373926e-02 -1.39490906e-02]
 [-4.75024097e-02  4.38887998e-02  1.09340787e-01 -1.09071411e-01 -2.27742508e-01  4.17924114e-03 -1.12616479e-01  1.65674433e-01 -3.91274020e-02  1.85495153e-01  7.67649859e-02 -1.15637511e-01  9.16712582e-02  4.63338569e-02  3.56171047e-03]
 [-2.61530578e-02  5.51930517e-02  1.07422464e-01 -1.12633221e-01 -2.20127121e-01  4.58343094e-03 -9.64159220e-02  1.57052934e-01 -2.82296259e-02  2.03437522e-01  6.00097552e-02 -1.30355224e-01  7.84170404e-02  4.01314795e-02 -9.24883131e-03]]
R_hid(hidden representaion to predict r):
[[1.6565125e-01 0.0000000e+00 0.0000000e+00 0.0000000e+00 0.0000000e+00 0.0000000e+00 0.0000000e+00 1.1717784e+00 0.0000000e+00 1.1163697e+00 0.0000000e+00 5.5394106e+00 1.8451947e+00 2.1171750e-01 0.0000000e+00]
 [0.0000000e+00 1.8047926e-01 0.0000000e+00 0.0000000e+00 0.0000000e+00 0.0000000e+00 0.0000000e+00 1.1776179e+00 0.0000000e+00 1.4299805e+00 0.0000000e+00 0.0000000e+00 1.9781109e+00 2.9456240e-01 0.0000000e+00]
 [0.0000000e+00 3.8814539e-01 0.0000000e+00 7.5665605e-01 0.0000000e+00 0.0000000e+00 3.5470623e-01 1.4361092e+00 0.0000000e+00 1.1212562e+00 0.0000000e+00 4.6312542e+00 1.4875249e+00 2.0276789e-01 0.0000000e+00]
 [3.8356519e-01 0.0000000e+00 0.0000000e+00 6.6250846e-02 0.0000000e+00 0.0000000e+00 0.0000000e+00 3.6600938e-01 0.0000000e+00 6.0014701e-01 0.0000000e+00 0.0000000e+00 1.2102525e+00 1.5369897e-01 7.6695538e-01]
 [2.8601533e-01 0.0000000e+00 0.0000000e+00 1.5699904e-01 0.0000000e+00 0.0000000e+00 0.0000000e+00 0.0000000e+00 0.0000000e+00 6.0329431e-01 0.0000000e+00 2.3804903e+00 8.9123738e-01 3.8349637e-01 2.7510399e-01]
 [0.0000000e+00 1.5112646e-01 0.0000000e+00 1.9623166e-01 0.0000000e+00 0.0000000e+00 7.0336111e-02 3.9181843e-01 0.0000000e+00 0.0000000e+00 0.0000000e+00 2.4547477e+00 1.0478411e+00 5.3411990e-01 2.9544571e-01]
 [2.0580867e-02 4.5354497e-02 7.1247481e-02 2.5863191e-01 0.0000000e+00 0.0000000e+00 0.0000000e+00 2.2820525e-01 0.0000000e+00 3.8486773e-01 0.0000000e+00 1.4988182e+00 4.9176306e-01 1.4790976e-01 1.2217953e-01]
 [0.0000000e+00 0.0000000e+00 0.0000000e+00 1.6885170e-01 0.0000000e+00 0.0000000e+00 0.0000000e+00 6.8319462e-02 0.0000000e+00 3.8628381e-01 0.0000000e+00 1.4408263e+00 5.8747345e-01 2.9733169e-01 4.8267111e-02]
 [8.6272143e-02 1.6222863e-02 5.0134473e-03 1.5793774e-01 0.0000000e+00 0.0000000e+00 0.0000000e+00 1.7169568e-01 0.0000000e+00 3.2481036e-01 0.0000000e+00 1.3881339e+00 4.9293923e-01 0.0000000e+00 0.0000000e+00]
 [0.0000000e+00 9.0596117e-02 0.0000000e+00 0.0000000e+00 0.0000000e+00 0.0000000e+00 0.0000000e+00 0.0000000e+00 0.0000000e+00 3.5671294e-02 0.0000000e+00 1.5374517e+00 4.7009787e-01 1.5542379e-01 1.6347399e-01]
 [0.0000000e+00 0.0000000e+00 3.6812671e-02 0.0000000e+00 0.0000000e+00 1.3967702e-01 0.0000000e+00 0.0000000e+00 0.0000000e+00 0.0000000e+00 0.0000000e+00 2.3559108e+00 5.1743364e-01 0.0000000e+00 0.0000000e+00]
 [4.9382310e-02 0.0000000e+00 0.0000000e+00 0.0000000e+00 0.0000000e+00 1.0179082e-01 0.0000000e+00 0.0000000e+00 0.0000000e+00 0.0000000e+00 0.0000000e+00 3.1353514e+00 9.5675522e-01 2.6046029e-01 5.7694823e-01]
 [0.0000000e+00 0.0000000e+00 1.6974093e-01 7.1996599e-02 4.6669256e-02 1.1131768e-01 0.0000000e+00 0.0000000e+00 0.0000000e+00 0.0000000e+00 1.5971430e-01 1.4023010e+00 3.5726085e-01 0.0000000e+00 8.3993509e-02]
 [0.0000000e+00 0.0000000e+00 3.7542887e-03 0.0000000e+00 4.1847050e-02 1.3206731e-01 0.0000000e+00 0.0000000e+00 0.0000000e+00 0.0000000e+00 0.0000000e+00 1.7456261e+00 4.8526725e-01 6.3415165e-03 0.0000000e+00]
 [0.0000000e+00 2.5988668e-01 0.0000000e+00 0.0000000e+00 5.7009038e-02 1.7228553e-01 0.0000000e+00 0.0000000e+00 0.0000000e+00 0.0000000e+00 0.0000000e+00 2.0924368e+00 0.0000000e+00 0.0000000e+00 0.0000000e+00]]
topics:
[[ 0.0435624   0.13012525 -0.10978697  0.03568209 -0.14336537 -0.634355   -0.24598014 -0.01159967 -0.05102866 -0.03927465 -0.02833776  0.18780309  0.10171308  0.00254557 -0.00205073]
 [-0.18636744 -0.24679844 -0.20017569 -0.03329105 -0.0203658   0.09668519  0.03267591  0.04553719  0.3338209  -0.16290317  0.00565533  0.05192229 -0.3746625  -0.1486887  -0.04126634]
 [ 0.09557673  0.03413486  0.03085922  0.00983025 -0.13739628  0.13423727  0.09440888  0.215418    0.01711778 -0.02888766 -0.14890386  0.02124812  0.01322354  0.01918379  0.11211033]
 [ 0.02919162 -0.15321559  0.0126693   0.03364973 -0.00505091  0.03909638 -0.00131673  0.00284116 -0.05570681  0.05431718 -0.01524303  0.01359444  0.06733666  0.17665046 -0.05534697]
 [-0.14414793  0.05140689 -0.02492915  0.04451832 -0.10989833 -0.02577289 -0.24356125  0.0846855   0.05117771  0.06623704  0.10351562  0.12454217 -0.08619647 -0.02108616 -0.06024127]
 [-0.19187067 -0.02885876  0.1145859  -0.08452598 -0.2715519  -0.00115486 -0.2056741   0.19914441 -0.10978651  0.05419244  0.16356498 -0.00913492  0.18440302  0.08644518  0.08708526]
 [-0.05086919  0.08191317 -0.03001801 -0.0919416  -0.08547908 -0.04028389  0.13623227 -0.21035941  0.01688172  0.0132911  -0.31836703  0.01796331  0.11420255  0.01982282 -0.0373622 ]
 [-0.28939605  0.1120837  -0.0335371  -0.38904268  0.08399604 -0.03688855 -0.0800252  -0.02888577 -0.01788527  0.22703743 -0.03381988  0.04228453  0.0310719   0.03131622  0.16143472]
 [ 0.18550484  0.15963776  0.11037482 -0.15018131 -0.16695315  0.01549234  0.02210328  0.13446942  0.0708826   0.40877855 -0.03919074 -0.29677442 -0.05806598 -0.01671802 -0.12903997]
 [-0.00362847 -0.06217403 -0.06948891 -0.04840376 -0.11582363  0.00779101  0.07938822  0.07394748  0.00838693  0.04584621  0.06567613  0.08029702 -0.03800211  0.13740405  0.01627351]]
R:
[[2.2753592e-11 6.0602601e-10 3.4575503e-08 1.1990930e-09 2.7347360e-11 8.3299747e-06 9.6047157e-01 2.7496758e-10 3.9520018e-02 7.7142549e-11]
 [1.1658233e-10 1.8791191e-09 1.3348034e-07 3.0988176e-09 1.4747173e-10 2.6579661e-05 9.5471990e-01 5.9625715e-10 4.5253333e-02 1.7246653e-10]
 [9.4691477e-10 1.2188098e-08 4.6201151e-07 2.3433341e-08 1.0901710e-09 1.3497843e-04 9.4301522e-01 1.6982575e-08 5.6849338e-02 4.5966768e-09]
 [2.7687856e-06 1.1568657e-05 9.1546906e-05 1.5599699e-05 3.5471851e-06 5.6751203e-03 5.8069688e-01 6.0353350e-06 4.1349417e-01 2.8068841e-06]
 [4.2496460e-05 1.3482556e-04 6.9643225e-04 2.0403787e-04 5.4102664e-05 1.7422400e-02 5.8216101e-01 1.1637141e-04 3.9910513e-01 6.3180021e-05]
 [6.7443201e-05 2.3365731e-04 9.3802164e-04 3.3151021e-04 9.2166862e-05 1.7469641e-02 6.1146343e-01 2.4597949e-04 3.6905897e-01 9.9207988e-05]
 [2.2027465e-03 4.4794907e-03 1.1629475e-02 5.7360511e-03 2.7177650e-03 8.3606750e-02 4.4205955e-01 4.2909179e-03 4.4064960e-01 2.6276624e-03]
 [1.6815056e-03 3.6138543e-03 8.2730148e-03 5.1031555e-03 2.1226667e-03 6.3478336e-02 4.5923516e-01 3.0588999e-03 4.5129675e-01 2.1367182e-03]
 [1.3823465e-03 2.8831246e-03 7.9611540e-03 3.6805808e-03 1.6576535e-03 6.4518906e-02 5.0753421e-01 2.5763591e-03 4.0613315e-01 1.6725054e-03]
 [3.6291885e-03 4.6645836e-03 1.0947933e-02 7.3317005e-03 3.8572040e-03 2.2108321e-01 2.5244099e-01 5.5745025e-03 4.8643705e-01 4.0337434e-03]
 [1.1411342e-04 1.7988963e-04 3.3129833e-04 2.5343767e-04 1.1891022e-04 5.5665231e-01 9.4279395e-03 2.3465746e-04 4.3257591e-01 1.1161412e-04]
 [3.8396847e-05 8.6770182e-05 2.9601980e-04 1.7145780e-04 4.7189809e-05 2.2437456e-01 6.5053523e-02 1.1008559e-04 7.0976156e-01 6.0466489e-05]
 [2.3325435e-03 3.6090054e-03 5.5177039e-03 5.5177910e-03 2.8380500e-03 4.9088183e-01 5.4485328e-02 3.6322675e-03 4.2841011e-01 2.7753026e-03]
 [3.1087655e-04 4.4178611e-04 9.0406707e-04 6.8175368e-04 2.9899672e-04 6.0169208e-01 2.1708125e-02 5.4010324e-04 3.7310070e-01 3.2148606e-04]
 [1.4523214e-04 2.5012987e-04 7.4471871e-04 3.2987873e-04 1.3473487e-04 5.3769124e-01 3.5084836e-02 3.1322939e-04 4.2515844e-01 1.4760534e-04]]
cosine similarity of topic:
[[ 9.9999994e-01 -5.3559115e-06  3.8792867e-05 -1.7511224e-05  3.2867410e-05  2.6820184e-05  5.3578144e-05  4.1974366e-05 -5.5788951e-05  9.5469322e-06]
 [-5.3559115e-06  1.0000000e+00 -4.3072589e-05 -1.3779297e-04 -1.3152845e-05  2.3407772e-05 -5.5495150e-07 -1.9663452e-05 -5.0661478e-05 -7.3987481e-05]
 [ 3.8792867e-05 -4.3072589e-05  1.0000002e+00  6.4444419e-07 -5.0558203e-05  6.6033143e-05 -5.7633741e-05  6.4462338e-06  3.6727539e-05  1.9556839e-05]
 [-1.7511224e-05 -1.3779297e-04  6.4444419e-07  1.0000005e+00 -2.2712265e-04 -4.1379641e-05  4.3911528e-05 -1.5687892e-04  8.5859268e-05  3.3714387e-05]
 [ 3.2867410e-05 -1.3152845e-05 -5.0558203e-05 -2.2712265e-04  1.0000001e+00  4.9594666e-05 -9.6080994e-06  5.7210251e-05  5.5413449e-05 -7.0349597e-06]
 [ 2.6820184e-05  2.3407772e-05  6.6033143e-05 -4.1379641e-05  4.9594666e-05  9.9999994e-01  1.6134505e-05 -5.2206240e-05  2.4834579e-05 -1.2710842e-05]
 [ 5.3578144e-05 -5.5495150e-07 -5.7633741e-05  4.3911528e-05 -9.6080994e-06  1.6134505e-05  1.0000001e+00 -1.5724612e-05 -6.2251012e-05  3.5561847e-05]
 [ 4.1974366e-05 -1.9663452e-05  6.4462338e-06 -1.5687892e-04  5.7210251e-05 -5.2206240e-05 -1.5724612e-05  9.9999970e-01 -5.6905752e-05 -1.5447980e-05]
 [-5.5788951e-05 -5.0661478e-05  3.6727539e-05  8.5859268e-05  5.5413449e-05  2.4834579e-05 -6.2251012e-05 -5.6905752e-05  1.0000000e+00 -7.6820368e-05]
 [ 9.5469322e-06 -7.3987481e-05  1.9556839e-05  3.3714387e-05 -7.0349597e-06 -1.2710842e-05  3.5561847e-05 -1.5447980e-05 -7.6820368e-05  9.9999976e-01]]
