hidden representaion(r*topic):
[[-1.10024355e-01  9.61462595e-03  2.42821686e-02  1.11136928e-01  4.01942544e-02 -1.03222139e-01 -1.25623375e-01 -2.03379363e-01 -4.16970924e-02 -7.23989084e-02  2.69670989e-02  8.32414813e-03 -7.30408169e-03 -5.25727682e-02  4.23649997e-02]
 [-1.09982014e-01  9.47397295e-03  2.43246276e-02  1.11360803e-01  4.05507274e-02 -1.03460014e-01 -1.25517577e-01 -2.04036608e-01 -4.19184566e-02 -7.26377442e-02  2.69521680e-02  8.16397648e-03 -7.28998426e-03 -5.27487472e-02  4.24026810e-02]
 [-1.10711969e-01  9.60673951e-03  2.37494931e-02  1.08604915e-01  4.08776961e-02 -1.02742873e-01 -1.24543235e-01 -2.01396570e-01 -4.16405350e-02 -7.07964227e-02  2.66845245e-02  8.12346675e-03 -7.14608096e-03 -5.14292940e-02  4.32254411e-02]
 [-1.23222180e-01  3.32603492e-02  1.09886341e-02  4.84257936e-02 -1.06160492e-02 -6.01355769e-02 -1.30342424e-01 -7.77909011e-02 -4.28955816e-03 -1.57891735e-02  2.52675489e-02  3.23662125e-02 -8.09380319e-03 -1.21125225e-02  4.42841426e-02]
 [-1.34068683e-01  8.81869346e-03  1.17033701e-02 -1.03135407e-03  3.08660977e-02 -5.71758822e-02 -9.80620831e-02 -3.63564044e-02 -2.64656954e-02 -1.28867701e-02  9.40397568e-03  8.75809975e-03 -1.82641251e-03  8.80381092e-03  7.75414258e-02]
 [-1.28115937e-01  1.80128645e-02  5.01795765e-03 -1.19621791e-02  1.96546465e-02 -5.29956222e-02 -9.27560553e-02 -2.32691988e-02 -1.30118653e-02  1.11916140e-02  4.06337529e-03  9.18549113e-03 -3.12554813e-03  1.59205031e-02  7.04988539e-02]
 [-1.21397808e-01 -8.32851510e-05  9.35827475e-03 -3.32483351e-02  3.06214709e-02 -3.83119136e-02 -8.39585215e-02  4.61981893e-02 -2.02556588e-02 -1.05264727e-02 -1.09429993e-02  4.15800279e-03 -4.55488916e-03  2.68869717e-02  8.96175057e-02]
 [-1.28418058e-01  1.35255652e-03  5.82520431e-03 -4.45485488e-02  2.88862158e-02 -4.32885140e-02 -7.79813677e-02  3.40125486e-02 -1.88045390e-02  7.45811500e-03 -1.25507480e-02  1.80265191e-03 -1.00451661e-03  3.35629731e-02  9.17149261e-02]
 [-1.23190641e-01 -2.35674600e-03  9.98126157e-03 -3.41625698e-02  2.89244168e-02 -4.23621945e-02 -8.26407671e-02  3.80096436e-02 -2.15433389e-02 -6.71286136e-03 -1.23100849e-02  1.80167402e-03 -2.26629898e-03  2.90447474e-02  9.03184786e-02]
 [-3.15135792e-02 -8.95859580e-03 -2.45275791e-03 -3.27964388e-02 -2.75722425e-02 -5.42733520e-02 -5.07421605e-02  7.42929727e-02  3.64882573e-02  5.01079410e-02 -9.00968164e-02 -3.70280035e-02 -1.73161253e-02  3.68893035e-02  6.07074499e-02]
 [ 7.71269724e-02  8.71147122e-03  2.97123976e-02 -3.80024798e-02 -1.06571250e-01 -1.22702345e-01 -9.18768439e-03  8.17201436e-02  2.92333364e-02  1.19736493e-01 -2.06925735e-01 -9.70797166e-02  5.59148379e-02  9.44422856e-02  9.74293724e-02]
 [-3.97273302e-02  4.71636318e-02  7.35024130e-03 -4.04756740e-02 -7.72139952e-02 -4.79432158e-02 -6.75547048e-02  9.37067717e-02  4.17635813e-02  9.34426636e-02 -8.43352824e-02 -1.74266044e-02  1.39259035e-02  6.26830533e-02  5.91051467e-02]
 [ 4.59714383e-02 -1.27063980e-02  5.68249496e-03 -4.20163125e-02 -9.51118991e-02 -1.24970384e-01 -1.51984002e-02  7.08935708e-02  1.89247336e-02  5.76504655e-02 -1.92626789e-01 -2.83960178e-02  5.34018800e-02  1.00016780e-01  1.10521771e-01]
 [ 6.17358275e-02 -6.09101262e-03  2.18872018e-02 -4.14980426e-02 -9.92808193e-02 -1.18145443e-01 -1.10524120e-02  7.80268982e-02  3.20259593e-02  1.04931243e-01 -1.99863210e-01 -8.64407271e-02  4.43515517e-02  8.96710083e-02  9.69879255e-02]
 [ 1.01134010e-01  2.14839429e-02  6.64418191e-02 -1.33519676e-02 -8.35778639e-02 -9.34974477e-02 -1.52569013e-02  9.80194286e-02  3.69585603e-02  2.06764087e-01 -1.65491372e-01 -2.10515097e-01  3.41245718e-02  6.71237707e-02  3.37310620e-02]]
R_hid(hidden representaion to predict r):
[[-2.51684093e+00  3.19042444e+00  1.87308311e+00  8.62077713e+00 -1.27531540e+00 -2.96630561e-01  2.36507130e+00  2.51378834e-01 -5.43156028e-01  4.40157831e-01 -7.74382162e+00  3.98586059e+00  1.78683233e+00  2.89841676e+00  2.42789459e+00]
 [-2.46813297e+00  2.02069855e+00  1.44920659e+00  9.23063469e+00 -1.61378288e+00 -2.27684164e+00  1.28361189e+00  7.84043312e-01 -1.02150989e+00 -3.35082076e-02 -1.05460892e+01  1.44869900e+00  3.10688496e-01  1.13540292e+00  6.16682005e+00]
 [-7.99206316e-01  5.85601687e-01 -9.69912529e-01  2.03028631e+00 -1.18570566e+00  9.10032034e-01 -3.77257895e+00 -2.84459019e+00 -2.30681673e-01  8.79753381e-02 -2.56391549e+00  7.69548416e-02  4.62944126e+00 -2.82198143e+00  1.86650968e+00]
 [-8.54258418e-01  1.94854081e+00 -1.06837362e-01  3.05920863e+00  1.05867279e+00  4.60874379e-01 -4.09825444e-02  3.45687270e-01 -7.41394162e-02  1.29582858e+00 -5.91222382e+00 -1.70834208e+00  3.44052374e-01  4.68996954e+00  1.02829015e+00]
 [-9.49761927e-01  5.16997695e-01 -1.41767487e-02  1.28174138e+00 -1.08309627e-01 -7.89083302e-01 -8.01183283e-04 -2.23512709e-01 -8.07518601e-01 -2.47639894e-01 -5.98528206e-01  1.50962174e-01  4.63839471e-02  5.05101800e-01  1.42480361e+00]
 [-1.20842540e+00  4.18948561e-01 -1.66725278e-01  9.92976129e-01 -1.08193949e-01  4.76978898e-01 -8.08877826e-01 -6.50456607e-01 -3.00831050e-01  3.08271974e-01 -8.10995936e-01 -4.23769027e-01  1.52017212e+00 -4.33413088e-01  1.27510595e+00]
 [ 3.41593847e-02  8.45252797e-02  4.66552556e-01  1.04364073e-02  6.71105087e-02 -1.34605062e+00  1.04966357e-01 -8.36621165e-01 -4.36038435e-01 -7.54277468e-01  6.86381876e-01  8.56557861e-04 -8.26861560e-01 -8.69909972e-02  1.60933471e+00]
 [-2.90672481e-01  2.43425235e-01  1.16847269e-01  4.04196054e-01 -9.36875641e-02 -5.51194370e-01  1.40807554e-01 -8.31458807e-01 -2.46056587e-01 -6.74124599e-01  2.97872573e-01 -3.57683524e-02 -1.37987316e-01 -3.56315881e-01  1.21192515e+00]
 [-8.68214015e-03  3.79642956e-02  2.24242672e-01 -3.52477096e-03  6.12345338e-02 -7.54971147e-01  2.12856025e-01 -1.04426575e+00 -1.58722401e-01 -8.75653148e-01  5.59334099e-01  1.16529930e-02 -3.58173966e-01 -2.68775076e-01  1.94228530e+00]
 [-5.10519445e-02  3.58428746e-01  5.38198888e-01  9.62086171e-02 -5.87530285e-02  8.86753500e-02  6.75043017e-02  2.47060955e-01 -8.00444245e-01  8.93000066e-02  4.19050574e-01 -6.05636120e-01  2.67943507e-03  1.06118947e-01  9.53481272e-02]
 [-8.19196776e-02  7.20222294e-02  1.51112187e+00 -3.34005177e-01 -1.85500592e-01 -3.22647715e+00  3.19737315e-01  9.20593739e-01 -2.65721083e+00 -1.43852115e-01  8.75565052e-01  1.35350451e-02 -2.74946880e+00  1.20568335e-01 -3.82459730e-01]
 [-2.63769507e-01  2.28720471e-01 -2.06384748e-01  3.73704612e-01 -3.55638772e-01 -2.22373486e+00  5.34834862e-02  6.68129802e-01 -2.95567417e+00  3.28098416e-01  3.93139660e-01  1.37538150e-01 -1.02303016e+00  1.89275289e+00 -6.30525872e-02]
 [ 3.96725945e-02 -2.25364387e-01  1.42695105e+00 -3.75706494e-01 -1.40196877e-03  1.17948558e-03  5.98991737e-02 -8.42341542e-01  4.26723957e-02 -1.33144408e-02  4.60823476e-01  1.11456186e-01 -3.01441610e-01  3.61652195e-01 -1.09453425e-02]
 [ 1.44132107e-01  9.42426324e-02  1.67237413e+00 -2.12039232e-01 -4.30655032e-01 -6.92678511e-01  4.53184694e-01  8.92761230e-01 -1.78068042e+00 -5.82669862e-04  1.07904673e+00  5.81358373e-02 -1.64580023e+00  3.45263809e-01 -3.74994874e-01]
 [ 8.08827519e-01 -9.41884339e-01  4.25173640e-01 -4.24820423e-01 -1.35357440e-01 -2.28850913e+00 -3.59765738e-01  4.96812165e-03 -3.41047168e-01  1.15753138e+00  1.18353760e+00 -1.46269910e-02  1.55130720e+00  6.73136860e-03  1.27155185e+00]]
topics:
[[ 0.05159132 -0.08538496 -0.04776179 -0.10655273 -0.19492537 -0.23940304  0.03544148  0.01173592  0.00258412 -0.04013168 -0.34820545  0.12272239  0.13206321  0.20345044  0.24036083]
 [-0.18429528 -0.24892937 -0.18496345  0.00687133  0.07419178  0.06665945 -0.10651933 -0.04091891  0.25442174 -0.13673429  0.02918588  0.06898125 -0.37807974 -0.20185545 -0.07866358]
 [ 0.0970471   0.19505697 -0.00666601  0.10303554  0.07666706 -0.01591257 -0.08929317  0.10868007  0.00458539 -0.03790669 -0.00344498  0.04989319 -0.00129127 -0.05211767  0.01434201]
 [ 0.01443356 -0.10439438 -0.01375635  0.05807963 -0.00426629 -0.11278635 -0.05210881  0.00496622 -0.06410549  0.04333188  0.04823522  0.03419862  0.05980419  0.14251125 -0.10433261]
 [-0.12264991  0.11136425 -0.01084278  0.02314484 -0.17056355  0.01383185 -0.19283311  0.08730669  0.09874599  0.07165439  0.04440695  0.11135174 -0.02168996  0.02377361 -0.00846858]
 [-0.17568171 -0.0636918   0.06314451 -0.12893932  0.01462821  0.02820415 -0.10649169  0.31475392 -0.06675027 -0.05346488 -0.01205853 -0.01768877  0.02065762  0.09728795  0.17661914]
 [-0.04753171  0.02706815 -0.09188867 -0.07319876  0.16450523 -0.02231884  0.25705993 -0.04543639  0.05854532 -0.1120499  -0.390311   -0.01584858 -0.07710199  0.04515383 -0.07246111]
 [-0.2298288   0.03414714 -0.07219733 -0.340478    0.09515602  0.01200343  0.03530984  0.22062299  0.00475937  0.23402514 -0.01554213  0.00231262  0.01643883  0.1628199   0.17591172]
 [ 0.15750164  0.1115189   0.1602062   0.03739649 -0.02982433 -0.00413589 -0.03923724  0.17004354  0.06590524  0.4032584  -0.08374863 -0.47244513 -0.01875632 -0.0205267  -0.07987677]
 [-0.10992092  0.00946193  0.02436832  0.11159309  0.04054059 -0.10353063 -0.12558906 -0.20429035 -0.04194677 -0.07278953  0.0269737   0.00816229 -0.00730218 -0.05286442  0.04233394]]
R:
[[4.60490810e-08 8.23177615e-08 1.64431206e-08 4.17199297e-09 1.70275313e-03 4.34396061e-04 1.00798070e-06 4.44297708e-04 2.80061796e-09 9.97417331e-01]
 [2.37996733e-09 5.78575909e-10 3.57936181e-10 3.89668896e-12 6.17751284e-05 7.68959289e-05 3.72104942e-08 4.60817595e-04 2.39557714e-11 9.99400496e-01]
 [3.36416917e-07 7.18252568e-06 9.01266503e-07 1.64664144e-07 5.17572589e-05 2.51580845e-04 1.32025880e-05 6.45866618e-03 1.55820786e-07 9.93215978e-01]
 [1.28800306e-03 4.84842712e-05 4.44108126e-04 2.24027099e-05 2.52439350e-01 4.83506918e-02 2.32626451e-03 6.29016235e-02 7.09608954e-04 6.31469548e-01]
 [5.64524299e-03 4.38308110e-03 7.80897262e-03 1.99732254e-03 6.43298551e-02 1.51073799e-01 8.79981462e-03 1.47637859e-01 4.89626266e-03 6.03427708e-01]
 [1.57188177e-02 7.78527418e-03 9.57814697e-03 8.11086316e-03 1.16516136e-01 1.01024248e-01 1.23441787e-02 1.77791774e-01 2.06762385e-02 5.30454338e-01]
 [2.96866689e-02 3.00212130e-02 6.68238699e-02 8.97212233e-03 3.64100449e-02 2.66071945e-01 1.81373786e-02 1.37988448e-01 1.64156500e-02 3.89472634e-01]
 [3.62824164e-02 2.11539958e-02 2.99692452e-02 8.35512858e-03 4.59501073e-02 2.15189040e-01 1.71258207e-02 1.87204257e-01 2.27697492e-02 4.16000217e-01]
 [3.51554193e-02 2.55939811e-02 4.53996956e-02 1.16543369e-02 3.49858440e-02 2.53360391e-01 1.74457561e-02 1.45111546e-01 2.06726361e-02 4.10620362e-01]
 [2.11611241e-01 1.13944001e-01 8.46816599e-02 3.09098717e-02 7.27005750e-02 1.16992489e-01 2.47614384e-02 7.02878758e-02 1.75138637e-01 9.89722386e-02]
 [5.06530106e-01 1.00293560e-02 6.59197047e-02 2.19211681e-03 2.99971458e-02 1.83801278e-02 5.93258673e-03 6.82661077e-03 3.51900399e-01 2.29190360e-03]
 [1.99676290e-01 5.24256611e-03 4.91387211e-02 3.34524480e-03 3.26627910e-01 6.06007166e-02 3.67283225e-02 9.84599888e-02 1.69786185e-01 5.03939539e-02]
 [5.02106190e-01 3.01845055e-02 9.69463065e-02 4.16306891e-02 2.42408197e-02 6.05688021e-02 8.33664648e-03 8.62720143e-03 2.11669624e-01 1.56892035e-02]
 [4.92373109e-01 3.91295590e-02 4.95289750e-02 8.33759364e-03 2.02203020e-02 3.65928002e-02 7.90360849e-03 9.93819628e-03 3.25766444e-01 1.02094682e-02]
 [3.52835029e-01 1.59928333e-02 6.32288260e-03 6.67773038e-02 3.51590640e-03 1.53219514e-03 1.93976727e-03 2.51211436e-03 5.45841157e-01 2.73086526e-03]]
cosine similarity of topic:
[[ 9.99999642e-01  1.80001280e-05  6.76182826e-05 -8.92781100e-05 -1.23824066e-05 -7.85976881e-05  4.68291546e-05 -6.07026668e-05 -3.59501028e-05 -9.04785975e-06]
 [ 1.80001280e-05  9.99999881e-01  9.51398906e-05  7.65001241e-05  1.33704147e-04 -1.89793336e-05 -1.70449312e-05 -8.50618890e-05 -7.30564761e-06 -1.50665233e-04]
 [ 6.76182826e-05  9.51398906e-05  1.00000000e+00 -9.75975308e-06  5.70577722e-05  1.05165045e-05 -2.36845626e-05 -2.12718041e-05 -2.11713686e-05 -4.29903812e-05]
 [-8.92781100e-05  7.65001241e-05 -9.75975308e-06  9.99999523e-01 -9.60160396e-05 -4.57571296e-05 -1.36761242e-04  2.51164893e-05 -8.07673277e-05  2.02046722e-05]
 [-1.23824066e-05  1.33704147e-04  5.70577722e-05 -9.60160396e-05  9.99999940e-01 -6.74824332e-06  9.54575298e-05 -7.34143687e-05 -9.31776867e-06  3.24639368e-05]
 [-7.85976881e-05 -1.89793336e-05  1.05165045e-05 -4.57571296e-05 -6.74824332e-06  1.00000024e+00  4.18537420e-05 -2.28586650e-05 -5.03688389e-05 -7.76103407e-05]
 [ 4.68291546e-05 -1.70449312e-05 -2.36845626e-05 -1.36761242e-04  9.54575298e-05  4.18537420e-05  1.00000000e+00  8.98615181e-05  6.99114025e-05 -1.67428210e-04]
 [-6.07026668e-05 -8.50618890e-05 -2.12718041e-05  2.51164893e-05 -7.34143687e-05 -2.28586650e-05  8.98615181e-05  9.99999940e-01 -1.73512744e-04 -2.21178834e-05]
 [-3.59501028e-05 -7.30564761e-06 -2.11713686e-05 -8.07673277e-05 -9.31776867e-06 -5.03688389e-05  6.99114025e-05 -1.73512744e-04  9.99999702e-01  5.46124502e-05]
 [-9.04785975e-06 -1.50665233e-04 -4.29903812e-05  2.02046722e-05  3.24639368e-05 -7.76103407e-05 -1.67428210e-04 -2.21178834e-05  5.46124502e-05  9.99999881e-01]]
