hidden representaion(r*topic):
[[-2.11475521e-01 -8.51937532e-02  2.86528431e-02 -1.77088678e-01 -3.87223721e-01 -1.58588260e-01 -1.44266769e-01  2.82830447e-01 -2.04376623e-01 -4.57611792e-02 -6.77884966e-02  8.64780322e-03  9.12902653e-02 -3.52294967e-02  1.37336895e-01]
 [-2.06336156e-01 -8.31545219e-02  2.53884960e-02 -1.71850011e-01 -3.76944691e-01 -1.54692605e-01 -1.40532970e-01  2.75360763e-01 -1.95572793e-01 -4.23384607e-02 -6.63451627e-02  1.03803007e-02  8.61401483e-02 -3.32736522e-02  1.32452428e-01]
 [-1.93837345e-01 -7.80878663e-02  2.03978084e-02 -1.61644891e-01 -3.57749194e-01 -1.47344917e-01 -1.32039025e-01  2.61507094e-01 -1.79397568e-01 -3.30909565e-02 -6.46669418e-02  1.18765254e-02  7.80184120e-02 -2.83433963e-02  1.22430444e-01]
 [-1.45631343e-01 -5.27516678e-02  1.63541548e-03 -1.21406712e-01 -2.91047692e-01 -1.38670489e-01 -9.94465202e-02  2.00065076e-01 -1.17514528e-01 -3.90518946e-03 -7.61638582e-02  2.02028733e-02  5.46227880e-02 -6.34887302e-03  8.37663859e-02]
 [-1.37706101e-01 -4.46984470e-02 -3.34148295e-04 -1.14283152e-01 -2.90079355e-01 -1.54371440e-01 -1.00275487e-01  1.88878134e-01 -1.08383402e-01 -3.05820955e-03 -7.94501379e-02  2.52297670e-02  5.77263609e-02  1.71486149e-03  8.24603215e-02]
 [-1.37105957e-01 -4.29145284e-02 -1.44613162e-03 -1.13573201e-01 -2.88725376e-01 -1.56491891e-01 -9.96813849e-02  1.86622545e-01 -1.08715989e-01 -3.31616029e-03 -7.88664371e-02  2.68773567e-02  5.80205508e-02  3.41598317e-03  8.33306685e-02]
 [-1.05220929e-01 -2.29196772e-02 -1.10770194e-02 -8.73588249e-02 -2.66844600e-01 -1.78772077e-01 -8.93547311e-02  1.47930041e-01 -7.07984418e-02  4.91808541e-03 -9.03629735e-02  3.62432972e-02  5.36010414e-02  2.27017440e-02  6.57047331e-02]
 [-1.24450497e-01 -3.41925323e-02 -5.92589611e-03 -1.03329852e-01 -2.81340361e-01 -1.67489454e-01 -9.54208076e-02  1.70331627e-01 -9.29763317e-02 -1.54659990e-03 -8.46308172e-02  3.14047672e-02  5.63575886e-02  1.13124410e-02  7.68781900e-02]
 [-1.19016632e-01 -3.07198502e-02 -5.88316564e-03 -9.88267884e-02 -2.82512039e-01 -1.76631346e-01 -9.66853350e-02  1.65014118e-01 -8.84279907e-02 -1.03265466e-03 -8.69318992e-02  3.24672349e-02  5.85709587e-02  1.56056490e-02  7.46580362e-02]
 [-4.64035757e-02  2.11172774e-02 -3.20070274e-02 -3.67958061e-02 -2.32572407e-01 -2.37788290e-01 -7.28591755e-02  6.85389042e-02 -3.23271914e-03  1.44704003e-02 -1.13359697e-01  5.78864738e-02  4.75401618e-02  6.29606321e-02  3.50257978e-02]
 [ 2.11872123e-02  9.44179446e-02 -4.86432500e-02  2.65480485e-02 -2.55999655e-01 -4.12170857e-01 -9.71302390e-02 -2.74549033e-02  7.01841787e-02  1.15551171e-03 -1.42337456e-01  1.05904043e-01  8.21005479e-02  1.36315718e-01  3.09387334e-02]
 [-2.45361291e-02  4.41974699e-02 -3.74390706e-02 -1.27107892e-02 -2.29112521e-01 -2.91686356e-01 -8.14927146e-02  3.41455527e-02  2.38842536e-02  1.28722489e-02 -1.21664621e-01  7.75962695e-02  5.96017726e-02  8.86920691e-02  3.38479690e-02]
 [ 8.81371275e-03  9.19287130e-02 -4.71205525e-02  1.40906405e-02 -2.84782857e-01 -4.20979619e-01 -1.04920067e-01 -1.27530554e-02  5.78935631e-02 -1.10649094e-02 -1.41078070e-01  1.02457032e-01  8.33953321e-02  1.28211558e-01  4.01767939e-02]
 [ 1.97926629e-02  1.00253038e-01 -4.94378880e-02  2.56698765e-02 -2.81365901e-01 -4.43080366e-01 -1.09080538e-01 -2.73751635e-02  7.17493817e-02 -1.26733510e-02 -1.43370882e-01  1.12301961e-01  8.87850896e-02  1.40101954e-01  4.02434245e-02]
 [ 1.57887079e-02  9.15154740e-02 -4.84223701e-02  1.94837153e-02 -2.68258542e-01 -4.13168460e-01 -9.70886275e-02 -2.17511263e-02  6.36736974e-02 -5.52241970e-03 -1.44826725e-01  1.03162989e-01  8.24102908e-02  1.32537186e-01  3.37793678e-02]]
R_hid(hidden representaion to predict r):
[[0.         0.         0.23126481 0.9582078  0.         0.         0.9143638  1.7789277  0.         0.26975504 0.3808254  0.         0.         0.4883173  0.        ]
 [0.         0.         0.08403167 0.         0.         0.         1.3749745  1.2171265  0.25987133 0.8991513  0.12147558 0.         0.         0.38048774 0.        ]
 [0.         0.         0.         0.         0.13300571 0.         1.029714   0.5003444  0.6041958  0.41025817 0.         0.         0.         1.197572   0.        ]
 [0.         0.         0.05770859 0.         0.         0.         0.82318205 1.591648   0.03808399 0.8782078  0.         0.         1.1272733  0.2758385  0.05560004]
 [0.         0.         0.5662644  0.         0.2838883  0.         0.         1.5631642  0.04025048 1.4553115  0.02725215 0.         1.186339   0.0687715  0.        ]
 [0.         0.         0.11264758 0.         0.33690962 0.         0.05478821 0.7977186  0.17960104 0.83035433 0.         0.         0.9098351  0.3969828  0.49718246]
 [0.         0.         0.4014056  0.         0.02559768 0.         0.         0.66661406 0.13446243 1.483735   0.14097823 0.         1.134432   0.02222047 0.34243783]
 [0.         0.         0.38457054 0.         0.2689574  0.         0.         0.69058007 0.11687738 1.5122659  0.51527506 0.         1.173456   0.13155869 0.48992848]
 [0.         0.         0.40954372 0.         0.48263258 0.         0.         0.88868    0.10879963 1.3848606  0.39735866 0.         1.0661923  0.26666096 0.52604854]
 [0.         0.         0.         0.09109377 0.         0.         0.         0.4777917  0.         1.0937817  0.         0.         1.4971023  0.28807414 0.45126987]
 [0.         0.         0.         0.32553074 0.         0.         0.         0.         0.         0.92289823 0.         0.         1.4307107  0.         0.3431519 ]
 [0.         0.         0.         0.         0.         0.         0.         0.29881716 0.0484245  1.0137672  0.         0.         1.3996783  0.         0.45865875]
 [0.         0.         0.         0.         0.         0.         0.         0.         0.         0.7948801  0.         0.         1.9533988  0.29706365 0.        ]
 [0.         0.         0.         0.         0.         0.         0.         0.25934497 0.         0.84993774 0.         0.         1.7338014  0.         0.6363261 ]
 [0.         0.         0.         0.         0.         0.         0.         0.         0.         0.5535173  0.02661471 0.         1.5311081  0.1507053  0.26715252]]
topics:
[[ 0.0862684   0.19142903 -0.05585226  0.07957696 -0.3848986  -0.7052058  -0.16293381 -0.11474592  0.12747456 -0.04726936 -0.1820477   0.16361772  0.15999636  0.23041351  0.06080827]
 [-0.21734057  0.00849884 -0.26745558 -0.07409381 -0.07116722  0.13272128  0.03177284  0.03352445  0.09847026 -0.13493526  0.07579998  0.09193913 -0.42954192 -0.20260586 -0.03429348]
 [ 0.08524046 -0.0417638  -0.01777913 -0.02547675 -0.01263527  0.109061    0.06438395  0.25649416 -0.03403237 -0.04504227 -0.1430763   0.06032356  0.00625317 -0.0524181   0.12059886]
 [ 0.02688271 -0.2071269   0.00645029  0.03893748  0.03554301  0.00654432 -0.03077063  0.02855479 -0.08659385  0.04996296  0.00848749  0.02683086  0.07538011  0.16551897 -0.07445697]
 [-0.16463988 -0.22458456  0.00938449  0.07666832 -0.00900581 -0.01466066 -0.30227175  0.10533797  0.28219727  0.07487349  0.0914261   0.11980411 -0.06317448 -0.01086365 -0.06809841]
 [-0.21168861 -0.08527558  0.02879116 -0.17729394 -0.38765457 -0.15876666 -0.1444412   0.28313786 -0.20473543 -0.04589953 -0.06783709  0.00857642  0.09150213 -0.03530982  0.1375329 ]
 [-0.0638166   0.05055663 -0.13208047 -0.1402752  -0.18960752 -0.13692847  0.2604474  -0.10644464  0.0160303  -0.13604493 -0.5965076   0.00727478 -0.03535166 -0.0374592  -0.08221866]
 [-0.34184238  0.05473236 -0.05957347 -0.07249609  0.23646572  0.01039301 -0.07135214 -0.0037502  -0.05396415  0.24156152 -0.03388086  0.2077695   0.02690541  0.02685111  0.11514628]
 [ 0.24437612  0.11373362  0.07086553  0.11185061 -0.04800662  0.08654587  0.03570604  0.12944813  0.13298993  0.46223935 -0.06417468 -0.2307188  -0.07334153  0.00474128 -0.26459634]
 [ 0.0230524  -0.06186259 -0.09592846 -0.12346006 -0.15128258  0.06336429  0.1128322   0.0849027   0.02288035  0.07767557  0.06909516  0.0230051  -0.04348756  0.11831895  0.04292811]]
R:
[[1.30909641e-04 2.11589067e-04 1.15520299e-04 1.17845251e-04 1.66453799e-04 9.98659611e-01 6.86063649e-05 1.47523489e-04 1.10358771e-04 2.71666067e-04]
 [3.90810613e-03 5.79648884e-03 2.45354767e-03 3.34013742e-03 4.39122505e-03 9.66534495e-01 1.10996841e-03 3.55282752e-03 3.13910213e-03 5.77410217e-03]
 [1.11825895e-02 1.17931198e-02 7.21955067e-03 8.92478880e-03 9.32354014e-03 9.05358374e-01 3.49752139e-03 1.01295048e-02 1.36898188e-02 1.88811421e-02]
 [5.75797632e-02 2.55369749e-02 2.16110293e-02 3.12926508e-02 2.57406011e-02 6.71272159e-01 3.43116634e-02 3.61563154e-02 4.93922718e-02 4.71065380e-02]
 [8.60346109e-02 2.28042789e-02 2.25228779e-02 2.99590919e-02 2.60060653e-02 6.42688811e-01 3.38496417e-02 3.92815880e-02 4.87521626e-02 4.81008105e-02]
 [9.12095457e-02 2.50020660e-02 2.31707059e-02 3.31031494e-02 2.06847321e-02 6.37490332e-01 3.12946141e-02 4.27395441e-02 4.68082689e-02 4.84970212e-02]
 [1.52328148e-01 2.70465259e-02 3.18914838e-02 4.03501913e-02 3.15446444e-02 5.10520577e-01 4.57471721e-02 4.58952449e-02 5.84790781e-02 5.61969392e-02]
 [1.18323624e-01 2.61051506e-02 2.69101299e-02 3.37454602e-02 2.53016762e-02 5.86068869e-01 3.86162475e-02 4.32293862e-02 4.94387299e-02 5.22606634e-02]
 [1.33228153e-01 2.41107885e-02 2.55607348e-02 3.66553068e-02 2.61734147e-02 5.74261546e-01 3.89838554e-02 4.05565761e-02 5.18496782e-02 4.86198887e-02]
 [2.90927142e-01 4.29210179e-02 3.87466773e-02 6.54360056e-02 3.38469259e-02 2.75819600e-01 6.76113069e-02 5.39630279e-02 7.44321421e-02 5.62961213e-02]
 [5.82034886e-01 3.50495018e-02 3.77155133e-02 6.33311868e-02 2.73117367e-02 6.92192763e-02 4.85453755e-02 5.21421321e-02 5.33011071e-02 3.13493423e-02]
 [3.86139035e-01 3.66643965e-02 4.66650575e-02 6.98541701e-02 3.75933163e-02 1.89949334e-01 5.94023876e-02 6.48778155e-02 6.38172552e-02 4.50372882e-02]
 [5.77958822e-01 4.16728109e-02 2.46669110e-02 4.08820659e-02 2.37324256e-02 1.36217609e-01 4.49980646e-02 3.34282592e-02 4.55863066e-02 3.08567528e-02]
 [6.19562924e-01 3.69684584e-02 3.44818272e-02 4.29999866e-02 3.06043290e-02 9.25595090e-02 3.97676900e-02 3.62450145e-02 3.75186950e-02 2.92915348e-02]
 [5.74234545e-01 3.60327773e-02 3.00492328e-02 5.72150722e-02 2.52297316e-02 9.80131999e-02 5.48775382e-02 4.15825658e-02 4.83148992e-02 3.44505310e-02]]
cosine similarity of topic:
[[ 1.00000024e+00 -5.81817876e-05  9.16412610e-05 -4.11086075e-05  3.48704234e-05  1.17589070e-05 -3.74530669e-06 -4.90158209e-06  2.46774616e-05 -1.10336085e-04]
 [-5.81817876e-05  1.00000012e+00  7.26686631e-05  5.83414367e-05  8.07485922e-05  7.71932464e-05 -6.01039101e-05  7.50116160e-05 -3.57868630e-05  8.67079943e-05]
 [ 9.16412610e-05  7.26686631e-05  1.00000012e+00 -1.19115350e-04 -2.04344906e-06  2.75074817e-05 -1.26469304e-05 -1.12034172e-06  7.59430077e-06 -8.04922820e-05]
 [-4.11086075e-05  5.83414367e-05 -1.19115350e-04  9.99999821e-01 -1.43979305e-05 -4.36275841e-05 -3.14539284e-05 -1.30303641e-04 -4.87130237e-05  7.18654919e-05]
 [ 3.48704234e-05  8.07485922e-05 -2.04344906e-06 -1.43979305e-05  1.00000012e+00  7.64041615e-05 -1.26728439e-04  2.30713395e-05 -5.78908548e-05  8.40166103e-05]
 [ 1.17589070e-05  7.71932464e-05  2.75074817e-05 -4.36275841e-05  7.64041615e-05  1.00000024e+00 -6.57180935e-05  7.37800874e-05 -3.02898479e-05  3.16998776e-05]
 [-3.74530669e-06 -6.01039101e-05 -1.26469304e-05 -3.14539284e-05 -1.26728439e-04 -6.57180935e-05  1.00000000e+00  3.83346523e-05  5.18433226e-05 -5.35508188e-05]
 [-4.90158209e-06  7.50116160e-05 -1.12034172e-06 -1.30303641e-04  2.30713395e-05  7.37800874e-05  3.83346523e-05  1.00000000e+00 -1.76827030e-04  1.19427059e-04]
 [ 2.46774616e-05 -3.57868630e-05  7.59430077e-06 -4.87130237e-05 -5.78908548e-05 -3.02898479e-05  5.18433226e-05 -1.76827030e-04  1.00000036e+00 -2.42158094e-05]
 [-1.10336085e-04  8.67079943e-05 -8.04922820e-05  7.18654919e-05  8.40166103e-05  3.16998776e-05 -5.35508188e-05  1.19427059e-04 -2.42158094e-05  9.99999940e-01]]
