hidden representaion(r*topic):
[[-0.1818619   0.03819668 -0.00250746 -0.15022537 -0.03160206  0.15738426  0.11102805 -0.01409748  0.09001116  0.01399937 -0.03816495  0.02529219  0.04959262  0.16529118 -0.06781887]
 [-0.19452147  0.0408574   0.00170067 -0.15767597 -0.03086365  0.16823539  0.12506975 -0.01500207  0.10339857  0.01254159 -0.03788693  0.03019768  0.0495182   0.1751244  -0.07553129]
 [-0.1731406   0.03506704 -0.00549202 -0.14637484 -0.03285705  0.14943245  0.10004525 -0.01228344  0.08086988  0.01526352 -0.03873886  0.02262795  0.04980222  0.15766777 -0.06207687]
 [-0.13313064  0.02343196 -0.01695219 -0.12629732 -0.03447609  0.10924374  0.05943941 -0.0061987   0.05055887  0.01642569 -0.04308236  0.01747124  0.04297265  0.12227855 -0.03493835]
 [-0.13884111  0.02752809 -0.01505966 -0.12834495 -0.03401984  0.11752335  0.06010322 -0.0070735   0.04734503  0.01845733 -0.04012239  0.01302078  0.04905109  0.12780295 -0.04057367]
 [-0.12666592  0.02062329 -0.01884897 -0.12610346 -0.03603165  0.10309401  0.0421409  -0.00146367  0.0363135   0.02047089 -0.04246432  0.01256442  0.04884574  0.11265218 -0.03110957]
 [-0.04288226  0.00519968 -0.04490447 -0.06558545 -0.03886109  0.03772411 -0.01247254 -0.01245874 -0.0230729   0.02081933 -0.05572774 -0.00598787  0.02466821  0.07044719  0.02426333]
 [-0.10650326  0.03023516 -0.0194245  -0.10923124 -0.02567801  0.08032029  0.02701674  0.00211359  0.03035022  0.01173404 -0.03933478  0.01287506  0.03999457  0.09208866 -0.0195333 ]
 [-0.08304511  0.00942813 -0.03133876 -0.08520812 -0.03529723  0.0720569   0.02432714 -0.01974149  0.01049499  0.01849005 -0.04738042  0.00036894  0.03204883  0.08699698 -0.00299947]
 [-0.07989524 -0.00496704 -0.03856003 -0.12022924 -0.0448848   0.04500175 -0.01904012  0.03049892  0.01480015  0.01383575 -0.05114418  0.02055671  0.03359221  0.05609785  0.01115646]
 [-0.06752501 -0.00688611 -0.0460989  -0.10707955 -0.04755088  0.04079145 -0.0235014   0.02357342  0.00059598  0.01498943 -0.05059994  0.01020731  0.03218078  0.05666019  0.01749788]
 [-0.07497027  0.00652742 -0.03095466 -0.11358948 -0.03586538  0.03871891 -0.02775389  0.03089449  0.00924004  0.01233325 -0.04488581  0.01943858  0.03680091  0.04838718  0.00817253]
 [-0.0399819   0.00267099 -0.04745641 -0.07068881 -0.04015721  0.02515312  0.00348516 -0.0030535   0.00735887  0.00716852 -0.06161277  0.01639558  0.00289144  0.07460792  0.03157379]
 [-0.02605831 -0.02721811 -0.04055536 -0.02206819 -0.03161785  0.02864445  0.04820853 -0.06182933  0.04331139 -0.00673131 -0.07221419  0.02254597 -0.03856956  0.04262334  0.05195793]
 [-0.02440719 -0.00516046 -0.06482952 -0.04049508 -0.04034119  0.01977518  0.0439512  -0.02381592  0.0406009  -0.01685544 -0.07086211  0.02233096 -0.0399558   0.07851283  0.05464513]]
R_hid(hidden representaion to predict r):
[[0.         0.4379735  0.43392807 0.         0.0136838  2.195229   0.81477547 0.75619584 0.         0.         0.17968541 0.         0.         0.         0.        ]
 [0.         0.77089024 0.1596469  0.         0.         2.2296383  0.43005687 1.7060587  0.         0.         0.54434407 0.         0.         0.         0.        ]
 [0.         0.16552791 0.43624297 0.         0.36079472 2.505378   1.031333   0.9994329  0.         0.         0.44613135 0.         0.         0.         0.        ]
 [0.         0.76453745 0.41076645 0.         0.         2.1556752  0.22973469 1.4277213  0.         0.         0.99630743 0.         0.         0.         0.        ]
 [0.11907683 0.         0.         0.         0.3166191  2.3853152  1.0703337  1.279682   0.         0.         0.11905663 0.         0.12729783 0.         0.        ]
 [0.         0.00775628 0.8088491  0.         0.51109135 2.5179331  0.87663084 1.4000599  0.         0.         0.         0.         0.         0.         0.        ]
 [0.         0.7497837  0.         0.         0.32450318 2.4704032  0.42408487 0.6774067  0.         0.8925663  0.5601386  0.         0.         0.         0.        ]
 [0.32733172 0.         0.37251076 0.         0.3302745  2.2186003  1.6102524  1.9048841  0.         0.         0.         0.30038977 0.3633176  0.07516862 0.        ]
 [0.         0.3173633  0.         0.         0.         2.923611   1.4887909  0.70746    0.         0.46618587 0.93779093 0.         0.         0.         0.        ]
 [0.         0.5842554  0.         0.         1.0542513  1.8906134  0.57914996 0.93027645 0.         0.03267455 0.         0.         0.         0.         0.        ]
 [0.         0.77851737 0.         0.         1.2128782  2.6773996  0.27501652 0.91503686 0.         0.         0.         0.         0.         0.         0.        ]
 [1.0544938  0.         0.06294064 0.         0.82164055 2.0683057  1.2691703  1.6329746  0.         0.         0.         0.35911784 0.43981412 0.5598722  0.        ]
 [0.         0.         0.         0.         2.1919787  1.2824732  0.         1.6375418  0.         0.         0.         0.15564083 0.         0.         0.        ]
 [0.         0.5505377  0.5580131  0.         0.         0.55374503 0.6063048  1.1100565  0.         0.         1.1114526  2.2171981  2.824148   1.1546025  0.        ]
 [0.05731836 0.601578   0.         0.         0.         0.37037605 0.5625989  0.8371832  0.         0.         1.444383   2.7599182  2.1026144  0.5769612  0.        ]]
topics:
[[-0.07706228 -0.09687736  0.08990147  0.02508666  0.02365447  0.09412476  0.07945736 -0.20901349  0.08812584  0.03187844 -0.07158475  0.0405192  -0.01989257 -0.10975722  0.0145406 ]
 [-0.02605245  0.14917293  0.02159408 -0.04722856  0.0679498  -0.02817679 -0.09631594  0.07591418  0.01799395 -0.06000051  0.00813371  0.03458467  0.01114198 -0.03882887  0.01821535]
 [-0.08727893 -0.03641191 -0.26290414 -0.06440977 -0.1044291   0.04147335  0.13200891  0.04628986  0.09890411 -0.12670404  0.06192195 -0.10035061 -0.04442161  0.07326535  0.03169744]
 [ 0.0354416   0.01158764 -0.02696655 -0.01286235 -0.03070669 -0.02024421  0.11504449 -0.04678424  0.12137344 -0.02592753 -0.17899498  0.13972628 -0.15328883  0.17251682  0.11868589]
 [ 0.06645229 -0.02215823 -0.10272928  0.00976525 -0.07322183 -0.0117851  -0.14801009 -0.02674731 -0.21287917  0.06185909 -0.04074298 -0.11035751  0.06823765  0.03710476  0.07290944]
 [-0.20813045  0.04342009  0.00544969 -0.16584991 -0.03108442  0.18097675  0.13961487 -0.01574344  0.11654884  0.01120834 -0.03710762  0.03430406  0.05014374  0.18707398 -0.08401988]
 [-0.05016677  0.02979728 -0.02181026 -0.01828399  0.03931567 -0.01894999  0.04534085 -0.08546969 -0.00594773  0.03874325 -0.09196306  0.0034465   0.00957468 -0.02759408  0.03210458]
 [-0.03434573 -0.02280677 -0.00026472 -0.08450655 -0.03215107 -0.10069141 -0.00517001 -0.03431348 -0.03888786  0.05594271  0.07883125  0.00606838  0.11428211  0.00835111 -0.11929363]
 [-0.01346173  0.01853973 -0.03644319  0.00690405  0.01082704 -0.01250626 -0.04176066  0.01970781  0.06709957 -0.04333128 -0.06588227 -0.04867591  0.00822763  0.01232376  0.02941927]
 [-0.11475012 -0.03230423 -0.01256375 -0.20316483 -0.05547489  0.04148528 -0.08874124  0.09882866  0.02258252  0.0308476  -0.05561391  0.05705817  0.06956384  0.00643643  0.0015521 ]]
R:
[[1.38514256e-03 1.37493042e-02 2.17924640e-03 3.16583668e-03 6.13796934e-02 8.73109221e-01 1.88315082e-02 2.59873178e-03 6.42252970e-04 2.29591075e-02]
 [1.01446570e-03 7.96106830e-03 9.10623465e-04 2.37763510e-03 2.79986281e-02 9.31657135e-01 1.31046027e-02 1.81490707e-03 3.44871456e-04 1.28160417e-02]
 [2.13753106e-03 1.42100099e-02 3.36175016e-03 4.84817335e-03 8.24711770e-02 8.26194763e-01 2.02516578e-02 3.23585677e-03 8.52356665e-04 4.24367301e-02]
 [9.32072476e-03 2.92581078e-02 1.67240016e-02 3.78777646e-02 1.34772927e-01 5.98268867e-01 4.10912000e-02 1.45455161e-02 1.44890195e-03 1.16691954e-01]
 [4.37353086e-03 3.56644131e-02 5.55441435e-03 1.23794870e-02 1.55782863e-01 6.50137484e-01 3.46684568e-02 8.11100751e-03 1.57586590e-03 9.17525440e-02]
 [4.80401609e-03 3.01655345e-02 8.57672002e-03 1.85847580e-02 1.67780682e-01 5.58340609e-01 4.55902740e-02 1.06463870e-02 1.34293933e-03 1.54168040e-01]
 [2.76728347e-02 5.26383035e-02 3.22092921e-02 1.21740527e-01 3.37848067e-01 2.16875523e-01 6.91749901e-02 1.29136024e-02 5.07411920e-03 1.23852737e-01]
 [8.10640585e-03 1.18741333e-01 1.90899055e-02 3.43364328e-02 1.57933712e-01 4.54696089e-01 5.99457175e-02 1.69681031e-02 3.29448096e-03 1.26887798e-01]
 [5.78304045e-02 3.96408923e-02 3.58733498e-02 6.85705841e-02 2.50543952e-01 3.84291410e-01 5.48572131e-02 1.54247414e-02 4.22790647e-03 8.87395442e-02]
 [1.11148385e-02 4.05017175e-02 6.45185262e-02 8.82037282e-02 1.53344393e-01 1.68669179e-01 4.06309627e-02 1.09247798e-02 2.81600165e-03 4.19275850e-01]
 [1.51220923e-02 3.49476077e-02 7.22669363e-02 9.23968479e-02 2.14805737e-01 1.54807940e-01 3.51270027e-02 8.75401590e-03 2.49907188e-03 3.69272679e-01]
 [1.12800766e-02 1.08517930e-01 4.36397046e-02 7.02077150e-02 1.57097951e-01 1.65878013e-01 3.71495597e-02 2.61755139e-02 4.98909550e-03 3.75064433e-01]
 [2.10467521e-02 5.79935312e-02 7.13255182e-02 2.20226616e-01 2.28668049e-01 1.45320758e-01 4.25321721e-02 3.65206040e-02 2.43982486e-03 1.73926190e-01]
 [2.64312893e-01 2.65497733e-02 1.50208756e-01 2.88695365e-01 1.62973583e-01 3.11434455e-02 1.61249656e-02 1.12454351e-02 3.16764857e-03 4.55781035e-02]
 [8.92034471e-02 5.39830886e-02 1.76186740e-01 3.37068260e-01 1.69811741e-01 7.10368454e-02 2.76220702e-02 6.03609253e-03 3.17748450e-03 6.58741966e-02]]
cosine similarity of topic:
[[ 1.00000024e+00 -1.82113610e-04 -4.67342325e-05  2.15503387e-05  1.12675130e-04 -5.16008586e-05 -8.40239227e-05 -1.72792003e-04 -2.19967682e-04 -9.13609983e-05]
 [-1.82113610e-04  9.99999702e-01  2.18308473e-04  3.63783911e-05 -1.46450475e-07  3.26801091e-05 -2.04083044e-04 -2.21369322e-04  2.43681483e-04 -1.17450953e-04]
 [-4.67342325e-05  2.18308473e-04  9.99999762e-01 -1.02602877e-04  1.26477331e-04 -6.09760173e-05 -1.38740172e-04 -2.07586214e-04 -2.83215195e-05  2.56764470e-04]
 [ 2.15503387e-05  3.63783911e-05 -1.02602877e-04  9.99999821e-01 -2.69456767e-04 -6.87143765e-05  7.64809083e-05  5.14434651e-05  1.61923788e-04 -7.26110302e-05]
 [ 1.12675130e-04 -1.46450475e-07  1.26477331e-04 -2.69456767e-04  9.99999762e-01 -3.97181138e-05  1.14401802e-04 -1.45031139e-04 -1.45306345e-04  4.09074128e-05]
 [-5.16008586e-05  3.26801091e-05 -6.09760173e-05 -6.87143765e-05 -3.97181138e-05  9.99999821e-01  3.70489433e-05  1.03249215e-04  5.60923945e-06  6.18235208e-05]
 [-8.40239227e-05 -2.04083044e-04 -1.38740172e-04  7.64809083e-05  1.14401802e-04  3.70489433e-05  1.00000048e+00 -1.09853689e-04  2.50011683e-04  1.48823019e-04]
 [-1.72792003e-04 -2.21369322e-04 -2.07586214e-04  5.14434651e-05 -1.45031139e-04  1.03249215e-04 -1.09853689e-04  9.99999642e-01 -3.26900277e-04 -1.26783736e-04]
 [-2.19967682e-04  2.43681483e-04 -2.83215195e-05  1.61923788e-04 -1.45306345e-04  5.60923945e-06  2.50011683e-04 -3.26900277e-04  1.00000000e+00  7.93840736e-05]
 [-9.13609983e-05 -1.17450953e-04  2.56764470e-04 -7.26110302e-05  4.09074128e-05  6.18235208e-05  1.48823019e-04 -1.26783736e-04  7.93840736e-05  9.99999762e-01]]
