hidden representaion(r*topic):
[[-0.20590447  0.08039892  0.25833666  0.0067877   0.16849414  0.11586452  0.08671615 -0.38349256  0.24463247 -0.1338471  -0.07285108  0.2256314  -0.06094248 -0.27565202  0.09312683]
 [-0.21414113  0.09058326  0.28268906  0.01968102  0.1802921   0.12701857  0.10560501 -0.4240957   0.265865   -0.14962494 -0.07261299  0.24135692 -0.07016341 -0.29689762  0.10236128]
 [-0.21059145  0.08708785  0.26571855  0.01166764  0.16972238  0.12333983  0.09784656 -0.40278473  0.24962665 -0.13908637 -0.07223778  0.22743778 -0.06077648 -0.2774074   0.09475894]
 [-0.19810684  0.07654844  0.25108555  0.00872988  0.15918817  0.10312741  0.0839066  -0.37590417  0.23547742 -0.12580499 -0.06970515  0.22228068 -0.0537674  -0.26442635  0.08381435]
 [-0.15761735  0.06180966  0.19366607  0.0058699   0.12739407  0.08170111  0.04517793 -0.3078068   0.1786338  -0.0994495  -0.07869995  0.18653008 -0.04861183 -0.20945722  0.08954279]
 [-0.13632806  0.04785392  0.119367   -0.01325586  0.08513486  0.03858932 -0.00872085 -0.22769025  0.08613516 -0.0343715  -0.07238277  0.11457039  0.01958821 -0.15951397  0.04827892]
 [-0.40648693  0.05851141  0.02921487 -0.31761333 -0.058065    0.34351498  0.23644678 -0.04518888  0.22758609 -0.06779642 -0.08381273  0.03962442  0.05229587  0.28372622 -0.11030279]
 [-0.1387027   0.0443652   0.1586115  -0.00323518  0.10161808  0.06431856  0.02292781 -0.2507738   0.15351787 -0.07594397 -0.08763009  0.17146584 -0.04333233 -0.16889963  0.08283551]
 [-0.03758589  0.02454663  0.01549136 -0.00847363  0.0051184   0.03739257 -0.04333872 -0.21189316 -0.05064751 -0.01268231 -0.08808188  0.04250976  0.01567941 -0.04291486  0.11432648]
 [-0.13736118  0.02497831  0.01077254 -0.07121506  0.06179682 -0.02034549 -0.11403878 -0.02455298  0.0007144   0.03775692 -0.05735623  0.02173083  0.09428948 -0.11879262 -0.02309576]
 [-0.1371609   0.05856801  0.031345   -0.02934196  0.07673966 -0.02424501 -0.11120429 -0.08347204 -0.02353514  0.0564429  -0.06104925  0.00351925  0.12569843 -0.14935364 -0.02688758]
 [-0.10410607 -0.0436806  -0.04299024 -0.10338044 -0.04889431  0.01002487 -0.0668545  -0.03885419  0.00264547  0.02470256 -0.08980037  0.04471466  0.0522811  -0.00362029  0.03652192]
 [-0.1351054   0.04051276 -0.0356951  -0.04735892  0.01646419 -0.01396669 -0.08705543 -0.04482536  0.00068531  0.00546891 -0.04675694 -0.00931482  0.10073525 -0.08067986 -0.01137858]
 [-0.14181918  0.01337047 -0.3065462  -0.09445551 -0.21290644 -0.01416654  0.0367087   0.02697357  0.07922833 -0.22684     0.08972117 -0.10939201  0.07203495  0.15400738 -0.01241747]
 [-0.15867157  0.05105631 -0.28807148 -0.0645083  -0.17081086  0.03595595  0.01455549  0.01349857  0.07760975 -0.22475018  0.04585046 -0.12181298  0.05563634  0.1037827   0.0414759 ]]
R_hid(hidden representaion to predict r):
[[ 2.5643992  -1.4530742  -1.1567942  -1.4093568   0.833837    6.0910206   0.2087077  -1.4264911   2.0462694   2.0828643   0.9652969   0.41277775 -0.11369085 -1.4462894   4.5002275 ]
 [ 2.3205233  -1.4518367   0.34871963 -0.9455577  -1.4577388   3.6020093  -0.08887178 -1.4271901   3.3062372  -1.4577388   3.0644145  -0.41782725 -0.69058776 -1.4521841   3.9749236 ]
 [ 2.5291214  -1.4388195  -0.15188208  0.51275873  0.5879586   4.292355    2.9328337  -0.91046715 -0.33690858  1.4570477   2.830853    1.2784388   1.1424007  -1.4517243  -1.4577388 ]
 [ 3.2773814  -1.4371381   1.7174854  -1.2837145   0.48948917  5.3255877  -0.7633369  -1.4544377   2.8580284   0.51240337  3.8456445  -0.6671742  -1.4577388  -1.4342582   2.6563363 ]
 [ 1.1358488  -1.2743239   0.24838783 -1.3846152   1.8995216   3.9463592  -0.59391856 -1.3842741  -1.4577388   1.8187374   2.1344488  -1.1996812   0.6110679  -0.6910071   1.2670354 ]
 [ 0.31433463 -0.2517803   1.124054   -1.393362    2.3163128   4.1860914  -0.26401356 -1.3893237  -1.2695117   1.80742     1.2478287  -0.35151505  0.33790824 -0.85967064  0.5759376 ]
 [ 1.2434471  -1.0083731   1.2636739   2.5998278   1.0962884  -1.4577388  -1.1047581   0.1569918   0.5004417   2.3337255  -1.4405457   1.4146719   0.9855324  -1.0217215   1.8310534 ]
 [ 0.43290263 -1.4103862  -0.59145975 -1.4577388   0.4379148   2.6204257   0.5559108  -1.153697   -1.4577388   0.8947165   0.75723755 -0.9092288   0.7186068  -0.4250946   1.5750008 ]
 [-0.63890034 -1.4577388   3.01923    -1.0966972   1.6665701   1.137439   -1.3793925  -0.49414045 -1.4577388   2.3831115   1.6431144   0.38219643 -1.0161741   1.7446585   1.8162156 ]
 [ 0.1014726  -1.0670291  -0.35548264  1.1479515   1.025491   -0.38704503  1.0889163  -0.780757    0.09178691 -1.3481697  -1.3474704   1.8202307   1.9904685  -0.01760988  1.2358452 ]
 [ 0.49736506 -1.4182706   0.60068595  0.255697   -1.0560696   0.961944    1.5210185  -0.79479194  1.5399448  -0.04905726 -1.4577388   1.854813    1.113104    0.58659446 -0.27358812]
 [-0.932214   -1.0387522  -1.2160699  -1.3959777   1.7348822   2.94103     1.337145   -1.4577388  -1.3160543   0.21261111  0.12434757 -1.3753436   0.99770874 -0.674444    1.0928398 ]
 [ 0.16800071 -1.1083051   0.10065988  0.23908181  2.04536     0.30891     1.8928864  -1.234816   -0.46090853 -1.4577388  -1.3103756   1.2149775   0.94503844  2.1204052  -0.52552825]
 [-0.8843441   2.6386771   1.0254941   0.02825888 -1.2256932  -1.2228097  -1.1875738  -1.4577388   0.30928886 -0.45192486  3.2996821  -0.32727772  0.7687612   0.567513   -1.4402479 ]
 [ 0.21829283 -0.5723072  -1.4577388   0.47685406 -0.97027373  0.2662694  -0.273038   -0.26891455 -1.4140543  -1.2485313   0.43520817 -1.4577388   2.5691323   3.3815188  -1.2980366 ]]
topics:
[[-0.21409541  0.09100408  0.28497124  0.02127399  0.18177351  0.12689357  0.10617784 -0.4274346   0.26745263 -0.15078686 -0.07259842  0.24313532 -0.07117948 -0.30021584  0.10358201]
 [-0.0851162  -0.00196217  0.04503123 -0.07648665  0.1235392  -0.04490601 -0.13965642  0.06522322  0.07220738 -0.02437185 -0.04960329  0.10688905 -0.0308612  -0.1271749   0.00769851]
 [-0.22025682  0.06239389 -0.5521716  -0.11456342 -0.34931862  0.09036444  0.07779834  0.07925352  0.12853031 -0.4830769   0.19140975 -0.23742664  0.03212716  0.21615092  0.08680765]
 [ 0.09880171 -0.04345064 -0.01338498  0.12218639 -0.15561949 -0.0234528   0.04714891  0.01232669  0.14314707 -0.02219084 -0.23003915  0.22614045 -0.20818655  0.28818697  0.14525174]
 [ 0.16969612 -0.02001994 -0.26409194 -0.01110082 -0.16744971 -0.02888336 -0.21364158 -0.09620178 -0.45974326  0.12845238 -0.10425791 -0.20376794  0.12325837  0.1743569   0.1874198 ]
 [-0.49375913  0.08274684  0.01629875 -0.39717    -0.09693485  0.44742095  0.32532644 -0.02272427  0.25873983 -0.07200707 -0.08563024  0.01011508  0.07539758  0.42339262 -0.1664405 ]
 [-0.14847344  0.09052013  0.03059858 -0.00088449  0.08148579 -0.04274496 -0.13714309 -0.12039426 -0.09333907  0.11775719 -0.06211977 -0.05035417  0.20962562 -0.18631902 -0.05845438]
 [-0.13136493 -0.07576868  0.01163853 -0.19123946 -0.06685112 -0.24367532 -0.03703452 -0.07757843 -0.09816992  0.1513821   0.15048444  0.02430507  0.32803014  0.00112521 -0.35881406]
 [-0.0472728   0.01949055 -0.11975051 -0.00880247  0.03692877 -0.03628918  0.01556561  0.03255375  0.20752059 -0.05893576 -0.16644886 -0.09220522 -0.01166098  0.06625905  0.06288911]
 [-0.2751209  -0.35605216 -0.06288594 -0.5157611  -0.15656649  0.08763031 -0.10440449  0.21815188  0.09812824  0.18150826 -0.18876156  0.15818669  0.08027611  0.03740444 -0.01024868]]
R:
[[9.04427826e-01 5.39406352e-02 2.41839894e-06 1.73945143e-03 6.66538626e-03 8.09080992e-03 1.46685708e-02 4.66571335e-04 1.33149269e-05 9.98501573e-03]
 [9.91977513e-01 2.80823675e-03 4.09373513e-08 2.16616128e-04 7.64763448e-04 3.02502257e-03 1.13190326e-03 4.56926427e-05 2.60449247e-06 2.76753763e-05]
 [9.37188268e-01 1.58468708e-02 4.21348777e-05 1.76530203e-03 1.02868164e-02 1.53051103e-02 1.53748905e-02 3.27888341e-03 6.89831577e-05 8.42847337e-04]
 [8.77743244e-01 4.03430052e-02 8.98365397e-05 2.11740322e-02 4.15247306e-03 2.29613157e-03 2.08256841e-02 2.68040411e-02 1.13193593e-04 6.45833509e-03]
 [7.19565153e-01 1.17820598e-01 1.02284632e-03 5.25166132e-02 6.05338290e-02 2.55684857e-03 3.08749042e-02 7.52815185e-03 6.67597691e-04 6.91350596e-03]
 [4.78425324e-01 1.01967424e-01 5.55452984e-03 5.46841361e-02 8.54584202e-02 4.74502519e-03 2.03779429e-01 3.87082919e-02 4.92187822e-03 2.17555948e-02]
 [9.38410759e-02 6.88933805e-02 1.42183071e-02 1.07902391e-02 5.37265092e-03 7.41920292e-01 1.48620633e-02 1.11119531e-03 1.22129880e-02 3.67777273e-02]
 [5.94992876e-01 1.51750788e-01 1.44152739e-03 9.71365795e-02 6.02026097e-02 1.62721344e-03 6.17422126e-02 3.76185705e-03 3.98397271e-04 2.69459207e-02]
 [4.18276042e-01 6.53371066e-02 3.15554766e-03 5.83563969e-02 3.90026480e-01 1.31034311e-02 6.15833560e-03 2.61762999e-02 1.06772613e-02 8.73308349e-03]
 [1.60928555e-02 3.76484215e-01 3.47643718e-02 7.39827845e-03 7.43533019e-03 1.86528340e-02 4.69263673e-01 6.35539461e-03 4.37293388e-03 5.91801293e-02]
 [5.65272011e-02 2.20330507e-01 1.69606730e-02 1.38806002e-02 1.06377043e-02 1.07539250e-02 6.42407238e-01 2.99450196e-03 1.03378324e-02 1.51698785e-02]
 [1.21303022e-01 8.86533558e-02 7.08511695e-02 1.33403212e-01 1.32484227e-01 1.22683297e-03 2.19665781e-01 3.48299593e-02 6.61806902e-03 1.90964386e-01]
 [2.72664055e-02 2.00548068e-01 1.09130695e-01 5.48279285e-02 1.05978623e-02 1.23613272e-02 5.16562283e-01 1.07513377e-02 2.09761467e-02 3.69779132e-02]
 [1.14687334e-03 4.51980246e-04 5.26306927e-01 1.03016064e-01 1.31695280e-02 2.89157312e-03 3.82663333e-03 2.29655787e-01 1.18612453e-01 9.22182982e-04]
 [4.40658210e-03 1.71053559e-02 5.11039913e-01 8.14349130e-02 1.00677526e-02 2.13506632e-02 2.36597240e-01 1.65055264e-02 9.78493094e-02 3.64272716e-03]]
cosine similarity of topic:
[[ 9.99999940e-01  5.36473572e-01  1.14656999e-04  2.63203874e-05  1.71976135e-05  1.05750027e-04  2.93239991e-05 -1.54797890e-05  1.15676492e-04 -3.79384574e-06]
 [ 5.36473572e-01  1.00000012e+00  3.67816392e-05  1.47675173e-05 -6.27624322e-05  7.10201994e-06  1.42195699e-04 -7.36314905e-05  1.04283674e-04  1.59690622e-04]
 [ 1.14656999e-04  3.67816392e-05  1.00000012e+00  9.58658711e-06  1.60743584e-05  2.73319838e-05 -4.91902865e-05  1.20602126e-05  4.17722822e-06  1.13290824e-01]
 [ 2.63203874e-05  1.47675173e-05  9.58658711e-06  1.00000036e+00 -1.67569542e-05 -3.02435965e-05 -6.59354150e-01 -3.57003373e-05  7.87663084e-05  3.44834848e-06]
 [ 1.71976135e-05 -6.27624322e-05  1.60743584e-05 -1.67569542e-05  9.99999821e-01 -1.47069750e-05 -2.27800792e-05  2.97502884e-05  6.77871940e-05  1.32419562e-04]
 [ 1.05750027e-04  7.10201994e-06  2.73319838e-05 -3.02435965e-05 -1.47069750e-05  9.99999762e-01 -4.79373193e-05 -4.77422600e-06 -1.04267547e-05 -9.41108592e-05]
 [ 2.93239991e-05  1.42195699e-04 -4.91902865e-05 -6.59354150e-01 -2.27800792e-05 -4.79373193e-05  9.99999523e-01  9.48721863e-05 -1.30907711e-05  1.60383042e-05]
 [-1.54797890e-05 -7.36314905e-05  1.20602126e-05 -3.57003373e-05  2.97502884e-05 -4.77422600e-06  9.48721863e-05  1.00000000e+00  1.68931161e-04 -1.22793426e-04]
 [ 1.15676492e-04  1.04283674e-04  4.17722822e-06  7.87663084e-05  6.77871940e-05 -1.04267547e-05 -1.30907711e-05  1.68931161e-04  9.99999881e-01  3.03998077e-05]
 [-3.79384574e-06  1.59690622e-04  1.13290824e-01  3.44834848e-06  1.32419562e-04 -9.41108592e-05  1.60383042e-05 -1.22793426e-04  3.03998077e-05  1.00000000e+00]]
