hidden representaion(r*topic):
[[-0.24969791 -0.42589846 -0.15049013 -0.47774217 -0.15043163  0.1613511  -0.21347305  0.30796978  0.03866569 -0.02032489 -0.0887797   0.17278993  0.10388632  0.06143924 -0.13359776]
 [-0.24934828 -0.42485502 -0.15095215 -0.47704223 -0.15056609  0.16083041 -0.21236208  0.30727088  0.03908145 -0.02058646 -0.08845709  0.17239329  0.10345671  0.06166875 -0.13302043]
 [-0.24331701 -0.39858383 -0.15611453 -0.4600605  -0.15015458  0.14825478 -0.18891558  0.2883526   0.04609478 -0.02329861 -0.08093732  0.16177928  0.09886061  0.06610835 -0.12530623]
 [-0.2207424  -0.29558542 -0.15976335 -0.38784498 -0.14020953  0.10487127 -0.10525146  0.2084198   0.07017595 -0.02693534 -0.06307436  0.12471515  0.0836582   0.0825693  -0.09699025]
 [-0.2325271  -0.304884   -0.15562336 -0.40323216 -0.13973764  0.1193433  -0.11336382  0.21692576  0.06931227 -0.02435668 -0.06766986  0.12528579  0.08914166  0.08426069 -0.10495465]
 [-0.23655276 -0.27800187 -0.1515303  -0.39258984 -0.13746546  0.12224866 -0.08852856  0.19559075  0.07978517 -0.02200945 -0.07143303  0.1171543   0.08489919  0.0952298  -0.09769432]
 [-0.22120734 -0.1919443  -0.12177736 -0.32675624 -0.11762845  0.08843695 -0.02978992  0.11632533  0.08514939 -0.00355649 -0.06984697  0.10249113  0.08512335  0.1129913  -0.08745745]
 [-0.24319173 -0.19658358 -0.12826803 -0.35333917 -0.12187877  0.11550348 -0.02872303  0.12870748  0.09548831 -0.00891133 -0.07307602  0.0890382   0.08825488  0.12154963 -0.09435008]
 [-0.2497949  -0.19920129 -0.13521896 -0.36552483 -0.12904017  0.12310304 -0.02244138  0.13189028  0.09745049 -0.00895506 -0.07114899  0.08966523  0.08662258  0.12595496 -0.09298822]
 [-0.27342153 -0.12555565 -0.1024022  -0.3455099  -0.11513285  0.13977915  0.03954253  0.06747771  0.11839338  0.00921425 -0.0823127   0.07215951  0.08826065  0.1580358  -0.09178772]
 [-0.2581589  -0.1164455  -0.10198803 -0.32384476 -0.11166873  0.12143752  0.04158951  0.05940273  0.11538036  0.00966249 -0.08207384  0.07306045  0.08559255  0.15648799 -0.08514826]
 [-0.2460668  -0.08335465 -0.09714004 -0.2899073  -0.09667465  0.10358228  0.05387555  0.03640999  0.1212846   0.00514812 -0.07952392  0.05477821  0.08414042  0.1512189  -0.07882314]
 [-0.32049567 -0.04793708 -0.04764093 -0.34076095 -0.1024497   0.18400997  0.10379267 -0.00848646  0.13716796  0.04861916 -0.11504454  0.05089459  0.10699679  0.21416402 -0.10591497]
 [-0.38389924  0.02088401 -0.02015794 -0.36766523 -0.10088921  0.25274503  0.18408203 -0.06043136  0.1751373   0.07006855 -0.14219746  0.03546815  0.10344764  0.27079824 -0.10226983]
 [-0.34240872 -0.04343892 -0.05201967 -0.36458957 -0.1104594   0.21548277  0.12412475 -0.00554435  0.15175833  0.04840969 -0.12545392  0.05371484  0.09645282  0.23336133 -0.09686802]]
R_hid(hidden representaion to predict r):
[[0.         0.         0.         0.         0.29046732 0.         0.36527652 0.         0.         0.         0.         0.         0.51970935 0.         0.        ]
 [0.         0.         0.         0.         0.22676641 0.         0.5551364  0.         0.         0.         0.4932254  0.10422197 1.3890836  0.         0.        ]
 [0.         0.         0.         0.00924634 1.2925569  0.         1.0390294  0.         0.         0.         0.20002042 0.13289954 1.5865839  0.         0.        ]
 [0.18986726 0.         0.         0.09835725 0.66500217 0.         1.0405777  0.         0.         0.         0.         0.         1.3397577  0.         0.43130708]
 [0.61471623 0.         0.         0.         1.067345   0.19636175 0.90860075 0.         0.         0.         0.         0.         1.2924575  0.         0.01864653]
 [0.3514062  0.         0.         0.         0.93453294 0.7730453  0.5501938  0.         0.         0.         0.         0.         1.561809   0.         0.        ]
 [0.5288456  0.         1.239109   0.         0.37795693 0.         0.5361056  0.         0.         0.14704664 0.3369131  0.15320846 0.44392878 0.         0.        ]
 [0.97949153 0.         0.         0.         0.7577515  0.22390178 0.82981515 0.         0.         0.         0.         0.         0.82723945 0.         0.        ]
 [0.8740101  0.         0.         0.         0.32773778 0.40298858 0.72366625 0.         0.         0.         0.         0.         0.57702535 0.         0.        ]
 [0.28960305 0.05004099 0.4454541  0.         0.476697   0.7984009  0.57329243 0.         0.         0.         0.         0.         0.62764466 0.         0.        ]
 [0.62110484 0.         0.48761418 0.         0.46912232 0.08500796 0.7029758  0.         0.         0.         0.         0.         0.3160021  0.         0.        ]
 [1.22801    0.         0.         0.         0.49279565 0.96743876 0.97377104 0.         0.         0.         0.         0.         0.87326807 0.         0.        ]
 [0.80276847 0.         0.         0.         0.         0.7980347  0.8961398  0.         0.17496516 0.         0.         0.         0.6992819  0.         0.        ]
 [0.73096746 0.         0.37478453 0.         0.         1.105473   0.8381496  0.         0.         0.14144272 0.         0.18621834 0.07276451 0.         0.        ]
 [0.762205   0.         0.03841657 0.         0.77559215 0.27681205 0.65258944 0.         0.5205766  0.29537266 0.         0.48278946 0.0710156  0.         0.        ]]
topics:
[[-0.2212889  -0.00826559  0.3234369   0.00546847  0.01641651  0.26672527  0.15882546 -0.55798537  0.28741813  0.13735063 -0.3395801   0.18577647 -0.04039116 -0.22806881  0.14477506]
 [-0.04374183  0.0252777  -0.02074069 -0.04851452  0.24322125 -0.10224287 -0.1784563   0.17088561  0.02656895 -0.22285615  0.12502472  0.06094432 -0.04005258 -0.12682684 -0.06295156]
 [-0.21394885  0.05914325 -0.61406803 -0.37946853 -0.29527035  0.06909352  0.3799666   0.13067272  0.33298796 -0.29433376  0.17732267 -0.20354827 -0.1377994   0.17676435  0.1565493 ]
 [-0.01577801 -0.054705   -0.03172755  0.02638605 -0.11433841 -0.14070736  0.2220366  -0.00258101  0.23699091  0.02582874 -0.24273689  0.44357926 -0.15671267  0.30168477  0.16368505]
 [ 0.23882839 -0.03647968 -0.28647807  0.01174829 -0.18898246 -0.01795538 -0.33247697 -0.09783604 -0.55474627  0.14716308 -0.13514762 -0.2699608   0.12903695  0.18681946  0.1988683 ]
 [-0.5917946   0.15052442  0.08803001 -0.49927136 -0.12028965  0.4967323   0.37254983 -0.17138034  0.2743703   0.152608   -0.25810465  0.0229717   0.11084044  0.48106056 -0.1262063 ]
 [-0.17982192  0.04155673 -0.03142909 -0.05513733  0.13850218 -0.11300741 -0.05274696 -0.06594945 -0.03420195  0.14633743 -0.08016215  0.08006594  0.22186422 -0.21984193 -0.06049868]
 [-0.1639168  -0.08817028 -0.0021942  -0.21584268 -0.08588046 -0.26653075 -0.0412007  -0.08183601 -0.11592446  0.15290642  0.18788874  0.0323443   0.39491734  0.04418748 -0.42176604]
 [-0.04040942  0.04724661 -0.14632815  0.0453247   0.03364664 -0.0198511  -0.05610032  0.03434412  0.18718638 -0.15592518 -0.16100374 -0.17938618  0.01000935  0.09088866  0.05273519]
 [-0.25088072 -0.4308003  -0.1497202  -0.4810527  -0.15072659  0.16326202 -0.21752186  0.31152543  0.0374572  -0.01981435 -0.08974431  0.17484899  0.10493001  0.06070425 -0.13537212]]
R:
[[6.73583243e-04 5.66082075e-04 3.70912533e-03 1.65664637e-03 6.49561232e-04 5.98833722e-04 4.68256680e-04 1.71265565e-03 1.05935556e-03 9.88905787e-01]
 [8.39395449e-04 5.72777295e-04 5.03716292e-03 2.33577937e-03 7.69914186e-04 4.56975627e-04 4.29746433e-04 2.05133227e-03 1.06245303e-03 9.86444533e-01]
 [3.37768439e-03 2.16662255e-03 2.74722967e-02 1.25876348e-02 2.41384935e-03 2.43362272e-03 2.28729914e-03 1.66963059e-02 5.10293664e-03 9.25461709e-01]
 [1.80818588e-02 1.29624195e-02 8.84058103e-02 5.19309454e-02 1.08591998e-02 2.03128606e-02 1.05998293e-02 6.74535409e-02 3.05598713e-02 6.88833654e-01]
 [1.34854913e-02 1.16547737e-02 7.64942095e-02 3.60024907e-02 7.14835944e-03 3.47232744e-02 1.20967673e-02 5.87644055e-02 3.14442888e-02 7.18185961e-01]
 [1.66765898e-02 1.14406785e-02 8.53739381e-02 4.26126868e-02 7.96916150e-03 5.81914596e-02 1.54072782e-02 5.92608750e-02 3.79177779e-02 6.65149570e-01]
 [2.97194514e-02 3.05621177e-02 8.60774592e-02 8.55285823e-02 2.17389222e-02 9.68858078e-02 2.50855219e-02 1.12707622e-01 4.73996252e-02 4.64294940e-01]
 [2.08246559e-02 2.23476142e-02 9.10126567e-02 5.15899174e-02 1.19473487e-02 1.24469660e-01 2.19264198e-02 9.56996977e-02 6.48816973e-02 4.95300412e-01]
 [1.94744412e-02 1.82921272e-02 1.04248688e-01 4.98450100e-02 1.33499084e-02 1.30865559e-01 2.28480157e-02 9.01952088e-02 4.63757738e-02 5.04505336e-01]
 [2.87581570e-02 3.37871648e-02 1.01235971e-01 5.43238632e-02 1.38793094e-02 2.21488714e-01 2.65918989e-02 1.07609525e-01 5.01875207e-02 3.62137854e-01]
 [2.83633675e-02 3.26065384e-02 9.93820801e-02 7.45201036e-02 1.87657923e-02 2.06458002e-01 3.02278977e-02 1.16312563e-01 6.11477494e-02 3.32215935e-01]
 [3.22548784e-02 4.11875360e-02 1.01355307e-01 7.38017187e-02 1.65503826e-02 2.04406530e-01 3.92151810e-02 1.29046589e-01 1.03600211e-01 2.58581758e-01]
 [2.93054655e-02 2.43890770e-02 5.96335568e-02 4.42039333e-02 1.76183283e-02 3.67984831e-01 2.89142895e-02 1.27383187e-01 7.39388391e-02 2.26628497e-01]
 [2.68194303e-02 2.84700338e-02 6.73906282e-02 3.08702756e-02 1.30040813e-02 5.19715965e-01 4.31292057e-02 9.35497731e-02 4.82442193e-02 1.28806427e-01]
 [2.44493037e-02 2.39919070e-02 7.35837594e-02 4.45674770e-02 1.70785319e-02 4.08247471e-01 3.14041041e-02 9.04340893e-02 4.89425771e-02 2.37300739e-01]]
cosine similarity of topic:
[[ 1.0000001e+00 -1.8328255e-05 -6.3862062e-06  3.0642996e-06  8.0544605e-06  1.9014866e-05  4.8198002e-05 -6.7623194e-05  3.6960697e-05  2.6255524e-05]
 [-1.8328255e-05  9.9999976e-01 -1.2698916e-05  2.3481309e-05 -8.2584178e-05 -5.9562676e-06 -7.9987993e-05  1.3610061e-04 -4.7528674e-06  2.4202116e-05]
 [-6.3862062e-06 -1.2698916e-05  1.0000002e+00  1.2061506e-05  3.8540958e-05  4.2039610e-06 -1.3876552e-05  5.9443686e-05 -2.3841299e-05  1.9211560e-05]
 [ 3.0642996e-06  2.3481309e-05  1.2061506e-05  9.9999982e-01 -3.2652904e-05  3.0514568e-05 -3.0067283e-01  1.4366474e-04  3.4396304e-05  7.6461867e-05]
 [ 8.0544605e-06 -8.2584178e-05  3.8540958e-05 -3.2652904e-05  1.0000002e+00 -5.2578355e-07  6.7673900e-05 -5.0795265e-05  3.5300662e-05 -2.9853556e-05]
 [ 1.9014866e-05 -5.9562676e-06  4.2039610e-06  3.0514568e-05 -5.2578355e-07  9.9999994e-01  6.6847926e-05  4.5029796e-05  6.6575267e-05 -4.9484934e-05]
 [ 4.8198002e-05 -7.9987993e-05 -1.3876552e-05 -3.0067283e-01  6.7673900e-05  6.6847926e-05  9.9999994e-01 -4.3042728e-06  1.6835276e-05 -6.3184045e-05]
 [-6.7623194e-05  1.3610061e-04  5.9443686e-05  1.4366474e-04 -5.0795265e-05  4.5029796e-05 -4.3042728e-06  1.0000005e+00  5.3091448e-05 -5.1548741e-05]
 [ 3.6960697e-05 -4.7528674e-06 -2.3841299e-05  3.4396304e-05  3.5300662e-05  6.6575267e-05  1.6835276e-05  5.3091448e-05  1.0000002e+00  1.7437107e-05]
 [ 2.6255524e-05  2.4202116e-05  1.9211560e-05  7.6461867e-05 -2.9853556e-05 -4.9484934e-05 -6.3184045e-05 -5.1548741e-05  1.7437107e-05  9.9999976e-01]]
