hidden representaion(r*topic):
[[-0.44897202  0.0704842   0.03246716 -0.34362358 -0.04418626  0.39749858  0.29820752 -0.01745349  0.2493872  -0.02495635 -0.09672822  0.01197069  0.07447735  0.3891356  -0.14756736]
 [-0.46862364  0.07112416  0.04273469 -0.3587485  -0.04328312  0.4205721   0.3143955  -0.01555226  0.26388124 -0.03002648 -0.10049454  0.01672662  0.07349534  0.4118302  -0.15367058]
 [-0.3736274   0.05961039 -0.02981689 -0.28821343 -0.05702414  0.31611663  0.2485479  -0.00641916  0.2261972  -0.03959924 -0.07950311 -0.01134268  0.05691709  0.32156497 -0.10976794]
 [-0.2879687   0.04152021 -0.1020282  -0.22984332 -0.0779255   0.23605095  0.19079055 -0.00128554  0.18410385 -0.05087014 -0.06315082 -0.04022064  0.03907279  0.25496522 -0.06058974]
 [-0.24399225  0.0472109  -0.05096283 -0.1957805  -0.06094435  0.2102677   0.15772273 -0.02166926  0.16983192 -0.02781849 -0.11339775 -0.00914357  0.03240957  0.26018775 -0.04257765]
 [-0.23029917  0.050763   -0.05800635 -0.1864394  -0.07047123  0.19699436  0.16660488 -0.02461335  0.1770137  -0.02708321 -0.10661787  0.00158718  0.02064091  0.25591838 -0.04144792]
 [-0.13814375  0.05493353 -0.04631102 -0.10985526 -0.08442653  0.10161914  0.14537422 -0.08165142  0.16537893  0.02616013 -0.11199501  0.06711074 -0.01802319  0.13598724 -0.012743  ]
 [-0.04047785  0.01693922 -0.13485838 -0.08702128 -0.11023328  0.08431172 -0.01233023 -0.05484913 -0.0681946   0.0445956  -0.13281952 -0.0492824   0.03586913  0.20009792  0.06740671]
 [-0.16608132  0.05820895 -0.03662283 -0.12111614 -0.05957814  0.14162119  0.11599263 -0.10084774  0.09142557  0.04592584 -0.11568885  0.01265346  0.03482987  0.1419104  -0.02037208]
 [-0.11731257  0.01864035 -0.08407241 -0.1285957  -0.10093537  0.06276842  0.09193805 -0.03917783  0.11933992  0.01220754 -0.08422031  0.04675026  0.00177723  0.1391415  -0.01231438]
 [-0.10514017  0.01988099 -0.08152027 -0.11165413 -0.09250895  0.04735376  0.08467571 -0.04882995  0.11706512  0.00703119 -0.07424392  0.04704418 -0.00122682  0.11288986 -0.00997301]
 [ 0.00341096  0.04271942 -0.1339153  -0.05729752 -0.15954828  0.03541259  0.08819584 -0.04972388  0.07911617  0.02585077 -0.13496694  0.05965805 -0.06340605  0.22718005  0.06480715]
 [-0.04679669  0.04734734 -0.08860719 -0.06444901 -0.13586706  0.06046883  0.14711218 -0.08069223  0.1675998   0.00900154 -0.12588091  0.09407827 -0.07800493  0.18542674  0.03928136]
 [-0.00116715  0.05681996 -0.02889365  0.00875106 -0.11613148  0.04293316  0.16323736 -0.17332006  0.20083606  0.03114766 -0.16408762  0.14891742 -0.11942087  0.10479368  0.07434969]
 [ 0.02845897  0.05556878 -0.12651381 -0.02854024 -0.1607286  -0.00268536  0.08960784 -0.07282537  0.08378873  0.05641759 -0.13668317  0.08516236 -0.07321475  0.16904326  0.06441084]]
R_hid(hidden representaion to predict r):
[[2.2349727  0.         0.91991186 1.7089968  1.4457946  1.3832855  1.2626334  1.7492064  0.         0.8301457  0.         1.0996871  1.7426833  0.         0.        ]
 [1.573485   0.         0.         1.8892688  1.8197961  1.7709266  1.2577158  1.8761737  0.         0.         0.         1.9273677  0.         0.         0.17598847]
 [1.3865547  0.6290693  0.         0.8980515  1.0150361  1.5508046  0.20574808 0.         0.         1.4499143  1.006604   0.74002475 1.5742913  0.         0.        ]
 [0.14809622 0.         0.         0.16653821 0.5767733  1.7129662  0.         1.2716504  0.11800218 0.         0.         1.0364319  0.         0.         0.03018352]
 [0.         0.6134036  1.2891138  1.2797465  1.2006725  0.         0.         0.6085794  0.         0.41200826 0.04555865 0.         0.         0.5323366  0.36426207]
 [0.         1.2743065  0.         0.75341994 0.7131179  0.         0.         0.         0.         0.9412298  0.4850433  0.         0.         0.4110999  0.        ]
 [0.         0.41680875 0.         0.         0.         0.         0.67830926 0.         0.1350666  0.         0.         0.02381637 1.0473535  0.         0.        ]
 [0.         0.         1.3156785  0.         0.         0.         0.5004607  0.         0.         0.41841367 0.4438797  0.         0.         1.4597921  0.71784794]
 [0.         0.33561265 2.0815463  0.         0.         0.         0.41755393 0.         0.         1.1103276  0.         1.1633493  0.5853418  0.         0.62946606]
 [0.         1.3847172  0.         0.         0.         0.         1.3370668  0.         0.         0.         1.0255817  0.         0.50982827 0.         0.        ]
 [0.         1.3800995  0.         0.         0.         0.         0.20560174 0.         0.25626096 0.         1.0160602  0.         0.         0.         0.        ]
 [0.         0.         0.         0.         0.         0.         0.         0.         0.29530084 0.49682462 1.3374636  0.         0.34030458 1.8017156  0.6570868 ]
 [0.         0.5170906  0.12424005 0.         0.         0.         0.         0.0287374  0.9690996  0.         0.48515657 0.         0.24427857 0.         0.        ]
 [0.9265762  0.         0.         0.         0.         0.         0.         0.         2.0845015  0.787359   0.         0.         0.30653024 1.0053672  0.467138  ]
 [0.         0.         0.38400757 0.         0.         0.         0.49296972 0.5822904  2.1415207  0.         0.7807302  0.8256566  0.         1.2621185  2.761756  ]]
topics:
[[-1.72747463e-01 -6.55107154e-03  2.49899164e-01  6.35228083e-02  1.15128517e-01  2.40699142e-01  1.61447391e-01 -4.88452971e-01  2.47570276e-01  1.05266143e-02 -2.22431496e-01  1.27371669e-01 -5.11011928e-02 -2.22474530e-01  1.06332697e-01]
 [-7.50511959e-02  4.06874977e-02  2.62028482e-02 -9.89938974e-02  1.09439507e-01 -1.07180201e-01 -1.93561181e-01  1.57526597e-01  2.38923486e-02 -8.52086321e-02  3.99783887e-02  8.87618661e-02 -1.00592272e-02 -1.11074395e-01 -1.60532054e-02]
 [-1.13245852e-01  2.98880190e-02 -6.53862357e-01 -7.33860061e-02 -2.48720348e-01  8.80762115e-02  2.73381054e-01  1.27973497e-01  2.83432454e-01 -3.58178228e-01  2.21298486e-01 -2.93322861e-01 -1.37309760e-01  1.63182452e-01  8.63303915e-02]
 [ 1.04753971e-01  9.85286534e-02 -1.21804453e-01  9.23514552e-03 -2.56378591e-01 -4.41429503e-02  2.68047035e-01 -5.70653081e-02  3.19768220e-01  1.08298277e-02 -1.60661831e-01  2.65821964e-01 -2.50206530e-01  3.05157065e-01  7.49837905e-02]
 [ 1.77503362e-01 -4.81925867e-02 -2.44980901e-01  1.39128594e-02 -1.38357326e-01 -1.60373449e-02 -3.16392660e-01 -9.67666730e-02 -5.12819171e-01  1.52421728e-01 -1.67198732e-01 -2.05720007e-01  1.35193259e-01  1.46129340e-01  2.10557804e-01]
 [-5.05976200e-01  7.42414221e-02  6.60841390e-02 -3.88497889e-01 -4.18212861e-02  4.59996372e-01  3.42796952e-01 -1.69130191e-02  2.79924959e-01 -2.76304539e-02 -1.03222348e-01  2.88635194e-02  7.81226233e-02  4.46107626e-01 -1.71810284e-01]
 [-1.07109085e-01  1.59605339e-01 -8.70460048e-02 -5.27591212e-03 -3.57995927e-03 -4.91990112e-02  4.41118218e-02 -1.20278761e-01  1.23651130e-02  1.60663784e-01 -5.85140586e-02 -5.63778877e-02  1.13791116e-01 -1.37915924e-01 -8.47963393e-02]
 [-1.28805831e-01 -6.43812120e-02  5.10398299e-04 -2.08240092e-01 -8.99783149e-02 -2.34888583e-01 -2.30835900e-02 -7.53760412e-02 -9.34728161e-02  1.35849223e-01  1.62942827e-01  2.55241822e-02  3.34617853e-01  2.95852236e-02 -3.69468123e-01]
 [-5.20957373e-02  3.14018168e-02 -1.04896411e-01 -2.54522776e-03  2.19626687e-02 -1.67476293e-02 -5.23193628e-02  1.27071366e-02  1.65247232e-01 -9.50443223e-02 -1.89205185e-01 -9.76941064e-02  1.77501421e-02  6.42813519e-02  7.34785125e-02]
 [-3.03560168e-01 -3.01769525e-01 -4.63815685e-03 -5.05334020e-01 -1.40878305e-01  8.22884366e-02 -1.88297704e-01  1.85691774e-01  2.75689084e-02  1.35143802e-01 -1.86968356e-01  1.81875989e-01  1.23953469e-01  1.84099451e-02 -3.62551981e-03]]
R:
[[1.45856885e-03 3.09934351e-03 2.21624635e-02 1.07980683e-03 1.31395264e-02 8.68240654e-01 4.32281680e-02 5.90725150e-03 3.55149209e-02 6.16925769e-03]
 [7.37055962e-04 8.62117158e-04 1.64069906e-02 1.09747564e-03 6.90323114e-03 9.14837480e-01 1.80028304e-02 1.70014892e-03 3.61705013e-02 3.28216469e-03]
 [2.61327857e-03 9.67420544e-03 8.47879574e-02 1.29991742e-02 1.75854154e-02 6.85790598e-01 6.71020970e-02 1.19796339e-02 8.35733116e-02 2.38943286e-02]
 [1.45178456e-02 6.50402391e-03 1.58327326e-01 2.52002478e-02 5.60837910e-02 4.92665172e-01 7.76861534e-02 1.55557347e-02 1.05573729e-01 4.78859618e-02]
 [1.97672974e-02 1.46215027e-02 4.65608351e-02 8.94167125e-02 8.41547549e-02 4.68384743e-01 3.19586694e-02 1.45062776e-02 2.13871494e-01 1.67576335e-02]
 [2.30404399e-02 1.84686966e-02 5.66334426e-02 1.25585914e-01 7.51622543e-02 4.43154037e-01 4.14832160e-02 2.00958326e-02 1.82341963e-01 1.40342694e-02]
 [1.11357197e-01 3.06700692e-02 3.78621146e-02 2.60151118e-01 4.72605303e-02 2.10947320e-01 1.91321507e-01 1.87722426e-02 3.78182791e-02 5.38395755e-02]
 [1.98023338e-02 1.95247661e-02 3.40583660e-02 1.57785863e-01 4.05058742e-01 2.07873061e-01 3.95845659e-02 5.92267420e-03 9.35669914e-02 1.68226752e-02]
 [1.12254977e-01 1.41919423e-02 1.69764757e-02 1.31017238e-01 1.43026114e-01 2.96720475e-01 2.20371395e-01 1.64273698e-02 3.14868204e-02 1.75271910e-02]
 [7.01663420e-02 5.79908937e-02 7.66549781e-02 2.28564352e-01 8.69890824e-02 1.60007611e-01 9.29725245e-02 7.95392394e-02 5.67848720e-02 9.03301314e-02]
 [9.69796702e-02 8.51114988e-02 8.61440003e-02 2.22104669e-01 8.09635147e-02 1.24692142e-01 9.03247297e-02 9.22891721e-02 4.62130941e-02 7.51775354e-02]
 [1.39047354e-02 1.49173681e-02 3.65689285e-02 4.40823287e-01 2.38432616e-01 1.24358110e-01 2.95058284e-02 1.09183835e-02 6.98144138e-02 2.07563397e-02]
 [1.05645612e-01 1.79940164e-02 5.37904501e-02 4.31618571e-01 1.08379222e-01 1.28616080e-01 5.16491719e-02 2.28474103e-02 4.81828824e-02 3.12765911e-02]
 [2.66195089e-01 3.24044726e-03 8.82259384e-03 5.13621569e-01 7.66943470e-02 1.33316256e-02 8.83171931e-02 1.50518760e-03 1.44094927e-02 1.38625028e-02]
 [3.55106257e-02 7.24155083e-03 2.24257335e-02 4.86800134e-01 1.99808225e-01 3.76397036e-02 1.58912465e-01 1.28157844e-03 1.08953007e-02 3.94847505e-02]]
cosine similarity of topic:
[[ 9.9999940e-01  1.3593528e-06  3.6185469e-05 -7.4565273e-06 -2.2701979e-05 -2.2447386e-05  5.1677933e-05 -1.7301521e-06  6.7907808e-05 -2.2582361e-05]
 [ 1.3593528e-06  9.9999970e-01 -5.3895375e-05 -2.3521614e-05  1.3001088e-05 -4.3808132e-06 -4.9220187e-05  4.7706046e-05  1.0317984e-05  6.4620261e-05]
 [ 3.6185469e-05 -5.3895375e-05  9.9999988e-01 -5.8972459e-05 -7.3203751e-06 -2.7831426e-05 -2.5890947e-06  6.1404848e-05 -4.1104404e-06 -1.3488512e-05]
 [-7.4565273e-06 -2.3521614e-05 -5.8972459e-05  1.0000001e+00  3.7336838e-06 -3.6643705e-05 -4.5628954e-06 -3.8132526e-05  6.0066930e-05 -1.1406737e-06]
 [-2.2701979e-05  1.3001088e-05 -7.3203751e-06  3.7336838e-06  9.9999982e-01 -2.6349016e-05 -4.6115205e-05 -3.7441221e-06 -1.8237586e-05 -1.1056525e-04]
 [-2.2447386e-05 -4.3808132e-06 -2.7831426e-05 -3.6643705e-05 -2.6349016e-05  1.0000000e+00 -1.5446978e-05  4.6607496e-05 -2.0618130e-05 -3.1642834e-05]
 [ 5.1677933e-05 -4.9220187e-05 -2.5890947e-06 -4.5628954e-06 -4.6115205e-05 -1.5446978e-05  1.0000000e+00 -8.5408654e-05 -1.6869602e-05 -6.1426923e-05]
 [-1.7301521e-06  4.7706046e-05  6.1404848e-05 -3.8132526e-05 -3.7441221e-06  4.6607496e-05 -8.5408654e-05  1.0000000e+00  7.2971561e-05 -3.8408401e-05]
 [ 6.7907808e-05  1.0317984e-05 -4.1104404e-06  6.0066930e-05 -1.8237586e-05 -2.0618130e-05 -1.6869602e-05  7.2971561e-05  1.0000000e+00  5.3576052e-05]
 [-2.2582361e-05  6.4620261e-05 -1.3488512e-05 -1.1406737e-06 -1.1056525e-04 -3.1642834e-05 -6.1426923e-05 -3.8408401e-05  5.3576052e-05  1.0000000e+00]]
