hidden representaion(r*topic):
[[-1.91842914e-01  2.58270837e-02 -5.38560748e-01 -2.18535826e-01 -2.36253098e-01  1.19549260e-01  2.13837117e-01  2.02660277e-01  1.33615121e-01 -4.03287858e-01  2.12958142e-01 -2.17344820e-01 -1.03676528e-01  1.71425685e-01  5.89337014e-02]
 [-1.91908598e-01  2.60516964e-02 -5.32904983e-01 -2.16539904e-01 -2.34541267e-01  1.21049568e-01  2.13057607e-01  1.97625965e-01  1.34873629e-01 -4.01186645e-01  2.10368797e-01 -2.14420065e-01 -1.03500955e-01  1.68643445e-01  6.01044782e-02]
 [-1.92155510e-01  2.59670708e-02 -5.15267670e-01 -2.11569563e-01 -2.28906363e-01  1.24284022e-01  2.09640786e-01  1.83986515e-01  1.37654245e-01 -3.92650455e-01  2.01460764e-01 -2.05069527e-01 -1.01818517e-01  1.61101252e-01  6.23589642e-02]
 [-1.93327725e-01  2.70933788e-02 -4.35586512e-01 -1.86860055e-01 -2.03991786e-01  1.41744703e-01  1.96080029e-01  1.18479125e-01  1.52490407e-01 -3.57841879e-01  1.62750721e-01 -1.63369477e-01 -9.62916091e-02  1.24946296e-01  7.51209110e-02]
 [-1.92946211e-01  2.60464437e-02 -4.32194620e-01 -1.87407523e-01 -2.02118561e-01  1.39402628e-01  1.93594217e-01  1.19259492e-01  1.50971383e-01 -3.52853984e-01  1.59590051e-01 -1.61487773e-01 -9.39765275e-02  1.25496194e-01  7.31187463e-02]
 [-1.92919225e-01  2.44974215e-02 -3.88821006e-01 -1.77367449e-01 -1.87008232e-01  1.42803207e-01  1.82686105e-01  9.08724889e-02  1.53995648e-01 -3.26585591e-01  1.35816008e-01 -1.38261914e-01 -8.66530612e-02  1.09966613e-01  7.47181550e-02]
 [-1.95795700e-01  2.86228210e-02 -2.05594435e-01 -1.17750473e-01 -1.31006286e-01  1.87380478e-01  1.54387787e-01 -6.50906712e-02  1.91842839e-01 -2.52314180e-01  4.90878858e-02 -4.22023647e-02 -7.77178332e-02  2.37171799e-02  1.08308181e-01]
 [-1.91525415e-01  2.35755723e-02 -3.31904978e-01 -1.61376193e-01 -1.67507246e-01  1.48114100e-01  1.69005021e-01  5.04535735e-02  1.59152463e-01 -2.94466645e-01  1.05272196e-01 -1.08462021e-01 -7.84426257e-02  8.83033350e-02  7.89583400e-02]
 [-1.89574018e-01  1.94735322e-02 -2.56149918e-01 -1.45249084e-01 -1.39616191e-01  1.48834512e-01  1.46405667e-01  5.94771933e-03  1.61641240e-01 -2.45114133e-01  6.28780201e-02 -6.77653626e-02 -6.37479648e-02  6.35674074e-02  7.84928277e-02]
 [-1.96325943e-01  2.93706357e-02 -1.93850517e-01 -1.13480136e-01 -1.27557948e-01  1.91467091e-01  1.53037176e-01 -7.64417872e-02  1.95140675e-01 -2.48728037e-01  4.39243540e-02 -3.64982858e-02 -7.76078328e-02  1.73524301e-02  1.11282617e-01]
 [-1.96070731e-01  2.91095525e-02 -2.24776164e-01 -1.22740626e-01 -1.37538359e-01  1.85619444e-01  1.58792064e-01 -5.20316698e-02  1.90075204e-01 -2.63213128e-01  5.93303442e-02 -5.26419282e-02 -8.03549811e-02  3.06868348e-02  1.07121862e-01]
 [-1.81614935e-01  1.26427505e-02 -1.47759378e-01 -1.20329835e-01 -9.94451419e-02  1.42973036e-01  1.11511968e-01 -5.44358864e-02  1.57924607e-01 -1.68739170e-01  6.95178285e-04 -8.10589269e-03 -4.06670012e-02  3.22714746e-02  7.54494965e-02]
 [-1.92226604e-01  2.43165754e-02 -1.46016821e-01 -1.06504254e-01 -1.07733414e-01  1.82237655e-01  1.33774102e-01 -9.44991782e-02  1.88770264e-01 -2.07310379e-01  1.33517953e-02 -1.01895090e-02 -6.26474023e-02  9.25784465e-03  1.03465900e-01]
 [-1.90322533e-01  2.40130723e-02  2.50663317e-04 -6.29222095e-02 -5.79947494e-02  2.02390611e-01  1.02125235e-01 -2.03812167e-01  2.08322957e-01 -1.35571256e-01 -5.89448363e-02  6.76514804e-02 -4.86173816e-02 -5.43596596e-02  1.20216608e-01]
 [-1.97042972e-01  2.99901254e-02 -1.38175283e-02 -5.97306862e-02 -6.95345849e-02  2.24154189e-01  1.18981205e-01 -2.17195556e-01  2.23978370e-01 -1.63908780e-01 -4.57493886e-02  5.88328950e-02 -6.21724054e-02 -6.03581630e-02  1.35537311e-01]]
R_hid(hidden representaion to predict r):
[[0.1678602  0.11277763 0.         1.7800567  0.9252268  1.6487314  0.         0.         0.         0.4827796  0.         0.32170302 0.6988693  0.5303426  0.        ]
 [0.46631292 0.         0.         2.1244602  0.9153429  2.4697409  0.         0.         0.         0.69192535 0.         0.         0.67864126 0.56698287 0.        ]
 [0.20057817 0.2731093  0.         1.5910307  0.8902318  1.7278594  0.         0.         0.         0.38254708 0.         0.         0.4628288  0.52674836 0.        ]
 [0.6139781  0.04924063 0.         1.8027581  0.4507631  2.0845687  0.         0.         0.         0.5903742  0.         0.         0.3662139  0.01145471 0.        ]
 [0.50923556 0.29035056 0.         1.1350564  0.7020044  1.2538245  0.         0.         0.         0.15104471 0.         0.         0.11811016 0.19093627 0.        ]
 [0.6008461  0.262572   0.         1.1959903  0.4554677  1.3088769  0.         0.         0.         0.         0.         0.01354203 0.0032196  0.2243257  0.        ]
 [0.48984915 0.27433634 0.         1.5446008  0.02638556 1.4497356  0.         0.0589252  0.05808162 0.         0.18013118 0.         0.         0.08555806 0.        ]
 [0.7860906  0.18948887 0.         0.64566326 0.46466786 1.108379   0.         0.         0.         0.05775991 0.         0.         0.         0.2134276  0.        ]
 [0.39583692 0.21025605 0.         0.82699025 0.2158635  0.         0.         0.         0.         0.08082188 0.07270855 0.         0.         0.         0.        ]
 [0.54439205 0.09544498 0.         1.8521179  0.         1.4677804  0.         0.         0.         0.13087006 0.05528932 0.         0.         0.02968538 0.        ]
 [0.         0.08942968 0.         2.0701027  0.         1.6691042  0.13132814 0.         0.         0.02829901 0.24292047 0.14479284 0.         0.         0.        ]
 [0.33220756 0.         0.         0.46883866 0.         0.58961105 0.         0.         0.04920051 0.         0.         0.         0.         0.         0.        ]
 [0.17347452 0.         0.04263624 1.0850728  0.         0.80317897 0.08123777 0.         0.01487505 0.2302203  0.         0.         0.         0.         0.        ]
 [0.37116238 0.         0.06620282 0.9848425  0.         0.77734774 0.04007417 0.01976907 0.21376571 0.1538291  0.         0.06528008 0.         0.         0.36515424]
 [0.6045272  0.17611517 0.         1.3703136  0.         0.92936593 0.2464237  0.13529813 0.14033261 0.17314263 0.         0.23118243 0.         0.         0.22007392]]
topics:
[[-0.20434488  0.03584563  0.30403525  0.04006236  0.02756107  0.30116588  0.06846281 -0.4858746   0.28767818 -0.03096189 -0.19783495  0.22458144 -0.04295277 -0.20902278  0.19113943]
 [-0.05280196  0.02118346  0.00110279 -0.07015739  0.17239192 -0.14897996 -0.15463027  0.16099031  0.02858535 -0.06617498  0.02114626  0.07402703 -0.03458257 -0.11471885 -0.04261683]
 [-0.19150753  0.02577165 -0.5601018  -0.22482604 -0.24307704  0.11527289  0.21781407  0.21974266  0.12996256 -0.41331384  0.2236781  -0.22869158 -0.10552491  0.18087666  0.05590695]
 [ 0.05154571 -0.03968172 -0.02827519  0.10408748 -0.06795534 -0.10747681  0.19782841  0.05788308  0.11109155  0.03237875 -0.25016317  0.31265226 -0.16935425  0.21911538  0.12958203]
 [ 0.17217413 -0.01265397 -0.26702535 -0.01256509 -0.17696656 -0.00741926 -0.2602796  -0.09310663 -0.45865446  0.14178929 -0.13283543 -0.2145797   0.11907403  0.1845837   0.1888724 ]
 [-0.49100953  0.07905284  0.01208992 -0.40662903 -0.08330632  0.45647222  0.32600543 -0.02085918  0.26240864 -0.05417328 -0.0772608   0.0213009   0.08204171  0.41211665 -0.17741984]
 [-0.14797218  0.05176309  0.00800172 -0.00321435  0.10187465 -0.08786776  0.00842946 -0.03450875 -0.08632378  0.1554461  -0.13102692  0.06160784  0.14568697 -0.15015638 -0.03799228]
 [-0.12949303 -0.0733412   0.00599195 -0.18556498 -0.07274338 -0.25457478 -0.0468597  -0.07890488 -0.09889452  0.14074285  0.15780145  0.02068371  0.3381383   0.01266859 -0.347642  ]
 [-0.05190386  0.03848497 -0.1183404   0.01045843  0.0190947  -0.03250235 -0.0338295  -0.01362061  0.20980379 -0.07997448 -0.18319719 -0.1073398   0.00836486  0.07503814  0.07401356]
 [-0.27199337 -0.2762599  -0.02524126 -0.45188934 -0.14212702  0.06661361 -0.15219897  0.12408566  0.09569559  0.1600563  -0.18912794  0.16613565  0.09998778  0.0284729  -0.01057124]]
R:
[[2.3679355e-02 1.0128933e-04 9.7428900e-01 1.3181311e-04 3.2635213e-05 3.3989231e-04 3.8473433e-04 6.4889442e-05 3.1913668e-04 6.5722124e-04]
 [3.1245390e-02 1.4504032e-05 9.6838033e-01 1.4972518e-05 4.6229729e-06 4.1956202e-05 8.2866609e-05 9.0948115e-06 8.0408739e-05 1.2582872e-04]
 [4.9799778e-02 2.2182788e-04 9.4680780e-01 3.1492396e-04 8.0186794e-05 5.3194817e-04 5.9306918e-04 1.3165083e-04 4.6535692e-04 1.0534491e-03]
 [1.4304365e-01 1.3012790e-04 8.5520846e-01 1.2904988e-04 3.4881585e-05 2.9557353e-04 2.0630314e-04 5.6734825e-05 4.6384556e-04 4.3137465e-04]
 [1.3767053e-01 1.2745607e-03 8.4514999e-01 1.4300668e-03 5.2212132e-04 2.6755766e-03 2.5172727e-03 1.0222858e-03 3.9325692e-03 3.8050429e-03]
 [1.6958836e-01 3.7258319e-03 7.8333884e-01 4.3252320e-03 1.8442746e-03 7.7592302e-03 8.3660185e-03 2.9655755e-03 7.9880813e-03 1.0098575e-02]
 [3.9866403e-01 2.5471470e-03 5.8226591e-01 3.0196137e-03 7.4399996e-04 2.8584329e-03 2.0155106e-03 1.3713714e-03 3.0870442e-03 3.4269756e-03]
 [2.1785186e-01 5.8068107e-03 7.0512331e-01 8.0177300e-03 4.2870878e-03 1.1437512e-02 1.2556439e-02 6.1903470e-03 1.4870029e-02 1.3858871e-02]
 [2.6209140e-01 1.6600082e-02 5.8926648e-01 1.5250629e-02 7.6652151e-03 2.2039488e-02 2.0640913e-02 1.2171044e-02 2.6429990e-02 2.7844749e-02]
 [4.1645157e-01 1.7442114e-03 5.7124186e-01 1.4108906e-03 4.7009843e-04 1.9180663e-03 1.2575197e-03 7.3365716e-04 2.8633585e-03 1.9087109e-03]
 [3.8306296e-01 1.2453349e-03 6.0866809e-01 1.0396343e-03 2.3072535e-04 1.1143802e-03 7.5721397e-04 4.0615036e-04 1.8188081e-03 1.6566534e-03]
 [3.1394637e-01 3.4697704e-02 4.1426632e-01 3.5442565e-02 1.9172007e-02 3.8177863e-02 3.1835247e-02 2.5860103e-02 4.0610965e-02 4.5990866e-02]
 [4.1694710e-01 1.3712770e-02 4.7946995e-01 1.3231767e-02 6.6706543e-03 1.6692515e-02 1.0752402e-02 9.0433666e-03 1.7058915e-02 1.6420515e-02]
 [5.6426829e-01 2.7825903e-02 2.9673401e-01 1.8377401e-02 8.1516346e-03 1.8021606e-02 1.3802659e-02 1.2911149e-02 1.9745387e-02 2.0162035e-02]
 [6.0969913e-01 6.8306904e-03 3.5317019e-01 6.2783342e-03 1.7262917e-03 5.1498981e-03 3.1211935e-03 2.7461343e-03 6.0620271e-03 5.2160574e-03]]
cosine similarity of topic:
[[ 9.9999994e-01 -1.8196921e-05  5.9399317e-06  4.2381100e-05  4.0216528e-05 -1.3594446e-07 -2.7222368e-05 -5.2308769e-06  3.3535885e-05 -4.5065328e-05]
 [-1.8196921e-05  1.0000000e+00 -8.2449160e-06  3.2096501e-05 -6.3481144e-05 -8.7342829e-05 -1.3071989e-05 -3.2999196e-05  3.3207169e-05 -3.3306558e-05]
 [ 5.9399317e-06 -8.2449160e-06  9.9999976e-01  5.6741279e-05 -1.7513639e-05  6.7869877e-08 -9.1894995e-05 -3.4120338e-05  3.5377099e-05 -4.7082129e-05]
 [ 4.2381100e-05  3.2096501e-05  5.6741279e-05  9.9999988e-01 -2.7669574e-05 -2.5096049e-05 -1.6808089e-02 -3.7206504e-05 -7.3880328e-05 -6.0664275e-05]
 [ 4.0216528e-05 -6.3481144e-05 -1.7513639e-05 -2.7669574e-05  9.9999964e-01 -2.0595851e-05 -8.0875725e-05 -1.4513491e-04  7.3271003e-05 -3.9609527e-05]
 [-1.3594446e-07 -8.7342829e-05  6.7869877e-08 -2.5096049e-05 -2.0595851e-05  1.0000005e+00  2.1830040e-06 -1.7327744e-05 -7.2016635e-05  5.9213830e-06]
 [-2.7222368e-05 -1.3071989e-05 -9.1894995e-05 -1.6808089e-02 -8.0875725e-05  2.1830040e-06  1.0000000e+00  6.6216613e-05  1.2591909e-04 -1.4739299e-04]
 [-5.2308769e-06 -3.2999196e-05 -3.4120338e-05 -3.7206504e-05 -1.4513491e-04 -1.7327744e-05  6.6216613e-05  9.9999982e-01  1.3945478e-06  7.0579532e-05]
 [ 3.3535885e-05  3.3207169e-05  3.5377099e-05 -7.3880328e-05  7.3271003e-05 -7.2016635e-05  1.2591909e-04  1.3945478e-06  1.0000005e+00  3.5937189e-06]
 [-4.5065328e-05 -3.3306558e-05 -4.7082129e-05 -6.0664275e-05 -3.9609527e-05  5.9213830e-06 -1.4739299e-04  7.0579532e-05  3.5937189e-06  9.9999988e-01]]
