hidden representaion(r*topic):
[[-1.18366972e-01 -2.47072205e-01 -4.71595414e-02  1.34519428e-01 -2.28463218e-01  8.93377233e-03 -1.22964241e-01  3.89505588e-02  1.66984886e-01  8.20767358e-02 -3.79987538e-01  3.71474385e-01 -1.84500948e-01  2.64749199e-01  1.33209541e-01]
 [-1.19386442e-01 -2.48959765e-01 -4.69403118e-02  1.36042818e-01 -2.30095968e-01  9.62020550e-03 -1.22792706e-01  3.92308161e-02  1.69532210e-01  8.24845806e-02 -3.82860929e-01  3.74889523e-01 -1.86581418e-01  2.66925216e-01  1.33934245e-01]
 [-1.14190206e-01 -2.29839429e-01 -4.41979542e-02  1.19564570e-01 -2.07954943e-01  7.22193799e-04 -1.25808731e-01  4.53709252e-02  1.52467713e-01  7.22478852e-02 -3.50280643e-01  3.45761657e-01 -1.70098811e-01  2.38004044e-01  1.25161573e-01]
 [-1.04215451e-01 -1.56081304e-01 -1.77069586e-02  4.96830121e-02 -1.08190291e-01 -4.15739417e-02 -1.45542935e-01  8.65089074e-02  9.37310308e-02  2.28595417e-02 -2.05688968e-01  2.47220084e-01 -1.11033820e-01  1.02730706e-01  8.26033130e-02]
 [-1.50714582e-02 -1.54685959e-01 -1.12675786e-01  7.10497126e-02 -1.88787639e-01 -1.28524248e-02 -1.52948946e-01  2.05575349e-03 -4.74652797e-02  9.78666991e-02 -2.71135986e-01  1.54915512e-01 -7.07933009e-02  2.09783062e-01  1.44459844e-01]
 [-1.06868818e-02 -1.41910315e-01 -1.12265073e-01  5.96355721e-02 -1.74316540e-01 -1.80021990e-02 -1.55769125e-01  7.55070895e-03 -5.98815680e-02  9.07638296e-02 -2.50659704e-01  1.34146050e-01 -6.07284829e-02  1.91082075e-01  1.41075328e-01]
 [-1.20599762e-01 -5.27568981e-02 -6.31453991e-02 -7.22384304e-02 -6.69605210e-02  3.05857174e-02 -4.40574549e-02 -3.38447914e-02  6.09879009e-02  1.27832294e-02 -1.15217417e-01  4.73512746e-02  2.14716382e-02  6.71615452e-02  2.49213558e-02]
 [-3.63045046e-03 -9.35827717e-02 -1.12038516e-01  2.78216321e-03 -1.31678820e-01 -3.31019498e-02 -1.48428872e-01 -4.10755165e-05 -1.13062739e-01  8.15830156e-02 -1.66386843e-01  5.04046604e-02  5.63484803e-03  1.36376113e-01  9.98612791e-02]
 [-2.21436899e-02 -8.59223083e-02 -1.15950651e-01 -1.06675131e-02 -1.30054235e-01 -3.20785306e-02 -1.25453517e-01 -2.69213635e-02 -9.78612304e-02  7.91632310e-02 -1.36035129e-01  3.65141258e-02  3.29542048e-02  1.24902949e-01  6.33314773e-02]
 [-1.42570719e-01 -4.25173268e-02 -4.29991558e-02 -1.42640978e-01 -3.51342671e-02  3.83514687e-02 -1.63294375e-04  1.75148863e-02  1.23665951e-01 -8.60435888e-03 -1.45482779e-01  1.13962330e-02  3.32895890e-02  6.84919283e-02  2.40341816e-02]
 [-1.08467929e-01  4.45013307e-03 -5.23990095e-02 -6.92192316e-02 -3.88708711e-03  2.76231617e-02  2.05056146e-02 -1.58077776e-02  1.56140432e-01 -4.50853556e-02 -1.52612329e-01 -3.11905369e-02  1.53670022e-02  6.30880445e-02  4.08187620e-02]
 [-3.88759896e-02 -5.03846258e-02 -9.94003341e-02 -6.62952811e-02 -8.73103365e-02 -1.82742160e-02 -1.22647613e-01  6.39551273e-03 -1.08624555e-01  5.96570671e-02 -1.03548773e-01 -1.14735868e-03  5.01587205e-02  9.45747346e-02  5.71123622e-02]
 [-2.42022350e-01  1.06556937e-02  2.45500021e-02 -2.15599209e-01 -2.72836555e-02  1.46467522e-01  7.44434297e-02 -7.56017566e-02  1.40569761e-01  1.07564125e-02 -1.07340433e-01  5.95368221e-02  7.43251294e-02  1.28841847e-01 -6.63206503e-02]
 [-2.32276097e-01 -1.38897561e-02 -4.68707383e-02 -1.50178522e-01 -5.34898601e-02  8.15280005e-02  4.78250394e-03 -5.29597700e-02  8.16336051e-02  3.59761268e-02 -7.11771846e-02  4.28493395e-02  9.79745984e-02  9.57342759e-02 -8.22630301e-02]
 [-2.98307627e-01  2.75551230e-02  1.72869414e-02 -2.72477388e-01 -3.26928273e-02  2.09042951e-01  1.01019882e-01 -4.97252196e-02  1.69529259e-01 -4.45007160e-03 -1.11668333e-01  6.50212243e-02  6.66447803e-02  1.80392340e-01 -7.22948015e-02]]
R_hid(hidden representaion to predict r):
[[-8.31898332e-01 -2.36623049e+00  4.75525379e+00  1.20375121e+00  2.22735643e+00  1.16535640e+00 -9.12302196e-01 -8.88873637e-02 -1.23904037e+00  1.62435794e+00 -1.72526467e+00 -2.35543489e+00 -2.43593931e+00 -1.42173767e+00  4.50066209e-01]
 [-3.91504049e-01  4.41581815e-01  9.86398315e+00  5.39605856e-01  3.47397041e+00  2.33963996e-01 -4.88787174e-01 -4.62703705e-01 -1.08447623e+00  2.33326125e+00  1.19290352e+00  1.95053220e-02 -2.06929374e+00 -2.46049070e+00 -1.81382191e+00]
 [-1.82683265e+00 -2.91838241e+00  2.97063637e+00  4.32179213e-01  1.89330518e-01  3.76885414e-01 -4.00730324e+00 -5.72497010e-01  1.60828328e+00  5.16908169e+00 -3.01318526e-01 -6.35360837e-01  5.76953411e-01 -1.89112496e+00 -2.19198895e+00]
 [-9.23440993e-01  4.61965144e-01  7.31156158e+00 -1.37499452e+00  2.96238852e+00  1.45044339e+00  2.16502261e+00  1.97387815e-01  1.19576383e+00  3.92667317e+00  1.15374136e+00 -1.43666303e+00 -7.56771743e-01 -1.68895936e+00 -7.99804688e-01]
 [ 4.94424701e-02  6.78660154e-01  1.56140053e+00  3.46134281e+00 -1.39557886e+00  3.51791501e-01 -3.68334818e+00 -1.86229646e-02 -3.65667534e+00  6.50527668e+00 -6.85813189e-01 -6.81083649e-02 -4.67296571e-01  5.83699322e+00 -1.40561628e+00]
 [ 3.27636302e-01 -1.12653971e+00 -2.16858768e+00  2.34081411e+00 -3.47128940e+00  8.18781078e-01 -3.26476598e+00 -1.03051639e+00 -2.36147475e+00  5.24195576e+00 -7.02996731e-01  3.90411466e-01 -5.28664589e-01  3.74795938e+00 -7.78621063e-03]
 [-4.17583399e-02  1.98329240e-01 -2.34942473e-02 -3.52912024e-02  6.74730241e-01 -1.66639507e-01  1.88688457e-01  1.86270446e-01 -8.53551865e-01 -4.35798466e-01 -6.13599241e-01  2.61129946e-01 -1.20220160e+00 -6.89091504e-01  3.07362735e-01]
 [-3.66930574e-01  1.93441439e+00  6.43473506e-01  2.30738497e+00  9.15524364e-01 -9.63411760e-04 -2.40780187e+00 -3.37157696e-01 -3.55476856e+00  3.48030925e+00 -3.10432285e-01 -1.04603636e+00  6.98701262e-01  2.62941837e+00 -4.23839509e-01]
 [-2.15956137e-01  1.14110053e+00 -2.90002823e+00  1.77586585e-01 -7.97098637e-01  3.48616362e+00  3.32409814e-02 -1.88641107e+00 -3.20486307e+00  1.95348489e+00 -5.81369460e-01 -1.34190059e+00 -3.15016651e+00 -5.77428788e-02  1.23738006e-01]
 [-7.45034099e-01 -5.05654430e+00 -3.91792864e-01  1.60819936e+00 -1.90085825e-02 -2.23348641e+00 -2.46712255e+00  2.06376314e+00  2.59907413e+00 -2.16318655e+00 -7.76379287e-01  8.10359359e-01 -7.10282922e-02  3.52959585e+00 -2.73119271e-01]
 [-9.33117390e-01 -4.57921791e+00 -3.90600085e-01  1.98757613e+00 -5.08444607e-02 -1.95069754e+00 -2.77929640e+00  1.73670566e+00  3.65078378e+00 -1.56972551e+00 -7.39438653e-01  1.56612396e-02 -3.59778106e-01  3.39850903e+00 -2.64507741e-01]
 [-6.02488518e-01  9.51392472e-01 -2.74999452e+00  2.21509147e+00  1.93906441e-01  6.42366242e-03 -2.39453363e+00 -4.64740753e-01 -2.23418045e+00  2.42798615e+00 -8.83949041e-01 -1.91953123e-01 -1.40385389e+00  9.91439819e-03  1.42137229e-01]
 [-2.73286134e-01 -2.16964334e-01 -1.42466158e-01  1.20084119e+00 -3.12794477e-01 -2.71260238e+00 -2.58053303e+00  1.67740726e+00  1.44904292e+00 -1.66282177e-01 -9.14619192e-02 -5.12947679e-01 -3.51718247e-01  3.06102943e+00  3.07981580e-01]
 [-1.59998822e+00 -2.72696018e-01  2.21328214e-01 -1.13792408e+00 -2.23224312e-01 -2.98676521e-01  3.87945116e-01  6.14833795e-02  2.78580934e-01 -1.51358396e-02 -2.12547928e-02  7.22285151e-01 -5.38053989e-01 -1.66471273e-01 -6.25073195e-01]
 [ 9.31494355e-01 -1.15027452e+00  1.46042478e+00 -6.58622086e-01  1.10328212e-01 -4.09473389e-01 -8.92840385e-01  2.13693213e+00  2.07923222e+00 -7.52664566e-01  1.85806751e-02  5.63207531e+00  1.22000539e+00  7.31293321e-01  2.55783349e-01]]
topics:
[[-0.15911183  0.0898542   0.25406638  0.02970966  0.15855817  0.23944616  0.13784593 -0.47503418  0.29548147 -0.03063946 -0.18425885  0.1187485  -0.0398474  -0.21726884  0.06442759]
 [-0.0875532  -0.03874907  0.02503527 -0.05720221  0.05162569 -0.10708403 -0.17964327  0.1544526   0.00211402 -0.05794897  0.02075212  0.09358372 -0.02348234 -0.11311684  0.02081746]
 [-0.17931822  0.00545973 -0.607946   -0.05011084 -0.21668756  0.10559728  0.01423996  0.12349369  0.28424644 -0.3757964   0.20076495 -0.21698505 -0.1267591   0.15877648  0.08334292]
 [-0.12006846 -0.2524204  -0.04793571  0.13926625 -0.23453201  0.01155708 -0.12192903  0.03761415  0.17261934  0.08456652 -0.38948512  0.37976596 -0.1895432   0.27293578  0.13588068]
 [ 0.20727395  0.00783098 -0.25884032 -0.00225849 -0.14614905 -0.04937857 -0.21894535 -0.08890558 -0.47042805  0.14620315 -0.10978401 -0.24330394  0.12408005  0.15252638  0.19634888]
 [-0.451613    0.1773621   0.07995558 -0.42135012 -0.01991989  0.41935697  0.30220717 -0.11311667  0.28047982 -0.05550022 -0.1010963   0.07288872  0.09189404  0.44292974 -0.1897169 ]
 [-0.23065636 -0.10172024 -0.03793981  0.04068322 -0.01122575 -0.03876129 -0.20803894 -0.05438249 -0.04397643  0.20933732 -0.17934236  0.0838936   0.1418025  -0.15077545 -0.03405906]
 [-0.12874109 -0.09291676  0.00405731 -0.21105973 -0.09244116 -0.22341701 -0.01874848 -0.07393652 -0.10495557  0.14129569  0.16781998  0.02415445  0.3386634   0.02225144 -0.35658422]
 [-0.04221504  0.03724993 -0.11827219 -0.0069411   0.01623319 -0.03805277  0.0213652   0.02919658  0.1700344  -0.08655354 -0.1684258  -0.13520174  0.01383564  0.06994403  0.07250341]
 [-0.2713594  -0.2948869  -0.02266136 -0.50051564 -0.1693481   0.06848677 -0.07755031  0.18566675  0.03590023  0.14569677 -0.16725318  0.15002997  0.11184788  0.02504104  0.00253537]]
R:
[[4.46725404e-04 1.83461420e-02 3.74446863e-05 9.75777626e-01 3.37742874e-03 1.19071001e-05 4.60699403e-06 1.38797821e-03 5.57958556e-04 5.22093869e-05]
 [1.00690386e-05 1.50152426e-02 1.29868408e-06 9.83820677e-01 6.00464758e-04 4.61302648e-07 1.01257761e-07 5.10002836e-04 3.75036434e-05 4.16294051e-06]
 [5.36852982e-04 8.09712335e-02 2.00264185e-04 8.98405194e-01 8.79704859e-03 2.76340055e-04 1.88102451e-04 2.46729655e-03 7.70958886e-03 4.47985221e-04]
 [1.57824266e-04 4.30583745e-01 2.28122255e-04 5.49450219e-01 5.29833417e-03 1.89142913e-04 9.78112803e-05 6.94572460e-03 5.83916344e-03 1.20994961e-03]
 [1.41399272e-03 4.53612134e-02 9.90490196e-04 6.00001156e-01 3.25416207e-01 2.58874893e-03 1.34465552e-03 5.18072024e-03 3.68165853e-03 1.40211545e-02]
 [3.21534579e-04 8.98969322e-02 1.14776427e-03 5.41925669e-01 3.33988130e-01 2.83938157e-03 1.15110981e-03 1.05457543e-03 1.08029079e-02 1.68720074e-02]
 [1.22657381e-01 1.15326047e-01 7.74998516e-02 1.55446976e-01 1.17937744e-01 6.93313256e-02 5.78989387e-02 8.33757147e-02 1.17584452e-01 8.29415470e-02]
 [5.78602217e-03 1.59627199e-01 5.59408497e-03 3.21726829e-01 3.74246240e-01 1.95380356e-02 1.35633461e-02 5.30681275e-02 2.10535638e-02 2.57966146e-02]
 [3.39478999e-02 8.99211168e-02 3.88601795e-02 2.81805068e-01 3.42000633e-01 1.90831516e-02 3.58524173e-02 1.27569571e-01 1.20432442e-02 1.89167541e-02]
 [7.16619864e-02 8.53568316e-02 1.15476865e-02 5.59882335e-02 2.41110902e-02 9.04129520e-02 1.38717461e-02 2.51487289e-02 4.19508010e-01 2.02392682e-01]
 [1.02087334e-01 6.13235347e-02 1.35609349e-02 5.06600440e-02 1.46389613e-02 7.18868971e-02 7.24224234e-03 1.87801104e-02 5.85771382e-01 7.40485415e-02]
 [3.74364015e-03 2.29645625e-01 1.68926977e-02 1.30094320e-01 3.38970631e-01 7.54494444e-02 5.01204878e-02 5.81102744e-02 4.20945585e-02 5.48783205e-02]
 [1.37409791e-01 5.67131490e-02 1.68835782e-02 3.46020609e-02 2.98788920e-02 3.27131271e-01 6.37435094e-02 9.13429931e-02 1.12347350e-01 1.29947409e-01]
 [5.10208867e-02 4.02972177e-02 9.08345282e-02 4.11416180e-02 3.80414613e-02 2.53897280e-01 2.59969175e-01 1.47069424e-01 3.21467109e-02 4.55816798e-02]
 [8.32652375e-02 7.19406903e-02 3.69899720e-02 9.95669886e-03 1.49443923e-02 4.53580856e-01 9.32176486e-02 7.20582437e-03 6.70149624e-02 1.61883682e-01]]
cosine similarity of topic:
[[ 1.0000000e+00  4.5185403e-05 -3.8771403e-05 -3.1159434e-05 -1.0732806e-04 -1.7254626e-05 -6.7586727e-05 -3.5698160e-06  3.2757496e-05  2.7276697e-05]
 [ 4.5185403e-05  1.0000001e+00 -9.0273279e-05  1.6665105e-04  2.6359753e-06  1.1205030e-05  4.3441219e-06  3.8835220e-05 -6.0930350e-05 -5.2115858e-05]
 [-3.8771403e-05 -9.0273279e-05  9.9999988e-01 -1.6273958e-05 -1.4591186e-04 -4.2536408e-06 -3.3787088e-05  2.2250353e-05 -7.3936059e-07 -6.9227965e-05]
 [-3.1159434e-05  1.6665105e-04 -1.6273958e-05  1.0000001e+00 -4.5052602e-05  7.5889409e-05 -1.4872900e-03 -8.0711696e-05  2.6601765e-05 -4.9053990e-05]
 [-1.0732806e-04  2.6359753e-06 -1.4591186e-04 -4.5052602e-05  1.0000002e+00  1.3043350e-05 -3.1122388e-05 -1.1012362e-04  8.6544926e-05 -2.5756823e-05]
 [-1.7254626e-05  1.1205030e-05 -4.2536408e-06  7.5889409e-05  1.3043350e-05  1.0000001e+00 -9.1439149e-05 -7.4533100e-06 -7.8215353e-06  4.1856878e-05]
 [-6.7586727e-05  4.3441219e-06 -3.3787088e-05 -1.4872900e-03 -3.1122388e-05 -9.1439149e-05  1.0000001e+00  7.5100579e-05 -4.0526029e-05  3.9046877e-06]
 [-3.5698160e-06  3.8835220e-05  2.2250353e-05 -8.0711696e-05 -1.1012362e-04 -7.4533100e-06  7.5100579e-05  1.0000001e+00  2.7409296e-05  9.9707060e-05]
 [ 3.2757496e-05 -6.0930350e-05 -7.3936059e-07  2.6601765e-05  8.6544926e-05 -7.8215353e-06 -4.0526029e-05  2.7409296e-05  9.9999946e-01 -1.2624967e-04]
 [ 2.7276697e-05 -5.2115858e-05 -6.9227965e-05 -4.9053990e-05 -2.5756823e-05  4.1856878e-05  3.9046877e-06  9.9707060e-05 -1.2624967e-04  1.0000000e+00]]
