hidden representaion(r*topic):
[[-0.02627409 -0.16292183  0.1964237  -0.14751996 -0.57081395 -0.00785532  0.09077705  0.04324758 -0.10312668 -0.21708098  0.11053108  0.22369833  0.01935177 -0.2093812   0.34204236]
 [-0.02594175 -0.16273634  0.19647722 -0.14754511 -0.570148   -0.00806172  0.09060185  0.04311409 -0.10297828 -0.21689716  0.11070129  0.22360434  0.01910022 -0.2090538   0.34161124]
 [-0.02558834 -0.16253911  0.19653411 -0.14757185 -0.5694398  -0.00828119  0.09041554  0.04297214 -0.10282046 -0.2167017   0.11088228  0.22350438  0.01883273 -0.20870565  0.3411528 ]
 [-0.01711936 -0.15781248  0.19789743 -0.14821236 -0.5524691  -0.01354061  0.08595072  0.03957067 -0.09903836 -0.21201764  0.1152194   0.22110839  0.01242265 -0.20036261  0.33016598]
 [-0.01565353 -0.15699464  0.19813372 -0.14832357 -0.54953223 -0.01445094  0.08517814  0.03898175 -0.09838412 -0.211207    0.11597024  0.22069421  0.01131328 -0.1989186   0.32826483]
 [-0.00565091 -0.15141137  0.19974315 -0.14907923 -0.529487   -0.02066275  0.0799043   0.03496471 -0.09391619 -0.20567448  0.12109245  0.2178631   0.00374213 -0.18906473  0.31528735]
 [ 0.01383017 -0.10553187  0.17484279 -0.11929221 -0.4194561  -0.03732776  0.05095296  0.0425059  -0.04564126 -0.16115174  0.11355679  0.1438551  -0.02813671 -0.15209776  0.23139583]
 [ 0.02364111 -0.10009226  0.18033184 -0.12124381 -0.3947661  -0.04714198  0.04406695  0.03028485 -0.03861893 -0.14350393  0.12260823  0.133824   -0.03970795 -0.13273554  0.20810688]
 [ 0.02400902 -0.09475883  0.17705952 -0.11729245 -0.38491172 -0.04772107  0.04389121  0.03539531 -0.03514313 -0.13814338  0.11816321  0.1236238  -0.04128606 -0.12962507  0.20320465]
 [ 0.04233888  0.07178237  0.09280525 -0.07786478 -0.16988464 -0.08397116  0.10825103  0.10371675 -0.03846384 -0.01582647 -0.00852935  0.06070226 -0.02233804 -0.01962734  0.12900336]
 [ 0.0546934  -0.02316318  0.18505159 -0.11367569 -0.24582107 -0.07782715  0.0906065   0.11937134 -0.04995988 -0.0268674   0.05056116  0.01869909 -0.06072353 -0.04171612  0.19024372]
 [ 0.03964879  0.07932694  0.08459053 -0.08411233 -0.18339345 -0.07298955  0.10424735  0.10462681 -0.02995344 -0.0310278  -0.01579946  0.06025384 -0.02443016 -0.01552984  0.13631083]
 [ 0.04838186  0.24221273 -0.01769412 -0.06425638  0.052742   -0.09494016  0.2326989   0.08761618  0.01899903  0.0688735  -0.09009178  0.03584465 -0.08189026  0.07310519  0.11733754]
 [ 0.04359197  0.24412714 -0.01907933 -0.06260897  0.05496864 -0.09586792  0.24064353  0.08621182  0.02397934  0.07034496 -0.08814123  0.0377011  -0.08350332  0.07278921  0.1196832 ]
 [ 0.02780683  0.17589134  0.02154697 -0.05615133 -0.00369531 -0.10030372  0.20758009  0.08902436  0.00673483  0.06182332 -0.05083887  0.04391684 -0.0682033   0.01752508  0.11613442]]
R_hid(hidden representaion to predict r):
[[18.27831    20.46791    20.82615    10.245245   -1.4577385  -1.4576421  -1.4577384  -1.4577386  42.823223   -1.4576895   4.974086   -1.4577386  30.762213   21.849869   20.859463  ]
 [21.269121   15.131586   22.584747   -1.4430844  -1.4577388  -1.4577383  -1.4577342  -1.4577386  33.589222   -1.4577388  -1.1075833  -1.4577386  29.39061    25.952723   19.124699  ]
 [18.891512   17.465937   21.04762    12.209881   -1.4577366  -1.4575777  -1.4553283  -1.4577386  34.277107   -1.4575905   6.070037   -1.4577386  26.04862    22.936104   -1.4577388 ]
 [14.481975   12.061616   12.209661    5.0894885  -1.4577101  -1.4576275  -1.4249179  -1.4577386  19.995789   -1.4577347  -1.030616   -1.4577384  -1.4577388  15.40396     9.838991  ]
 [14.69086    10.53027    11.704168    6.9273596  -1.4539373  -1.4572607  -1.4576712  -1.4577342  -1.4577388  -1.4573005  -1.321464   -1.4577385  19.131306   20.588955   14.007602  ]
 [11.232089   14.387524   13.383575    7.4891877  -1.4563924  -1.457635   -1.4576908  -1.4577377  19.303473   -1.4575369  -1.1441264  -1.4577386  12.735219   14.250472    6.5902123 ]
 [-1.3312682   4.3071423   1.9186388   2.7006707  -1.4544975  -1.4577388  -1.4576538  -1.4550476   7.45873    -1.4570075  -1.2237031  -1.4577329   5.7185044   2.6254673   5.4643946 ]
 [-1.3942661   2.5040927   2.6508894  -1.4577388  -1.4523433  -1.4511242  -1.4576813  -1.446975   -1.4577388  -1.4539326  -1.1048589  -1.457308    1.7529961   4.768432    1.7094011 ]
 [-1.4447416  -1.4577388  -0.26389226 -0.72528654 -1.4495431  -1.4357061  -1.4577016  -1.4421384  -1.4577388  -1.4572558  -1.4195428  -1.457528    1.3947781   4.268405    2.3281975 ]
 [-1.4176769   1.3883812   0.374248   -1.4009532  -1.4507631  -1.4201903  -1.4495072  -1.4507837  -0.6348587  -1.4572749  -1.4013801  -1.4576614   2.591299    0.20562011  1.8065346 ]
 [-1.4500552  -0.660428   -0.8285798  -0.41382277 -1.3628107  -1.267064   -1.4573728  -1.2558408   3.5344133  -1.4503111  -1.4577388  -1.453908   -1.0524158   0.49650013  0.87776464]
 [-1.1812665   3.679957   -1.223613    0.6290724  -1.4565171  -1.4524606  -1.457287   -1.4577388   2.2753425  -1.4575533  -1.434817   -1.4577283   3.506857   -0.3325917   4.6310797 ]
 [-1.4437532  -0.6149913  -1.3146535  -1.0866947  -1.2941047  -1.2904273  -1.455903   -1.300367   -1.3087654  -1.4577388  -1.4359028  -1.4508389  -1.1106752  -1.3023226  -0.7023113 ]
 [-1.4416897  -1.2547425  -1.3906634  -1.4329379  -1.3792105  -1.3290523  -1.4427481  -1.4577388  -1.4551946  -1.4538485  -1.4390651  -1.4296911  -0.83733404 -1.3720995  -0.971038  ]
 [-1.416434    1.1585097  -1.4577388  -1.2198337  -1.3740592  -1.2549539  -1.4562622  -1.0528585  -0.9913262  -1.4532373  -1.3762982  -1.4577388  -1.1239467  -0.7568562  -1.2564183 ]]
topics:
[[-0.3647769   0.03113277  0.05358871  0.10570426 -0.0246663  -0.15907663  0.5068948   0.03847079  0.27836013  0.15797533  0.18737367  0.11116087 -0.13826543 -0.31102753  0.17595509]
 [ 0.10040876  0.08530014 -0.02069724 -0.00517275  0.14265308 -0.12704337  0.07756488 -0.0585226  -0.10686933  0.13438772 -0.00890981  0.08251319 -0.09620775 -0.17411405 -0.0299973 ]
 [ 0.0887545   0.06912532  0.21628655 -0.12457397 -0.09848695 -0.10647386  0.21241176  0.29470667 -0.12092291  0.13833949 -0.08815024 -0.14385104 -0.06452601  0.08714841  0.26329187]
 [-0.02685215 -0.16324443  0.19633062 -0.14747623 -0.57197225 -0.00749634  0.09108179  0.04347976 -0.10338481 -0.21740068  0.11023504  0.22386184  0.01978928 -0.20995066  0.34279224]
 [ 0.27888826  0.00738481  0.24555847 -0.17060995  0.04067546 -0.19736832 -0.07009725 -0.07932339  0.03314191 -0.04830294  0.26681554  0.13738063 -0.21161915  0.09124274 -0.05382987]
 [ 0.17996044  0.52806365 -0.15085709 -0.13373773  0.21065737 -0.05948899  0.3099398   0.13095577  0.0418028   0.0456093  -0.28027508 -0.00747548 -0.10420343  0.38975397  0.15930553]
 [-0.07344323  0.01103773  0.03623299  0.05287169 -0.16700381 -0.04945999 -0.09608541 -0.02175542  0.21258073  0.06064366  0.08938579 -0.23708118 -0.1205366  -0.06506152 -0.16986127]
 [-0.22313865  0.2002992   0.07189292 -0.24635202 -0.06567205 -0.07359345 -0.09316102  0.03395578  0.08072707  0.25813693 -0.0966384   0.08055399 -0.12368628 -0.0948981  -0.21412835]
 [-0.04343711 -0.03607192  0.15906513  0.15794495 -0.34197688 -0.28729793 -0.01450644  0.16474475 -0.24953143  0.04721523  0.03663355  0.31166637  0.46022245 -0.06638975 -0.21507086]
 [ 0.0245316   0.103969   -0.11548322  0.16351672 -0.05405008  0.01291628 -0.08130756  0.2676693   0.21853521 -0.22554173 -0.03647254 -0.19694433 -0.06912933 -0.24496087  0.00602204]]
R:
[[0.00000000e+00 5.06527201e-33 1.51363493e-19 9.98109341e-01 1.89066131e-03 1.75860246e-34 1.67617195e-13 3.40347156e-15 2.61766177e-27 9.90386106e-11]
 [0.00000000e+00 9.30464298e-34 3.69708507e-17 9.97022331e-01 2.97767879e-03 5.89054339e-35 6.86065083e-13 2.54457782e-15 1.20583181e-29 5.86537041e-10]
 [0.00000000e+00 1.04513210e-32 9.31074110e-20 9.95866418e-01 4.13360680e-03 6.84767790e-36 2.43148410e-13 1.57216972e-14 1.35991916e-26 1.64733074e-10]
 [6.69356717e-36 2.87334696e-22 4.33769305e-11 9.68165517e-01 3.18334140e-02 1.98683613e-21 2.86186690e-07 2.26796915e-10 1.83159647e-20 7.58621923e-07]
 [9.17289975e-42 1.90483048e-24 1.62097115e-13 9.63372111e-01 3.66278663e-02 1.93863014e-26 1.11119487e-08 3.12717040e-12 1.71929129e-22 3.45237652e-08]
 [8.05750314e-31 9.73603678e-19 1.21487287e-09 9.30652142e-01 6.93436265e-02 4.28416428e-21 1.35029029e-06 4.53496041e-09 7.81025126e-17 2.89509194e-06]
 [9.56249968e-10 5.40427379e-07 3.32657807e-02 7.09143937e-01 1.26691639e-01 1.95043569e-07 7.60533735e-02 4.73425770e-03 6.92206413e-06 5.01033776e-02]
 [1.36765044e-08 3.27387966e-07 3.90336923e-02 6.59865916e-01 1.65080026e-01 3.68059858e-07 1.13667183e-01 1.38347642e-03 1.58176408e-05 2.09531598e-02]
 [1.43434093e-07 8.50516972e-06 5.18389978e-02 6.37741864e-01 1.60971686e-01 6.59913269e-07 1.19252607e-01 1.36609795e-03 7.47847444e-05 2.87446212e-02]
 [1.77730899e-02 7.84531459e-02 1.68420881e-01 2.77991831e-01 6.55857176e-02 1.63794145e-01 4.74475585e-02 3.86156663e-02 8.36620182e-02 5.82560338e-02]
 [3.64942010e-03 3.31744901e-03 3.72419655e-01 3.43576521e-01 1.43976808e-01 5.12746745e-04 9.26438123e-02 9.14401188e-03 4.30314476e-03 2.64564771e-02]
 [7.23603461e-03 4.97472547e-02 1.41385570e-01 3.11236918e-01 5.49296774e-02 1.89532921e-01 5.24978973e-02 4.97520529e-02 7.19911307e-02 7.16905370e-02]
 [1.37520865e-01 1.91153988e-01 9.38403681e-02 6.35288209e-02 1.76659022e-02 4.15613353e-01 1.00370506e-02 2.45777182e-02 2.79461239e-02 1.81157980e-02]
 [1.52206898e-01 1.85541987e-01 8.80766064e-02 6.19352497e-02 1.78024434e-02 4.21226650e-01 9.96735506e-03 2.19067223e-02 2.69743428e-02 1.43617615e-02]
 [1.44542783e-01 1.88942581e-01 1.33722305e-01 9.83718187e-02 2.90516019e-02 2.93630034e-01 1.42064756e-02 2.80926730e-02 4.41560745e-02 2.52836533e-02]]
cosine similarity of topic:
[[ 1.0000000e+00 -2.2669492e-05 -1.9312918e-05  2.0665848e-05  5.2542669e-05 -5.9179347e-05  1.2248638e-05 -3.9108640e-05  3.5519988e-05 -6.9625043e-05]
 [-2.2669492e-05  1.0000002e+00 -2.0807500e-04  1.4132772e-05  2.0626201e-05 -3.3881108e-05 -7.9870966e-05  5.0146755e-05  1.3633250e-04 -2.1446227e-05]
 [-1.9312918e-05 -2.0807500e-04  9.9999988e-01  5.0193652e-05  2.8880846e-05  7.8455661e-05 -1.2728977e-06  9.2237453e-05 -2.6617352e-05 -3.7420195e-06]
 [ 2.0665848e-05  1.4132772e-05  5.0193652e-05  1.0000002e+00  4.1743024e-05 -7.8213096e-05  8.4230942e-06  6.0892569e-05  3.5905243e-05  6.3150808e-05]
 [ 5.2542669e-05  2.0626201e-05  2.8880846e-05  4.1743024e-05  9.9999994e-01  1.4199381e-04  2.4541425e-05 -4.2665215e-05  2.7788485e-05  3.0727784e-05]
 [-5.9179347e-05 -3.3881108e-05  7.8455661e-05 -7.8213096e-05  1.4199381e-04  9.9999988e-01 -3.0518742e-05 -1.0660027e-04  5.8463924e-05  1.5514417e-05]
 [ 1.2248638e-05 -7.9870966e-05 -1.2728977e-06  8.4230942e-06  2.4541425e-05 -3.0518742e-05  9.9999982e-01  6.7657267e-05 -6.0238272e-05 -3.3224336e-05]
 [-3.9108640e-05  5.0146755e-05  9.2237453e-05  6.0892569e-05 -4.2665215e-05 -1.0660027e-04  6.7657267e-05  1.0000000e+00  3.8802668e-06  3.5194673e-05]
 [ 3.5519988e-05  1.3633250e-04 -2.6617352e-05  3.5905243e-05  2.7788485e-05  5.8463924e-05 -6.0238272e-05  3.8802668e-06  9.9999982e-01 -6.5366738e-05]
 [-6.9625043e-05 -2.1446227e-05 -3.7420195e-06  6.3150808e-05  3.0727784e-05  1.5514417e-05 -3.3224336e-05  3.5194673e-05 -6.5366738e-05  9.9999988e-01]]
