hidden representaion(r*topic):
[[ 0.39395562 -0.08048939  0.0806925  -0.16525365  0.04993115  0.05672701 -0.10383548 -0.06943933 -0.01855883 -0.10357451  0.04928944 -0.0932602  -0.11108629  0.1229364  -0.06769961]
 [ 0.39407557 -0.08078491  0.08079256 -0.1652778   0.04985267  0.05677728 -0.10404356 -0.0695416  -0.01858717 -0.10364977  0.04947904 -0.09329091 -0.11107616  0.12279005 -0.06781477]
 [ 0.3942057  -0.08110545  0.0809011  -0.16530399  0.04976755  0.05683179 -0.10426926 -0.06965252 -0.01861791 -0.10373139  0.04968469 -0.09332421 -0.11106518  0.12263132 -0.06793967]
 [ 0.38897374 -0.06822211  0.07653842 -0.16424958  0.05318908  0.05463885 -0.09519736 -0.06519473 -0.01738319 -0.10044836  0.04141992 -0.09198402 -0.11150675  0.12900741 -0.06291987]
 [ 0.38701048 -0.06337947  0.0748988  -0.16385546  0.05447495  0.05381679 -0.09178799 -0.06351849 -0.01691824 -0.09921721  0.03831227 -0.09148211 -0.1116728   0.13140905 -0.06103257]
 [ 0.3873135  -0.0641288   0.07515232 -0.16391602  0.05427571  0.05394382 -0.09231558 -0.06377788 -0.01698997 -0.09940734  0.03879327 -0.09155991 -0.11164704  0.13103685 -0.06132486]
 [ 0.32205498  0.00080968  0.04849165 -0.14050196  0.05004142  0.03365088 -0.04285941 -0.03958631 -0.00598595 -0.0686064   0.0024832  -0.08145685 -0.10882024  0.13224113 -0.03598506]
 [ 0.29456487  0.0245221   0.04018911 -0.13098504  0.04417134  0.02486114 -0.0225622  -0.02958294 -0.00383971 -0.05742705 -0.01088561 -0.07376384 -0.10658987  0.12954187 -0.02251418]
 [ 0.30402857  0.02074103  0.04040579 -0.13349472  0.05155478  0.02686676 -0.02817041 -0.03261308 -0.00326022 -0.05851642 -0.00850389 -0.07835393 -0.10811985  0.13309516 -0.02978678]
 [ 0.11578349  0.04172257  0.04762402 -0.06150134 -0.06434194 -0.02935294  0.02911742  0.04525544 -0.01047572 -0.00827815 -0.02626532 -0.02942243 -0.04596851  0.01569258  0.00864125]
 [ 0.12857485  0.03485195  0.03811964 -0.06716711 -0.08242809 -0.01108284  0.02500498  0.00392518 -0.00270656 -0.02519674 -0.01030103 -0.02621912 -0.07095921  0.02032285  0.03572854]
 [ 0.12597443  0.02664626  0.05734884 -0.06630657 -0.0726536  -0.02807653  0.01784473  0.03699601 -0.01639467 -0.01372324 -0.01432799 -0.02515997 -0.04785591  0.01069397  0.00974494]
 [-0.00054232  0.03190025  0.00928674 -0.02854383 -0.08817428 -0.01169808  0.10985061  0.07198877  0.01466948  0.02579209 -0.05618657 -0.04013292 -0.02573145 -0.06238819  0.03809687]
 [ 0.01240821  0.04220869  0.00995461 -0.02154123 -0.08174311 -0.0213264   0.10844238  0.0752094   0.00892184  0.02213118 -0.05858142 -0.03595268 -0.01844861 -0.04564132  0.03305604]
 [ 0.00539355  0.04598775 -0.00179081 -0.03312693 -0.07266648 -0.00412169  0.12046462  0.0723089   0.02173673  0.02330815 -0.06925706 -0.04610167 -0.03068123 -0.0443655   0.04096323]]
R_hid(hidden representaion to predict r):
[[-6.57800853e-01 -2.08327621e-01  3.69729012e-01  9.51697636e+00 -9.26469564e-01 -1.33271933e+00  9.51875305e+00 -9.66958761e-01  8.02006304e-01  1.30044127e+00  2.07744390e-01  5.60306013e-01 -4.67832375e+00 -1.02035570e+01 -3.73891401e+00]
 [ 1.24903023e-01 -2.39389148e-02  5.89967310e-01  9.18348408e+00 -3.35022330e+00 -2.63750315e-01  7.54743528e+00  1.32779837e+00  1.36941969e+00  9.30261910e-01 -2.40250826e+00 -2.70156860e-02 -4.59742546e+00 -7.63332272e+00 -1.89326203e+00]
 [ 2.17199475e-01  1.30913824e-01  1.77874088e-01  5.41654778e+00 -4.43094063e+00 -7.62500048e-01  7.02598047e+00  1.00438297e-01  6.38834596e-01  6.88143134e-01  2.42390521e-02  1.23794615e-01 -3.54178691e+00 -4.06752348e+00 -1.46765494e+00]
 [ 5.35758585e-03  6.14457298e-03  1.75613776e-01  2.44108820e+00 -1.65575957e+00  4.98031750e-02  1.53445840e+00 -1.29103184e-01  3.90862748e-02  5.22775531e-01  1.61479451e-02  1.02146018e+00 -1.62432456e+00 -3.49181271e+00 -2.25955939e+00]
 [-1.50590807e-01 -4.98976335e-02  2.55649209e-01  2.68854308e+00 -1.37154424e+00  5.63138956e-03  1.67150569e+00 -2.38460720e-01  3.34916897e-02  3.08291554e-01  4.15493399e-02  9.34495330e-01 -1.95954835e+00 -3.59674621e+00 -1.81965661e+00]
 [ 3.61751579e-02 -1.88495740e-02  4.06001866e-01  1.93231595e+00 -1.82683742e+00 -1.45780705e-02  1.45204473e+00 -3.73299092e-01  6.35092407e-02  3.47456813e-01  3.79129201e-01  4.64475304e-01 -2.16104650e+00 -2.88092613e+00 -1.92969656e+00]
 [ 1.59090161e-02  6.90470338e-02  1.57678291e-01  1.33245692e-01 -4.25337523e-01  1.13082029e-01  3.47972035e-01 -6.33523762e-02 -1.53304376e-02 -2.73285657e-02 -7.43121386e-01  6.53516829e-01 -5.08128703e-01 -2.17368424e-01 -7.67413914e-01]
 [ 1.30353391e-01  1.10824361e-01  5.55711910e-02  1.36810154e-01 -2.84574151e-01  1.74987659e-01  2.25624964e-02  4.54475358e-02  5.57136722e-02 -2.88077220e-02 -3.31516087e-01  4.74161863e-01 -4.38489258e-01 -5.15238225e-01 -4.20274287e-01]
 [ 1.45951761e-02  1.48368403e-01  3.55941430e-02  1.07084215e-01 -5.15105724e-01  5.90841435e-02  4.13264185e-01  2.79595852e-02 -1.20904325e-02 -1.03368331e-02 -4.84478027e-01  7.23577440e-02 -5.39453030e-01 -7.19129443e-01 -5.47883809e-01]
 [ 1.49014875e-01  2.48463769e-02 -8.11327696e-02  9.11635980e-02 -4.61005457e-02 -6.57914057e-02  2.56188869e-01  1.10786594e-01  2.44396143e-02  1.67099666e-03 -4.12573755e-01  6.83735833e-02 -3.35391223e-01 -4.37526882e-01 -4.92227413e-02]
 [ 2.97522485e-01  3.65567237e-01 -2.44920835e-01 -3.77628803e-01 -3.18374857e-03  1.93589091e-01 -2.46249899e-01  2.24259913e-01  8.48519728e-02  1.79983787e-02 -8.21009398e-01  1.75101310e-01 -1.49257511e-01 -3.09967846e-01 -8.39048684e-01]
 [-5.63896075e-03  1.23520270e-02  9.40830484e-02 -8.62501264e-02 -1.29866064e-01  9.99380946e-02  1.13913104e-01  5.27248532e-02  4.53672521e-02  1.09879822e-02 -3.93856019e-01  1.30241841e-01 -5.45198858e-01 -1.48569316e-01 -9.21988785e-02]
 [ 1.06138498e-01  1.38216764e-01 -1.21148586e-01 -4.21989262e-01  5.27178496e-02  2.52350211e-01 -6.35279417e-02  1.70115665e-01  2.12694451e-01  7.90815521e-03 -1.07465073e-01  2.85086893e-02 -3.34914893e-01 -8.24122354e-02 -2.06034034e-01]
 [ 2.70518243e-01  1.66740626e-01 -1.84293002e-01 -1.36449844e-01  7.74968565e-02  1.03109904e-01  7.74148777e-02  2.48523846e-01  2.26704016e-01  8.80690068e-02 -1.34773284e-01  2.28063799e-02 -9.42306295e-02 -3.44225019e-02 -5.43583110e-02]
 [ 3.55589598e-01  4.58857358e-01 -2.35126600e-01 -4.82740961e-02 -9.09940992e-03 -2.15239613e-03 -9.02115460e-03  3.46332520e-01  2.68796027e-01  1.94812134e-01 -2.52511986e-02  1.89675570e-01 -1.84625193e-01 -3.73779386e-01 -1.69234499e-01]]
topics:
[[-0.19824587 -0.18303421 -0.21654813  0.07451263 -0.01590502  0.22007532  0.4868608   0.05891117  0.13038269  0.04524742 -0.1521111  -0.21727355  0.0381542  -0.2627958   0.15143132]
 [ 0.08511669  0.10412443  0.00783947  0.0118352   0.14142312 -0.15254855  0.07690317 -0.05948156 -0.08362796  0.16768055  0.01238968  0.08546177 -0.11807371 -0.16644612 -0.02347305]
 [ 0.12001836  0.06337855  0.19408673 -0.14309095 -0.10444424 -0.11528786  0.21636212  0.28495193 -0.15727162  0.12326829 -0.06959468 -0.13110796 -0.04615832  0.07624461  0.25299236]
 [-0.03560041 -0.16539451  0.20796818 -0.07870706 -0.5605437   0.01576486  0.0452462   0.03570673 -0.10288282 -0.18361054  0.08038863  0.18790649  0.00721389 -0.18886995  0.3446867 ]
 [ 0.39431098 -0.08136488  0.08098895 -0.16532518  0.04969864  0.05687592 -0.10445193 -0.06974229 -0.01864278 -0.10379746  0.04985114 -0.09335117 -0.11105628  0.12250283 -0.06804076]
 [ 0.14877853  0.5235636  -0.12384842 -0.11590068  0.21035248 -0.04600946  0.32148933  0.13959195  0.03936246  0.05024805 -0.33825466 -0.03049227 -0.1317942   0.42207524  0.16767459]
 [-0.02873661 -0.00598473 -0.06226278  0.02716819 -0.15609282  0.02479488 -0.09529717 -0.02020473  0.17110747  0.03742016  0.05001764 -0.24977632 -0.06081815 -0.04108888 -0.17881767]
 [-0.2356474   0.21350814  0.08686583 -0.23982519 -0.06355774 -0.07466539 -0.09213997  0.03808017  0.09187465  0.2621633  -0.10436884  0.08678474 -0.1343099  -0.0950508  -0.21174994]
 [-0.08214979 -0.03232506  0.24271771  0.18499364 -0.3447707  -0.33953127 -0.01638188  0.16596824 -0.2204411   0.07176718  0.0332981   0.2891443   0.37574184 -0.05413737 -0.21087068]
 [ 0.03534035  0.09476597 -0.13058189  0.15544288 -0.05834974  0.02772007 -0.07640237  0.26432627  0.17655016 -0.24258691 -0.05120011 -0.22776736 -0.05981598 -0.24357045  0.00382291]]
R:
[[8.53944375e-24 1.01846344e-18 2.25005770e-31 4.14872565e-19 9.98552740e-01 1.44727167e-03 7.81708168e-20 4.90971710e-34 8.41934075e-32 3.02620319e-30]
 [2.72501492e-23 3.41746375e-16 6.22551964e-31 1.27655382e-18 9.99041259e-01 9.58753517e-04 2.95388968e-18 8.88700398e-33 1.15703523e-30 5.86418224e-28]
 [1.06582325e-19 1.13735943e-09 1.12262445e-19 7.82818046e-11 9.99571145e-01 4.28883330e-04 1.71627417e-11 2.49777166e-24 6.60161266e-19 6.36784186e-20]
 [2.04407007e-13 9.72320049e-06 1.79916337e-14 2.46902431e-07 9.78265941e-01 2.17230972e-02 9.88340048e-07 1.49432349e-18 6.25927261e-14 5.63989502e-14]
 [2.14247804e-11 1.00493594e-06 1.86640674e-13 2.32152331e-07 9.70267296e-01 2.97311489e-02 3.25787909e-07 7.62958913e-15 3.79461545e-13 1.59897074e-12]
 [4.46658193e-14 3.15229295e-06 1.09366683e-14 1.76706322e-07 9.71503139e-01 2.84915827e-02 1.92843618e-06 7.43337689e-19 4.43878712e-13 4.64556440e-14]
 [6.68698658e-06 3.98999043e-02 4.41187949e-05 1.91066470e-02 7.68557370e-01 1.19685695e-01 5.24532013e-02 5.87871739e-07 1.99091548e-04 4.66589008e-05]
 [4.59047333e-05 5.80720939e-02 2.63152935e-04 3.46091539e-02 6.84802949e-01 1.53408006e-01 6.73824772e-02 5.74189880e-06 1.10390165e-03 3.06528847e-04]
 [4.51069354e-05 5.47054857e-02 3.32602649e-04 2.07792241e-02 7.10749388e-01 1.46518007e-01 6.55144006e-02 3.98721750e-06 1.17647450e-03 1.75312569e-04]
 [3.45794484e-02 9.33514461e-02 6.73607215e-02 1.03152588e-01 2.89290518e-01 1.14176147e-01 9.73824486e-02 5.72154112e-02 8.14247578e-02 6.20665103e-02]
 [8.69395211e-03 1.48154467e-01 7.20428163e-03 1.97407201e-01 2.76998043e-01 1.45340577e-01 1.85119525e-01 1.98306027e-03 1.90414470e-02 1.00573935e-02]
 [2.54752766e-02 1.01141989e-01 6.77405298e-02 1.19339295e-01 3.14998895e-01 9.28197280e-02 9.58665460e-02 5.24410307e-02 7.63534233e-02 5.38233072e-02]
 [1.75057709e-01 9.72616151e-02 7.84830004e-02 1.13175407e-01 9.36971679e-02 9.40996408e-02 9.46629494e-02 1.02324001e-01 7.63019100e-02 7.49366060e-02]
 [1.59566090e-01 9.76219028e-02 7.29300529e-02 1.00338727e-01 1.01521164e-01 1.16554111e-01 9.54477564e-02 7.91535378e-02 9.93750468e-02 7.74916187e-02]
 [1.84909508e-01 7.89047927e-02 6.56833276e-02 1.03280842e-01 1.06190369e-01 1.27930611e-01 8.69464725e-02 1.02717690e-01 6.93005249e-02 7.41358325e-02]]
cosine similarity of topic:
[[ 9.9999988e-01 -2.5927950e-05  2.6667503e-05  5.2847376e-05 -5.8417147e-05 -8.3412517e-05  4.1411109e-05  1.9037598e-05  1.9516367e-06 -6.4570930e-05]
 [-2.5927950e-05  9.9999988e-01 -1.6245540e-04  2.0130925e-05 -2.3345085e-05  4.9398477e-07 -5.9988659e-05  1.4371852e-06 -3.5197586e-06 -7.1000577e-05]
 [ 2.6667503e-05 -1.6245540e-04  9.9999982e-01 -1.0394594e-05 -5.6581448e-05 -5.7007357e-05 -3.8048060e-05 -5.5502227e-05 -6.4142165e-05  2.1901624e-05]
 [ 5.2847376e-05  2.0130925e-05 -1.0394594e-05  9.9999964e-01  2.8020588e-05 -3.2695465e-05 -6.4430853e-05 -3.6856156e-05 -2.9735400e-05 -4.4912969e-05]
 [-5.8417147e-05 -2.3345085e-05 -5.6581448e-05  2.8020588e-05  1.0000000e+00 -5.4062781e-05  5.2162155e-05 -7.2293253e-05 -5.1263096e-06 -4.1134153e-05]
 [-8.3412517e-05  4.9398477e-07 -5.7007357e-05 -3.2695465e-05 -5.4062781e-05  9.9999982e-01 -2.7407576e-05  2.5914342e-05 -1.2542708e-05 -2.1052940e-05]
 [ 4.1411109e-05 -5.9988659e-05 -3.8048060e-05 -6.4430853e-05  5.2162155e-05 -2.7407576e-05  1.0000001e+00  8.4432977e-05 -3.8608312e-05  1.0404705e-04]
 [ 1.9037598e-05  1.4371852e-06 -5.5502227e-05 -3.6856156e-05 -7.2293253e-05  2.5914342e-05  8.4432977e-05  9.9999970e-01 -1.4142402e-05 -7.2455005e-05]
 [ 1.9516367e-06 -3.5197586e-06 -6.4142165e-05 -2.9735400e-05 -5.1263096e-06 -1.2542708e-05 -3.8608312e-05 -1.4142402e-05  9.9999994e-01  6.9282862e-05]
 [-6.4570930e-05 -7.1000577e-05  2.1901624e-05 -4.4912969e-05 -4.1134153e-05 -2.1052940e-05  1.0404705e-04 -7.2455005e-05  6.9282862e-05  9.9999964e-01]]
