hidden representaion(r*topic):
[[-0.03035208  0.01048509  0.04673816  0.00362111 -0.03881851  0.04009418  0.00159225  0.00965651  0.05745582  0.02830692  0.04963763 -0.04286791  0.01407194 -0.03888821 -0.03180572]
 [-0.03137379  0.01057715  0.04652635  0.00372667 -0.03898541  0.04087698  0.00124207  0.00977385  0.05826339  0.02861435  0.04935664 -0.04342575  0.01413306 -0.03922792 -0.0320184 ]
 [-0.03264996  0.01044997  0.04635319  0.00417583 -0.03934079  0.04186747  0.00067241  0.00971262  0.0593941   0.02889331  0.04948008 -0.04411172  0.01456165 -0.03977103 -0.03273806]
 [-0.02850857  0.01067721  0.04714413  0.00286801 -0.03816072  0.03901079  0.00180959  0.00945139  0.0562207   0.02797381  0.04973815 -0.04207997  0.01343177 -0.03803944 -0.03134336]
 [-0.02943727  0.01064748  0.04693985  0.00314276 -0.03848787  0.03946939  0.00173134  0.00955871  0.05676055  0.02816867  0.04958516 -0.04236563  0.01366638 -0.03844176 -0.03151001]
 [-0.0287293   0.01075542  0.04708192  0.00282534 -0.03812746  0.03921495  0.00162563  0.00942505  0.05643426  0.02806347  0.04963313 -0.04220341  0.0133642  -0.03809757 -0.03144728]
 [-0.00621218  0.01439414  0.04924762 -0.00521117 -0.03277726  0.02013766  0.00676537  0.00993504  0.03598896  0.02341428  0.04527234 -0.02941284  0.00612891 -0.02594628 -0.02310521]
 [-0.00087924  0.01455533  0.05002265 -0.00709645 -0.03229784  0.01490552  0.00827787  0.00982315  0.0302514   0.02194517  0.04451587 -0.02532457  0.00442491 -0.02391152 -0.02061317]
 [ 0.00205679  0.01399274  0.05136215 -0.00767907 -0.03124214  0.01545149  0.00726497  0.00871625  0.03039756  0.02091902  0.04685859 -0.02573027  0.0041534  -0.02293277 -0.02124262]
 [ 0.00349162  0.02598145  0.03846304 -0.00795906 -0.03588393 -0.01753178  0.02863938  0.03056077  0.00119478  0.02554039  0.01305056 -0.01136513  0.00244202 -0.01022177 -0.00167164]
 [ 0.01143194  0.01792333  0.0476811  -0.01020036 -0.03295102 -0.01075132  0.02160449  0.01635045  0.00580677  0.02031014  0.0330888  -0.00865268  0.0010823  -0.01710831 -0.00878319]
 [ 0.00095826  0.02437039  0.04069297 -0.00945709 -0.03450299 -0.01259442  0.0247558   0.02651348  0.00573575  0.02686076  0.01723902 -0.01240682  0.00119249 -0.01422815 -0.00508316]
 [-0.00227057  0.0191725   0.03289181  0.00729551 -0.03948837 -0.03945119  0.05716593  0.03748506 -0.01550765  0.02889526  0.01321229  0.00138548  0.01374767 -0.02287809  0.00589166]
 [ 0.00282305  0.01976691  0.03102838  0.00758837 -0.04517624 -0.04927298  0.04848154  0.04130568 -0.02516064  0.02725348  0.00471356  0.00442748  0.01515129 -0.01474863  0.0026924 ]
 [ 0.00064793  0.02171374  0.0325788   0.00466494 -0.0353586  -0.03586438  0.05986133  0.03863561 -0.01362711  0.02821451  0.01216078 -0.00184195  0.0103566  -0.02050026  0.01109342]]
R_hid(hidden representaion to predict r):
[[0.0000000e+00 0.0000000e+00 0.0000000e+00 0.0000000e+00 1.5424559e+00 3.9656963e-02 1.1756078e+00 0.0000000e+00 0.0000000e+00 1.1996527e+00 0.0000000e+00 2.1353506e-01 2.1481001e-01 0.0000000e+00 1.7153703e+00]
 [0.0000000e+00 0.0000000e+00 0.0000000e+00 0.0000000e+00 2.1275852e+00 0.0000000e+00 1.0186950e+00 0.0000000e+00 0.0000000e+00 1.1441723e+00 0.0000000e+00 1.3046783e-01 2.0309336e-01 0.0000000e+00 2.2354088e+00]
 [4.6827071e-04 0.0000000e+00 0.0000000e+00 0.0000000e+00 2.2478855e+00 0.0000000e+00 1.0967553e+00 0.0000000e+00 0.0000000e+00 1.3871249e+00 0.0000000e+00 2.1978483e-01 2.8388253e-01 0.0000000e+00 2.4947045e+00]
 [0.0000000e+00 0.0000000e+00 0.0000000e+00 0.0000000e+00 1.9878024e+00 0.0000000e+00 1.1363728e+00 0.0000000e+00 0.0000000e+00 1.1094357e+00 0.0000000e+00 4.2036089e-01 4.2728266e-01 0.0000000e+00 2.2702904e+00]
 [0.0000000e+00 0.0000000e+00 0.0000000e+00 0.0000000e+00 1.9159888e+00 0.0000000e+00 1.2649473e+00 0.0000000e+00 0.0000000e+00 1.2600100e+00 0.0000000e+00 3.2104465e-01 6.0816890e-01 0.0000000e+00 2.1804020e+00]
 [0.0000000e+00 0.0000000e+00 0.0000000e+00 0.0000000e+00 1.9925245e+00 0.0000000e+00 1.0484115e+00 0.0000000e+00 0.0000000e+00 1.1682336e+00 0.0000000e+00 2.7054277e-01 3.2609284e-01 0.0000000e+00 2.1165802e+00]
 [0.0000000e+00 4.4985805e-02 0.0000000e+00 0.0000000e+00 1.7162505e+00 0.0000000e+00 1.1551834e+00 0.0000000e+00 4.7582045e-01 3.9161915e-01 0.0000000e+00 1.8822534e-01 6.0770339e-01 0.0000000e+00 0.0000000e+00]
 [0.0000000e+00 1.9089212e-01 0.0000000e+00 0.0000000e+00 1.5178090e+00 0.0000000e+00 1.2419939e+00 0.0000000e+00 4.2423323e-01 3.5347053e-01 0.0000000e+00 3.3563760e-01 6.1925709e-01 0.0000000e+00 0.0000000e+00]
 [1.4529976e-01 5.7215708e-01 0.0000000e+00 3.8172375e-02 1.5024470e+00 0.0000000e+00 1.0902182e+00 0.0000000e+00 3.7613994e-01 3.0683091e-01 0.0000000e+00 2.9601780e-01 8.1744838e-01 0.0000000e+00 0.0000000e+00]
 [5.4594088e-01 3.0266842e-01 0.0000000e+00 2.3040193e-01 1.2872534e+00 6.1643845e-01 1.0207783e+00 4.7788448e-03 4.7433230e-01 3.0513987e-02 6.1640080e-02 6.7037559e-01 6.7877877e-01 0.0000000e+00 0.0000000e+00]
 [1.4361987e-01 4.4711712e-01 0.0000000e+00 3.0935192e-01 1.1768684e+00 2.3261435e-01 1.1147807e+00 0.0000000e+00 7.5259578e-01 2.3597142e-01 1.6931316e-01 2.5557083e-01 5.3712833e-01 0.0000000e+00 0.0000000e+00]
 [3.5782397e-01 2.5701284e-01 0.0000000e+00 4.4037473e-01 1.5872972e+00 6.1719060e-02 1.1933560e+00 0.0000000e+00 5.8019352e-01 5.2533481e-02 0.0000000e+00 5.1081014e-01 4.5182362e-01 0.0000000e+00 0.0000000e+00]
 [3.4872004e-01 3.7559345e-01 0.0000000e+00 1.7968822e-01 6.6077954e-01 2.9656583e-01 1.1257167e+00 0.0000000e+00 7.0006275e-01 0.0000000e+00 8.8321522e-02 4.8195237e-01 3.3783168e-01 0.0000000e+00 0.0000000e+00]
 [6.6607720e-01 1.6522273e-01 0.0000000e+00 0.0000000e+00 8.1844503e-01 6.9872761e-01 9.4337684e-01 4.7820389e-02 1.0461822e+00 1.4140591e-01 1.8238480e-01 6.5450317e-01 5.1887941e-01 0.0000000e+00 0.0000000e+00]
 [2.2960523e-01 5.3776354e-01 0.0000000e+00 3.8801283e-01 1.1473907e+00 4.0053442e-01 7.3359764e-01 0.0000000e+00 1.0452204e+00 0.0000000e+00 1.5171707e-01 7.0687455e-01 4.2595819e-01 0.0000000e+00 0.0000000e+00]]
topics:
[[-7.15839788e-02 -6.05223281e-03  2.09255256e-02  5.92078157e-02  3.00686166e-04  6.57371385e-03  2.30787888e-01  3.80742401e-02  3.24388668e-02  4.93877605e-02  7.81182423e-02 -1.42632946e-02  3.59139666e-02 -1.31848976e-01  8.23844820e-02]
 [ 3.14720161e-02  3.78157161e-02 -1.60555467e-02  4.89598839e-03  6.32571578e-02 -4.26563248e-02  2.38715392e-02 -2.53956076e-02 -3.16847004e-02  3.83293144e-02 -7.71959312e-03  1.11595457e-02 -5.05415872e-02 -5.64457886e-02 -1.26194544e-02]
 [ 3.89706232e-02  2.92521752e-02  6.47116527e-02 -5.15560620e-02 -3.09967063e-02 -4.20166776e-02  9.42503959e-02  1.20037332e-01 -4.68574390e-02  4.56358008e-02 -3.53659801e-02 -3.72458249e-02 -1.91611033e-02  2.84074284e-02  1.06110930e-01]
 [-5.05821453e-03 -6.23037070e-02  7.60546029e-02 -2.30541732e-02 -2.17325255e-01  1.06658116e-02  3.07264496e-02  1.72031168e-02 -5.03165051e-02 -8.54504630e-02  3.47148962e-02  5.59121855e-02  3.35226930e-03 -6.71975017e-02  1.40104353e-01]
 [ 1.63164526e-01  1.39924639e-03  1.04566336e-01 -5.03189191e-02  1.56238331e-02 -3.32778916e-02  5.85015677e-03 -2.07734816e-02 -3.73191275e-02 -2.17658188e-02  1.09628692e-01  5.99179277e-03 -2.36533433e-02  4.08133678e-02 -5.49711660e-03]
 [ 7.68616423e-02  1.96297288e-01 -5.07875830e-02 -5.41427620e-02  8.25989768e-02 -1.13633517e-02  1.13610730e-01  3.61693129e-02  1.67771783e-02  1.04373479e-02 -9.98193622e-02 -2.52365749e-02 -7.22822174e-02  1.50158718e-01  6.61405697e-02]
 [-3.44197676e-02  1.00265210e-02  4.63850051e-02  4.83118836e-03 -3.98897417e-02  4.38094214e-02 -1.05456631e-04  9.51516163e-03  6.14086352e-02  2.91397404e-02  5.02178669e-02 -4.53897268e-02  1.52750183e-02 -4.06801254e-02 -3.36898528e-02]
 [-9.43072885e-02  8.13266933e-02  5.09270653e-02 -9.08022672e-02 -2.59505492e-02 -2.64086705e-02 -3.96103449e-02  7.90902507e-03  3.31727751e-02  1.02534018e-01 -4.56547290e-02  4.02085707e-02 -5.40431514e-02 -3.50740105e-02 -7.15232342e-02]
 [ 2.65076733e-03 -3.84118930e-02  3.10895778e-02  8.17986950e-02 -1.45366922e-01 -1.54068902e-01 -3.35893966e-02  2.98559405e-02 -9.81324017e-02  6.44787634e-03  2.25663893e-02  6.67542517e-02  1.03615470e-01 -1.61843486e-02 -1.14425093e-01]
 [ 9.03532561e-03  3.88055220e-02 -4.18713950e-02  6.22615106e-02 -2.46290714e-02 -2.11366510e-04 -2.25335546e-02  1.06672756e-01  7.41666779e-02 -8.66040885e-02 -1.61458850e-02 -7.08916709e-02 -2.15709601e-02 -9.83057618e-02  8.97880585e-04]]
R:
[[4.41063941e-03 4.55735624e-03 4.12056269e-03 2.69142492e-03 1.66705679e-02 3.00735165e-03 9.54987764e-01 4.48725978e-03 4.71176533e-03 3.55272321e-04]
 [2.68995832e-03 4.77193668e-03 4.70460299e-03 2.38913787e-03 1.13458065e-02 2.63593439e-03 9.63961840e-01 4.11324482e-03 3.11138481e-03 2.76224018e-04]
 [1.35153090e-03 3.58483451e-03 3.10929469e-03 1.36243703e-03 5.99010568e-03 1.85400399e-03 9.77182567e-01 2.90408568e-03 2.49925605e-03 1.61902441e-04]
 [4.69837943e-03 5.82522573e-03 4.86537116e-03 3.11837555e-03 2.55551860e-02 3.61569203e-03 9.40601647e-01 6.54931460e-03 4.82329400e-03 3.47582274e-04]
 [4.66649560e-03 5.28793316e-03 4.55293525e-03 3.19970632e-03 2.11844426e-02 3.45297321e-03 9.46306944e-01 6.32556621e-03 4.70165582e-03 3.21345346e-04]
 [3.90412868e-03 6.27875887e-03 4.80026240e-03 3.01758922e-03 2.44087428e-02 3.54862912e-03 9.42727804e-01 6.79097371e-03 4.16523172e-03 3.57784273e-04]
 [8.26657750e-03 2.83971913e-02 2.82828994e-02 1.71588957e-02 1.12650327e-01 2.35362276e-02 7.19304383e-01 3.23659480e-02 2.81755514e-02 1.86208670e-03]
 [1.24993203e-02 3.51981893e-02 3.19045857e-02 2.49528177e-02 1.35715365e-01 2.57405397e-02 6.55139565e-01 4.13247831e-02 3.50586325e-02 2.46621249e-03]
 [9.97437444e-03 3.20387296e-02 2.72964444e-02 2.26242933e-02 1.53728217e-01 2.38007326e-02 6.58765376e-01 3.74789909e-02 3.13194394e-02 2.97347317e-03]
 [3.30747068e-02 6.19353242e-02 1.64677680e-01 3.60800326e-02 5.73375188e-02 8.54275450e-02 3.59337777e-01 6.66648522e-02 1.27697945e-01 7.76665658e-03]
 [5.10419421e-02 5.61509393e-02 7.53626153e-02 4.62833568e-02 1.66533783e-01 4.83525023e-02 3.75986367e-01 8.09913278e-02 9.25490782e-02 6.74814964e-03]
 [3.10935769e-02 6.78949058e-02 1.44370466e-01 3.50331590e-02 6.80425912e-02 6.80769384e-02 3.95201385e-01 7.90911093e-02 1.06421955e-01 4.77388315e-03]
 [1.70068964e-01 6.92517832e-02 1.75979942e-01 2.77139880e-02 3.74784209e-02 7.67856464e-02 1.51889861e-01 6.80503547e-02 2.15828881e-01 6.95213675e-03]
 [1.15668133e-01 8.71861577e-02 2.13326037e-01 3.05851717e-02 1.53430142e-02 8.56371075e-02 1.28120244e-01 5.54697514e-02 2.61831611e-01 6.83273515e-03]
 [1.65933847e-01 7.30022490e-02 1.90128252e-01 2.82939337e-02 4.13418971e-02 8.52548182e-02 1.59044266e-01 5.77862747e-02 1.89846501e-01 9.36799496e-03]]
cosine similarity of topic:
[[ 1.00000000e+00  5.33303246e-05  5.04297204e-05 -5.19473106e-05 -1.13219023e-04 -1.31665729e-05  2.63568945e-05  1.22919679e-04  9.06907953e-05  4.35321126e-05]
 [ 5.33303246e-05  9.99999881e-01 -2.49891076e-04 -2.46629119e-04 -2.39913352e-05 -1.79168768e-04 -1.97323505e-04  1.26491301e-04  2.14684289e-04  3.62106075e-04]
 [ 5.04297204e-05 -2.49891076e-04  9.99999881e-01 -2.74535269e-05 -1.46808336e-04  5.52139245e-05  8.75003170e-05  4.77875583e-05  1.37556344e-05  1.12775015e-04]
 [-5.19473106e-05 -2.46629119e-04 -2.74535269e-05  9.99999940e-01 -1.31384004e-04 -9.50470567e-05 -6.83087856e-05  2.11475417e-05  2.73841433e-05 -1.38916308e-04]
 [-1.13219023e-04 -2.39913352e-05 -1.46808336e-04 -1.31384004e-04  9.99999821e-01 -3.57481185e-05  1.01047801e-04  4.23599035e-04 -1.78506598e-04  4.00372082e-05]
 [-1.31665729e-05 -1.79168768e-04  5.52139245e-05 -9.50470567e-05 -3.57481185e-05  1.00000000e+00 -1.15181087e-04 -4.08664346e-05  1.33044377e-05 -1.56225171e-04]
 [ 2.63568945e-05 -1.97323505e-04  8.75003170e-05 -6.83087856e-05  1.01047801e-04 -1.15181087e-04  1.00000000e+00  1.11437403e-05  1.82786956e-04 -1.61877833e-04]
 [ 1.22919679e-04  1.26491301e-04  4.77875583e-05  2.11475417e-05  4.23599035e-04 -4.08664346e-05  1.11437403e-05  1.00000012e+00 -1.79206021e-04  3.28770839e-04]
 [ 9.06907953e-05  2.14684289e-04  1.37556344e-05  2.73841433e-05 -1.78506598e-04  1.33044377e-05  1.82786956e-04 -1.79206021e-04  1.00000036e+00 -1.18287280e-05]
 [ 4.35321126e-05  3.62106075e-04  1.12775015e-04 -1.38916308e-04  4.00372082e-05 -1.56225171e-04 -1.61877833e-04  3.28770839e-04 -1.18287280e-05  9.99999881e-01]]
