hidden representaion(r*topic):
[[ 0.14795369  0.49980196 -0.13214889 -0.15462561  0.21518663 -0.02745687  0.28692034  0.14228593  0.02247967  0.0624912  -0.3950768  -0.11371516 -0.07447698  0.43863487  0.15400328]
 [ 0.14798473  0.5002055  -0.13247824 -0.15464276  0.21550433 -0.02735775  0.2869896   0.14213277  0.02263673  0.06243796 -0.395393   -0.1137322  -0.07449519  0.43898356  0.15391152]
 [ 0.14790927  0.49880406 -0.13135967 -0.15457274  0.21445158 -0.02769733  0.2867057   0.14258425  0.02209488  0.06260362 -0.39428037 -0.11365408 -0.0744407   0.43777612  0.15416928]
 [ 0.1478116   0.49013272 -0.12490921 -0.15391418  0.20873822 -0.02973592  0.2843173   0.14413561  0.01882406  0.06343182 -0.387162   -0.11282074 -0.07425528  0.4301591   0.15482138]
 [ 0.1481918   0.49486032 -0.12870535 -0.15415405  0.21239468 -0.02857626  0.28516302  0.14243329  0.02064895  0.06278876 -0.39088663 -0.1130655  -0.07445189  0.43432227  0.15381634]
 [ 0.14818624  0.4945081  -0.12814449 -0.15430142  0.21179801 -0.02867511  0.28529164  0.1430273   0.02044887  0.06278635 -0.39070845 -0.11324973 -0.07435991  0.43431425  0.15424754]
 [ 0.15290628  0.40935925 -0.06729434 -0.14739998  0.16234156 -0.04780913  0.254678    0.14667708 -0.01111784  0.0670284  -0.31877932 -0.10294992 -0.07367405  0.362269    0.15140799]
 [ 0.15051626  0.35572174 -0.03454468 -0.13930348  0.13468263 -0.05989908  0.2342289   0.14424142 -0.02898298  0.07368755 -0.27211988 -0.09237374 -0.07462723  0.30666116  0.14544925]
 [ 0.15466566  0.35772327 -0.03683314 -0.13961415  0.13940555 -0.05881741  0.23058549  0.13760364 -0.02804724  0.07044081 -0.27272993 -0.09195413 -0.07513466  0.3114796   0.14031363]
 [ 0.13329871  0.16872689  0.07664601 -0.1090961   0.02375417 -0.09372701  0.13514388  0.11949926 -0.07389838  0.07510825 -0.11141621 -0.05891209 -0.06562078  0.12926072  0.09148864]
 [ 0.14406025  0.19625767  0.06990734 -0.1194851   0.03744242 -0.09179609  0.1609434   0.13898267 -0.0752947   0.07743403 -0.13677296 -0.06939472 -0.06829413  0.16348134  0.11717524]
 [ 0.13631348  0.17330788  0.07825646 -0.11240293  0.024076   -0.09383743  0.14256239  0.12843142 -0.07551672  0.07558497 -0.1164322  -0.06280888 -0.0662459   0.13679874  0.10110591]
 [ 0.06573244  0.05881639  0.14329128 -0.06689581 -0.09371354 -0.13339455  0.0886499   0.16055295 -0.10947169  0.08474797 -0.05248634 -0.04350055  0.0206951   0.05038691  0.0466342 ]
 [ 0.07072342  0.06551376  0.1369141  -0.07115246 -0.0832315  -0.12653232  0.08793966  0.15027425 -0.10188269  0.08128411 -0.05259352 -0.04357117  0.00662464  0.04887319  0.04773814]
 [ 0.06817842  0.06508898  0.13951734 -0.07081452 -0.08662935 -0.1298005   0.09083194  0.15788355 -0.10523143  0.08519469 -0.05441248 -0.0441101   0.01146668  0.0503807   0.04994683]]
R_hid(hidden representaion to predict r):
[[4.931278   0.         2.5548704  4.5924225  0.         7.9814     0.         0.         0.         0.42775375 0.         0.         3.5257516  1.6725006  0.        ]
 [4.283475   0.         2.3897843  4.862672   0.         7.022354   0.         0.         0.         0.7338174  0.         0.         2.8901289  1.9551436  0.        ]
 [3.6342795  0.         1.9573833  4.0988197  0.         5.7280374  0.         0.         0.         0.75512505 0.         0.         2.7217567  1.5410929  0.        ]
 [2.875921   0.         2.0353258  2.8382907  0.         4.366204   0.         0.         0.         0.4740237  0.         0.         2.0654557  1.335087   0.        ]
 [2.321981   0.06807351 1.1170124  2.7016225  0.         3.7021854  0.         0.         0.         0.9029354  0.         0.         2.036835   1.4490335  0.        ]
 [2.5537593  0.         1.6870458  3.003398   0.         4.352553   0.         0.         0.         0.         0.         0.         2.0097606  1.2970688  0.        ]
 [1.1061392  0.         0.6383075  1.4435672  0.         2.175569   0.         0.         0.         0.23489788 0.         0.         0.9430323  0.5154997  0.        ]
 [1.0871482  0.         0.47246403 1.250974   0.05564122 1.6127586  0.         0.         0.         0.18836115 0.         0.         0.62228906 0.3600299  0.        ]
 [0.9043292  0.         0.6699188  1.1746212  0.         0.         0.         0.         0.         0.32552993 0.         0.         0.668887   0.         0.        ]
 [0.47207132 0.11988876 0.24621077 0.5181089  0.16332619 0.9207789  0.         0.         0.         0.25021368 0.         0.         0.12816724 0.         0.        ]
 [0.         0.24541752 0.1728203  0.5070662  0.25842854 1.2169646  0.         0.         0.         0.24277404 0.         0.         0.3425553  0.01205925 0.        ]
 [0.33650473 0.16477516 0.23121938 0.5669973  0.20548348 1.0536934  0.         0.         0.         0.         0.         0.         0.23421186 0.0394606  0.        ]
 [0.10811773 0.54611534 0.03737916 0.2285323  0.468225   0.922049   0.05921529 0.11431381 0.         0.24158856 0.1204712  0.0974171  0.0753281  0.         0.        ]
 [0.10868692 0.4444771  0.14101624 0.23327915 0.43345553 0.8255024  0.05544635 0.05886094 0.         0.1642319  0.         0.09787547 0.09574642 0.         0.        ]
 [0.16054164 0.4499567  0.02498195 0.14558628 0.39846152 0.90264    0.04313936 0.11014167 0.         0.15757684 0.         0.07111679 0.         0.         0.        ]]
topics:
[[-0.11068964 -0.05400519  0.06104944  0.14415736 -0.00389877 -0.07743807  0.47558597 -0.01032171 -0.02487543  0.05433501 -0.07305068 -0.12292277  0.06930806 -0.09436999  0.12779436]
 [ 0.07560742  0.09046802 -0.01898638 -0.00269497  0.13640144 -0.12049865  0.0820517  -0.04793075 -0.08454916  0.17232503  0.00079074  0.06390322 -0.11621498 -0.17568243 -0.01647799]
 [ 0.11865748  0.07407294  0.21340795 -0.13586058 -0.11554348 -0.13157207  0.20978674  0.29665607 -0.14300129  0.11651079 -0.06023708 -0.09428727 -0.05598003  0.07193837  0.2453603 ]
 [-0.0406834  -0.16945969  0.20164496 -0.10011755 -0.5535077   0.02535649  0.03981021  0.02482449 -0.15259743 -0.17134435  0.07347742  0.15849636  0.01646866 -0.18252438  0.3462552 ]
 [ 0.42140478 -0.03337193  0.23280467 -0.1330151   0.07471351 -0.12263654 -0.09424046 -0.12736593 -0.18977647 -0.07597742  0.09943411 -0.03454014 -0.08620203  0.18898636 -0.08117279]
 [ 0.14800237  0.5006421  -0.13282613 -0.15466416  0.21582796 -0.02725258  0.28708294  0.1419997   0.0228058   0.06239032 -0.39574084 -0.11375709 -0.07451169  0.43935513  0.15383692]
 [ 0.0071362   0.03381559  0.02201013  0.08170997 -0.16405107 -0.03913786 -0.08660566 -0.05936581  0.15768968  0.03079928  0.11793135 -0.1347536  -0.10422738 -0.07994683 -0.18159647]
 [-0.22350468  0.21380192  0.06583273 -0.24465355 -0.05430818 -0.05717998 -0.08539455  0.02488595  0.10193004  0.2576136  -0.1027729   0.09127177 -0.1519882  -0.09414361 -0.20250373]
 [-0.18692967 -0.1358359   0.21180132  0.10937699 -0.34191623 -0.29837266 -0.10156865  0.23409079 -0.23934712  0.1193205  -0.05153215  0.057699    0.4855482   0.01700482 -0.28950685]
 [ 0.04645843  0.1029308  -0.12701811  0.15524669 -0.04885143  0.02248266 -0.08557426  0.24888605  0.18351534 -0.24094439 -0.04669103 -0.2040421  -0.06670577 -0.23610657  0.00200904]]
R:
[[3.22023661e-19 1.18709431e-05 1.91935233e-03 2.94114688e-17 3.10667274e-05 9.98037755e-01 3.64733132e-14 8.31658978e-11 1.39346975e-19 3.12842776e-14]
 [1.68621554e-18 1.66470891e-05 9.54625430e-04 1.30105081e-16 4.23157180e-05 9.98986423e-01 6.40307509e-14 5.80621884e-10 1.55440976e-19 9.91882764e-14]
 [1.19300557e-15 7.92563369e-05 4.08395194e-03 2.51584371e-14 1.18789889e-04 9.95717943e-01 1.05604171e-11 7.27570315e-09 2.93208528e-16 1.12634407e-11]
 [1.09170130e-11 2.17153458e-03 2.00098641e-02 1.72905815e-10 2.02737330e-03 9.75789547e-01 1.08255467e-08 1.77890888e-06 3.84253740e-12 9.74598890e-09]
 [2.93161016e-11 1.93868857e-03 8.96921847e-03 3.43016116e-10 2.17205263e-03 9.86917675e-01 2.43205402e-08 2.26214888e-06 2.78971048e-11 1.28744819e-08]
 [3.55611330e-12 7.19497737e-04 1.11119580e-02 8.83467119e-11 2.05719983e-03 9.86110210e-01 1.65068670e-08 1.04860703e-06 3.81311606e-12 3.53146135e-09]
 [7.41925533e-06 2.54076570e-02 1.35690823e-01 2.56576386e-05 4.17620614e-02 7.95020580e-01 2.19074471e-04 1.71553378e-03 1.03304628e-05 1.40932359e-04]
 [6.06265676e-05 6.86857700e-02 1.99509904e-01 1.24240891e-04 5.56010716e-02 6.70308709e-01 5.80778578e-04 4.45391005e-03 7.00292803e-05 6.04992965e-04]
 [8.01885471e-05 6.65125549e-02 1.78554282e-01 2.22962117e-04 6.92427829e-02 6.78373575e-01 9.30655980e-04 5.13257878e-03 6.78246724e-05 8.82600027e-04]
 [9.89486557e-03 1.25353426e-01 3.30405444e-01 1.21509917e-02 1.46172404e-01 2.59382188e-01 2.81078648e-02 4.90239523e-02 2.08253171e-02 1.86835006e-02]
 [4.12524911e-03 1.05125226e-01 3.70598316e-01 5.22723328e-03 1.29005149e-01 3.16084027e-01 1.60618201e-02 2.99422946e-02 1.22844977e-02 1.15462169e-02]
 [8.40673503e-03 1.14679597e-01 3.55087966e-01 9.87711828e-03 1.40931621e-01 2.67271906e-01 2.37002391e-02 4.38559465e-02 1.77950468e-02 1.83937997e-02]
 [2.14028507e-02 7.74378851e-02 4.17753875e-01 1.93843078e-02 1.02408491e-01 7.23951086e-02 5.04981428e-02 4.97393943e-02 1.64650753e-01 2.43291352e-02]
 [2.46158876e-02 8.16467851e-02 3.98764104e-01 2.21266486e-02 1.13635592e-01 7.71206096e-02 4.90918607e-02 6.19252808e-02 1.40963733e-01 3.01095210e-02]
 [2.15821285e-02 8.15157443e-02 4.16856527e-01 1.86334141e-02 1.03392862e-01 7.64721483e-02 4.80509214e-02 5.73748127e-02 1.49497449e-01 2.66239978e-02]]
cosine similarity of topic:
[[ 1.00000024e+00 -3.19888568e-05  2.58001764e-05 -2.02230331e-05 -2.67228061e-05 -6.58310164e-05 -4.15976729e-06  9.40985992e-05  7.37785967e-06  7.80277333e-05]
 [-3.19888568e-05  1.00000000e+00 -3.80303463e-05 -4.16788134e-05 -8.66731716e-05 -7.42872653e-05  3.07602531e-05  8.06213066e-05 -1.09693128e-05  2.97261922e-05]
 [ 2.58001764e-05 -3.80303463e-05  1.00000024e+00 -3.32723248e-05 -4.22355879e-05 -6.12145523e-05 -6.01107531e-05  6.68452049e-05 -3.97844815e-05  5.84916270e-05]
 [-2.02230331e-05 -4.16788134e-05 -3.32723248e-05  1.00000012e+00 -3.97035728e-06  5.21863440e-05  5.15655374e-05 -4.11989749e-05 -3.09488496e-05 -3.28498645e-05]
 [-2.67228061e-05 -8.66731716e-05 -4.22355879e-05 -3.97035728e-06  9.99999881e-01 -8.51036530e-05 -2.28240497e-05  1.73640728e-05  1.61887492e-05 -5.13097330e-05]
 [-6.58310164e-05 -7.42872653e-05 -6.12145523e-05  5.21863440e-05 -8.51036530e-05  1.00000048e+00 -5.82016110e-05 -4.56743001e-05 -1.08345586e-04 -3.21347798e-05]
 [-4.15976729e-06  3.07602531e-05 -6.01107531e-05  5.15655374e-05 -2.28240497e-05 -5.82016110e-05  1.00000012e+00  1.25546620e-04 -4.49776962e-05 -2.44514813e-05]
 [ 9.40985992e-05  8.06213066e-05  6.68452049e-05 -4.11989749e-05  1.73640728e-05 -4.56743001e-05  1.25546620e-04  1.00000083e+00 -3.09746356e-05 -8.28636767e-05]
 [ 7.37785967e-06 -1.09693128e-05 -3.97844815e-05 -3.09488496e-05  1.61887492e-05 -1.08345586e-04 -4.49776962e-05 -3.09746356e-05  9.99999583e-01  5.39716666e-06]
 [ 7.80277333e-05  2.97261922e-05  5.84916270e-05 -3.28498645e-05 -5.13097330e-05 -3.21347798e-05 -2.44514813e-05 -8.28636767e-05  5.39716666e-06  1.00000000e+00]]
