hidden representaion(r*topic):
[[-0.05533886  0.09819712  0.10270275 -0.03196828 -0.0217562  -0.0540469   0.4350769   0.11851279  0.01782926  0.08100363 -0.19197503 -0.1861382  -0.02695219 -0.08889516  0.20933104]
 [-0.05694963  0.0989395   0.09884554 -0.02933283 -0.020328   -0.0530199   0.4359551   0.11542724  0.02129732  0.07915922 -0.19354728 -0.18636166 -0.02587428 -0.09118377  0.20822045]
 [-0.05897795  0.09991494  0.09537298 -0.02718268 -0.01824335 -0.05160897  0.4375632   0.11194944  0.0253223   0.07754483 -0.19589405 -0.18805204 -0.02533444 -0.09332614  0.20679066]
 [-0.04790521  0.0982924   0.10852748 -0.03758617 -0.02915597 -0.05747362  0.4208958   0.12684116  0.00992419  0.08156156 -0.18445405 -0.17937867 -0.02792624 -0.08025993  0.20787704]
 [-0.04677776  0.09748882  0.11120697 -0.03954845 -0.030523   -0.05796018  0.4211616   0.12878421  0.00738473  0.0825737  -0.18341579 -0.17884667 -0.02872158 -0.07891923  0.20995766]
 [-0.04443577  0.09719779  0.11213389 -0.04011619 -0.03269516 -0.05918048  0.41548902  0.1312802   0.00511357  0.08230886 -0.18038085 -0.17622472 -0.0286953  -0.07738317  0.20852384]
 [-0.00234821  0.09252229  0.16622818 -0.08555081 -0.06705447 -0.08329104  0.3622841   0.19255179 -0.05886901  0.10657469 -0.13862658 -0.14249787 -0.04379297 -0.02788872  0.21984562]
 [ 0.00335975  0.09250527  0.16785207 -0.08764713 -0.07154718 -0.08507518  0.3490844   0.19712937 -0.06311182  0.10522529 -0.13224153 -0.13756183 -0.04501789 -0.02377216  0.21680865]
 [ 0.00144777  0.09450379  0.16256584 -0.08448256 -0.06831203 -0.08393254  0.34730634  0.19377641 -0.05918933  0.10459572 -0.133226   -0.13864937 -0.04537353 -0.02592864  0.21235035]
 [ 0.04148261  0.10048027  0.12034294 -0.07070436 -0.09565912 -0.07567418  0.15989092  0.20194933 -0.03175907  0.03360846 -0.07875482 -0.10754155 -0.0623805  -0.04307107  0.1309944 ]
 [ 0.06874046  0.09017693  0.20405371 -0.13028745 -0.113442   -0.10549214  0.22091286  0.2522205  -0.11403753  0.09695066 -0.06985972 -0.08986672 -0.06709244  0.02141111  0.19750004]
 [ 0.03860553  0.09786602  0.13638373 -0.08147922 -0.10098626 -0.08150008  0.17984085  0.20907067 -0.04702308  0.05116655 -0.0795174  -0.10290186 -0.06058164 -0.03268495  0.14499116]
 [ 0.12412753  0.11568721  0.12007707 -0.11643866 -0.06599957 -0.07694039  0.04638926  0.16365089 -0.01607441 -0.00700979 -0.05973249 -0.09709671 -0.0958545  -0.01240365  0.08369434]
 [ 0.11977956  0.11863907  0.1266566  -0.12757754 -0.06396001 -0.07975826  0.05989995  0.15769567 -0.02060786  0.00825627 -0.0643211  -0.09328517 -0.09666086 -0.00331586  0.08783501]
 [ 0.13021809  0.11667919  0.13034421 -0.12951007 -0.06342912 -0.08000309  0.0541091   0.15991089 -0.02308825  0.00187511 -0.06153894 -0.09531441 -0.09870164 -0.00068905  0.08981779]]
R_hid(hidden representaion to predict r):
[[6.78527772e-01 1.57384598e+00 0.00000000e+00 0.00000000e+00 2.05874300e+00 0.00000000e+00 5.49004436e-01 0.00000000e+00 0.00000000e+00 3.00682732e-03 0.00000000e+00 0.00000000e+00 1.88404873e-01 0.00000000e+00 1.82543933e+00]
 [1.09047115e+00 1.41601348e+00 0.00000000e+00 0.00000000e+00 2.19604254e+00 0.00000000e+00 4.94103044e-01 7.16824606e-02 0.00000000e+00 3.01345259e-01 0.00000000e+00 0.00000000e+00 3.50696832e-01 0.00000000e+00 1.69791436e+00]
 [1.26054597e+00 1.32745981e+00 0.00000000e+00 0.00000000e+00 2.36737776e+00 0.00000000e+00 4.78256732e-01 2.28003219e-01 0.00000000e+00 3.98508221e-01 0.00000000e+00 0.00000000e+00 9.75982621e-02 0.00000000e+00 1.46526444e+00]
 [2.34256595e-01 1.22438383e+00 4.71003907e-04 0.00000000e+00 1.44451070e+00 0.00000000e+00 0.00000000e+00 2.80480348e-02 0.00000000e+00 5.09338319e-01 0.00000000e+00 0.00000000e+00 2.12236896e-01 0.00000000e+00 1.69645393e+00]
 [4.31307733e-01 1.44774628e+00 0.00000000e+00 0.00000000e+00 1.32236314e+00 0.00000000e+00 8.28276128e-02 1.27304599e-01 1.60056159e-01 3.02794993e-01 0.00000000e+00 0.00000000e+00 2.76839491e-02 0.00000000e+00 1.70242500e+00]
 [4.90826488e-01 1.35688949e+00 0.00000000e+00 0.00000000e+00 1.66245854e+00 0.00000000e+00 1.63490564e-01 5.67578077e-02 0.00000000e+00 3.61681521e-01 0.00000000e+00 0.00000000e+00 2.28424668e-01 0.00000000e+00 1.48109663e+00]
 [4.76198375e-01 1.20893145e+00 0.00000000e+00 0.00000000e+00 1.60265040e+00 0.00000000e+00 1.72081780e+00 1.18329120e-03 0.00000000e+00 0.00000000e+00 0.00000000e+00 2.33213857e-01 0.00000000e+00 1.57460812e-02 1.57927001e+00]
 [6.74920261e-01 7.02832639e-01 7.20072985e-02 0.00000000e+00 1.81427217e+00 8.86721984e-02 1.41814721e+00 6.80378199e-01 0.00000000e+00 0.00000000e+00 0.00000000e+00 0.00000000e+00 0.00000000e+00 3.91937613e-01 1.21906900e+00]
 [9.53238785e-01 9.86553848e-01 0.00000000e+00 0.00000000e+00 2.12157655e+00 0.00000000e+00 1.83961475e+00 2.08601411e-02 0.00000000e+00 0.00000000e+00 0.00000000e+00 0.00000000e+00 0.00000000e+00 0.00000000e+00 1.33036888e+00]
 [6.42726839e-01 6.32463098e-01 0.00000000e+00 0.00000000e+00 1.72801960e+00 0.00000000e+00 1.41534448e+00 0.00000000e+00 0.00000000e+00 0.00000000e+00 3.74690175e-01 0.00000000e+00 6.95785701e-01 0.00000000e+00 6.38271451e-01]
 [0.00000000e+00 1.29487947e-01 0.00000000e+00 0.00000000e+00 1.14958835e+00 2.63604045e-01 1.64880955e+00 1.17539605e-02 0.00000000e+00 0.00000000e+00 6.07296586e-01 0.00000000e+00 0.00000000e+00 0.00000000e+00 7.13240743e-01]
 [2.42785811e-01 7.63111711e-01 0.00000000e+00 0.00000000e+00 1.80768740e+00 0.00000000e+00 1.40841496e+00 0.00000000e+00 0.00000000e+00 0.00000000e+00 5.55933893e-01 0.00000000e+00 4.62009072e-01 0.00000000e+00 7.78563321e-01]
 [0.00000000e+00 8.16984922e-02 0.00000000e+00 0.00000000e+00 1.00843167e+00 0.00000000e+00 1.17243457e+00 0.00000000e+00 0.00000000e+00 0.00000000e+00 1.11931121e+00 0.00000000e+00 6.68843806e-01 6.45822227e-01 6.83205903e-01]
 [0.00000000e+00 0.00000000e+00 0.00000000e+00 0.00000000e+00 1.11596560e+00 0.00000000e+00 1.41166294e+00 0.00000000e+00 0.00000000e+00 0.00000000e+00 1.06084538e+00 0.00000000e+00 4.25722629e-01 7.96673357e-01 7.05528378e-01]
 [0.00000000e+00 0.00000000e+00 0.00000000e+00 0.00000000e+00 1.18511999e+00 0.00000000e+00 1.19026506e+00 0.00000000e+00 7.96876615e-04 0.00000000e+00 1.17986262e+00 0.00000000e+00 5.38043857e-01 8.15306008e-01 6.00850880e-01]]
topics:
[[-0.09737059  0.099406    0.06922887  0.00286951  0.01124322 -0.03366721  0.5174358   0.07354058  0.06557404  0.07018091 -0.23821193 -0.22612911 -0.01348575 -0.12927303  0.22030887]
 [ 0.08751251  0.08867837 -0.03967604 -0.00354409  0.15357332 -0.13961022  0.07357942 -0.04226583 -0.05276664  0.18706757  0.02347508  0.06660257 -0.11804208 -0.21190435 -0.02844033]
 [ 0.08962529  0.07731219  0.3057128  -0.18678191 -0.14356782 -0.13877682  0.29555014  0.3494827  -0.21720554  0.16963741 -0.05709636 -0.08328304 -0.07284647  0.09117454  0.2798823 ]
 [-0.0266135  -0.1744796   0.19790176 -0.13960777 -0.6396984   0.02418407  0.00085019  0.04734393 -0.03869596 -0.2196307   0.08968718  0.17057325  0.01701251 -0.2187573   0.39316246]
 [ 0.51171625  0.19621326  0.19361345 -0.38251892  0.16736677 -0.10507582 -0.2136331  -0.06505711  0.00811314 -0.0797996  -0.05717762 -0.10958729 -0.24770498  0.20795855 -0.03337085]
 [ 0.2107583   0.6206242  -0.2356477  -0.15051813  0.2676252  -0.06186334  0.32776004  0.11392031  0.1553695   0.05057169 -0.38130745 -0.06993796 -0.09806035  0.48321155  0.17736553]
 [-0.0222185  -0.001753    0.10290892  0.06235243 -0.20933396  0.00824647 -0.1116658  -0.0347944  -0.03919272  0.07740263  0.09042837 -0.3182624  -0.1325226  -0.01554054 -0.20391938]
 [-0.27719325  0.22418076  0.04946441 -0.2675028  -0.08634715 -0.08533597 -0.10042924  0.03207064  0.12451123  0.29586676 -0.10541429  0.06570823 -0.14022417 -0.12722887 -0.22884738]
 [-0.06147001 -0.00370793  0.1197317   0.17803974 -0.3577542  -0.38067403 -0.0418685   0.1979175  -0.02988896  0.04967675 -0.00990752  0.3234014   0.56178    -0.07203645 -0.23639561]
 [ 0.04499625  0.11939577 -0.12145787  0.17599793 -0.06272542  0.0215441  -0.09018256  0.29237503  0.16677523 -0.27710384 -0.0576724  -0.2132589  -0.07583135 -0.27031773  0.00647232]]
R:
[[0.75130373 0.01570492 0.16246018 0.00962884 0.00691626 0.0084511  0.01045579 0.01195212 0.00637011 0.01675695]
 [0.7584466  0.01744192 0.14996901 0.01093244 0.00605605 0.01036715 0.01016912 0.01155778 0.0071155  0.01794451]
 [0.7691871  0.01660332 0.13665035 0.0108956  0.00655132 0.01139851 0.01043819 0.01232554 0.00719506 0.01875508]
 [0.7081868  0.01391742 0.19002275 0.01258388 0.00802242 0.01201273 0.01372317 0.01268597 0.00916774 0.01967711]
 [0.70397556 0.01354542 0.1985317  0.01331971 0.00813495 0.01102006 0.0130657  0.01217363 0.00804608 0.01818731]
 [0.6887384  0.01547296 0.20574984 0.01407998 0.00774839 0.01177894 0.01420381 0.01181944 0.00954796 0.02086024]
 [0.45895073 0.01719357 0.43187273 0.01369285 0.00995482 0.01011993 0.01307307 0.01730636 0.00844034 0.01939561]
 [0.42550927 0.01997529 0.44569424 0.01641262 0.01054576 0.01287829 0.01656129 0.01705871 0.01005314 0.02531139]
 [0.42816374 0.0237288  0.43269607 0.01436655 0.00874473 0.01541927 0.01944677 0.01911331 0.00991025 0.02841059]
 [0.15391332 0.03528919 0.36653033 0.04756357 0.04863047 0.02752283 0.04722036 0.05472947 0.02353448 0.19506596]
 [0.09653432 0.03074609 0.6262015  0.036748   0.04289326 0.01887316 0.02472092 0.02792306 0.01525777 0.08010186]
 [0.15651299 0.03485522 0.41230956 0.04723319 0.0388094  0.02645957 0.04363197 0.05504102 0.02293458 0.16221249]
 [0.05219818 0.02915127 0.2885827  0.05482413 0.20869887 0.02380049 0.04168321 0.06121262 0.02306291 0.21678562]
 [0.06614358 0.02987527 0.29619205 0.05529134 0.20789848 0.02864045 0.04128291 0.07157391 0.02134273 0.18175925]
 [0.05838962 0.02696438 0.30299526 0.05535147 0.22133426 0.02458947 0.03992465 0.06093742 0.02095249 0.18856096]]
cosine similarity of topic:
[[ 1.0000000e+00 -1.1829945e-06 -2.7621481e-05 -4.0374245e-05  3.2262840e-05  1.0574289e-04  1.7048085e-06  5.3403841e-05  2.6083782e-05  7.8151694e-05]
 [-1.1829945e-06  1.0000001e+00  2.6271462e-06  6.6460838e-05 -1.1335349e-05  5.0221253e-05  1.7036171e-05 -1.2119977e-04 -3.6733269e-05 -8.7263928e-05]
 [-2.7621481e-05  2.6271462e-06  1.0000001e+00  3.2270989e-05  7.5663971e-05  2.4334846e-05  9.4601062e-05  1.7985817e-06 -4.7835742e-06 -3.7666141e-05]
 [-4.0374245e-05  6.6460838e-05  3.2270989e-05  9.9999988e-01 -5.6626333e-05 -4.7662950e-05 -3.6809244e-05  1.0164956e-06 -1.4408837e-06 -1.8242870e-05]
 [ 3.2262840e-05 -1.1335349e-05  7.5663971e-05 -5.6626333e-05  1.0000000e+00  2.6486792e-05 -1.2144926e-05 -8.4066160e-05  2.0839409e-05  1.9423622e-05]
 [ 1.0574289e-04  5.0221253e-05  2.4334846e-05 -4.7662950e-05  2.6486792e-05  9.9999964e-01 -5.3717381e-06  1.9240446e-05  7.4781360e-06 -3.3578985e-05]
 [ 1.7048085e-06  1.7036171e-05  9.4601062e-05 -3.6809244e-05 -1.2144926e-05 -5.3717381e-06  9.9999994e-01  7.3825744e-05  1.0443045e-04  4.5831221e-05]
 [ 5.3403841e-05 -1.2119977e-04  1.7985817e-06  1.0164956e-06 -8.4066160e-05  1.9240446e-05  7.3825744e-05  1.0000004e+00  5.8164191e-05  4.5392400e-05]
 [ 2.6083782e-05 -3.6733269e-05 -4.7835742e-06 -1.4408837e-06  2.0839409e-05  7.4781360e-06  1.0443045e-04  5.8164191e-05  9.9999988e-01  7.3507341e-05]
 [ 7.8151694e-05 -8.7263928e-05 -3.7666141e-05 -1.8242870e-05  1.9423622e-05 -3.3578985e-05  4.5831221e-05  4.5392400e-05  7.3507341e-05  1.0000002e+00]]
