hidden representaion(r*topic):
[[ 5.93752600e-02  2.61774778e-01  1.76460162e-01  1.45548344e-01  1.60971880e-01  8.44763935e-01 -6.68143630e-02 -3.36308479e-02 -6.81097329e-01 -5.11230603e-02  7.60832354e-02  8.25774446e-02  1.00843981e-01 -2.10622460e-01 -7.34913647e-02]
 [ 1.08522333e-01  2.89422214e-01  1.92249760e-01  1.90295756e-01  1.84020668e-01  9.97707665e-01 -7.33808056e-02 -2.92974394e-02 -7.94174135e-01 -8.84574354e-02  8.70970786e-02  5.43676876e-02  8.25437978e-02 -2.55565554e-01 -1.02188818e-01]
 [ 1.17202140e-01  2.94920743e-01  1.94872081e-01  2.00737119e-01  1.87709063e-01  1.02910554e+00 -7.68183693e-02 -2.76558232e-02 -8.17422867e-01 -9.36042070e-02  9.00296792e-02  4.98248897e-02  7.76786804e-02 -2.66308218e-01 -1.08029515e-01]
 [ 9.00613591e-02  2.82645434e-01  1.82563409e-01  1.69261932e-01  1.72363326e-01  9.49525774e-01 -6.42544925e-02 -3.67351957e-02 -7.56667793e-01 -8.16288516e-02  8.26874897e-02  5.65196835e-02  9.11349729e-02 -2.36631110e-01 -9.11084116e-02]
 [-1.05023593e-01  1.80983528e-01  1.18999638e-01 -1.74682885e-02  9.63006616e-02  3.73578161e-01 -3.80482823e-02 -6.22971281e-02 -3.16938818e-01  4.37941439e-02  5.21355756e-02  1.48021847e-01  1.57049984e-01 -7.25320280e-02  1.35334227e-02]
 [ 1.36393849e-02  2.25046054e-01  1.55669630e-01  9.52394903e-02  1.42347246e-01  6.88898444e-01 -5.16232960e-02 -4.95625287e-02 -5.65475821e-01 -1.68204997e-02  6.46042228e-02  1.03734069e-01  1.18962675e-01 -1.74496725e-01 -4.83473167e-02]
 [-2.50087101e-02  2.03858346e-01  1.41808540e-01  6.48991615e-02  1.29704714e-01  5.89723229e-01 -4.45159934e-02 -5.32347821e-02 -4.82469320e-01  8.50518420e-03  6.24953806e-02  1.15749374e-01  1.28462240e-01 -1.52395219e-01 -3.27750146e-02]
 [-2.09478959e-02  2.13151261e-01  1.45327687e-01  7.45592564e-02  1.26191080e-01  6.15091145e-01 -4.65910807e-02 -4.55078445e-02 -5.08350790e-01  8.30638316e-03  5.96329756e-02  1.13557324e-01  1.26880750e-01 -1.50897339e-01 -3.42565849e-02]
 [-3.12724486e-02  2.00835884e-01  1.45464733e-01  5.78427166e-02  1.21853381e-01  5.63435256e-01 -4.47096899e-02 -5.44018298e-02 -4.77384359e-01  9.23370570e-03  5.64327277e-02  1.11911789e-01  1.39629930e-01 -1.25578016e-01 -2.59945132e-02]
 [-2.23666243e-02  2.31635407e-01  1.46060929e-01  6.46732897e-02  1.17247485e-01  6.19840801e-01 -5.91353700e-02 -4.76539358e-02 -5.24188221e-01  1.10145006e-03  5.86397201e-02  1.19012177e-01  1.28609970e-01 -1.31260306e-01 -2.18312107e-02]
 [-8.32797121e-03  2.12616965e-01  1.48152158e-01  6.26010522e-02  1.31720528e-01  6.10755026e-01 -3.05550639e-02 -6.10540621e-02 -4.98041779e-01 -1.91386305e-02  5.89126907e-02  1.00187212e-01  1.39713570e-01 -1.35635376e-01 -3.27684283e-02]
 [-4.66920361e-02  2.11525902e-01  1.36664942e-01  2.19964497e-02  9.81280059e-02  5.09008110e-01 -4.16439176e-02 -6.82614073e-02 -4.52701837e-01  5.79219079e-03  4.50180769e-02  1.21365249e-01  1.56166047e-01 -7.60796964e-02  2.31323391e-03]
 [-1.10556945e-01  1.95965260e-01  1.15566701e-01 -6.84947371e-02  4.48344164e-02  3.11232656e-01  6.22890610e-03 -1.05004355e-01 -2.83484995e-01 -2.00388469e-02  2.74493098e-02  1.07435539e-01  2.21595570e-01  4.69434224e-02  4.26982865e-02]
 [-4.54187207e-02  2.09878266e-01  1.34681031e-01  4.10461724e-02  1.11087561e-01  5.45677781e-01 -5.27241305e-02 -5.78002110e-02 -4.64054346e-01  1.64079964e-02  5.62870055e-02  1.27137065e-01  1.35006085e-01 -1.23682022e-01 -1.54322116e-02]
 [-5.01092151e-02  1.87398523e-01  1.30633131e-01  1.82091743e-02  1.12032108e-01  4.91712272e-01 -1.26908030e-02 -7.45333135e-02 -4.10091311e-01  1.00488984e-03  4.78729010e-02  1.06070787e-01  1.58001959e-01 -9.96489525e-02 -1.53744631e-02]]
R_hid(hidden representaion to predict r):
[[0.         2.1293602  0.00275258 0.59801143 0.56829864 0.58553076 0.         0.         0.         0.45764112 0.5071888  2.6174898  0.         0.         0.        ]
 [0.         1.8733704  0.         0.46491382 0.2896737  0.2707922  0.26618192 0.         0.         1.404717   0.         1.734434   0.         0.         0.09438731]
 [0.         1.1277845  0.         1.2842513  0.         0.         1.2493777  0.23511583 0.         1.0126585  0.         1.7532494  0.         0.         0.        ]
 [0.         2.1233742  0.         1.4534763  0.         0.         1.8883715  0.         0.         1.5259036  0.         1.7378949  0.         0.         0.        ]
 [0.         1.3458719  0.6381769  0.44133985 0.         1.672824   0.         0.         0.         0.         0.         1.2635009  0.         0.         0.        ]
 [0.         2.5778983  0.17141932 0.80708265 0.         0.         0.28298998 0.         0.         0.         0.         1.8750557  0.         0.         0.        ]
 [0.         2.5156596  0.644672   0.9628038  0.         0.47511774 0.         0.         0.         0.         0.         1.6796038  0.         0.03514696 0.        ]
 [0.         2.182949   0.47117645 0.9319729  0.         0.3183889  0.6512174  0.         0.0512593  0.         0.86972326 2.3007283  0.         0.         0.        ]
 [0.         2.258377   0.91166586 0.9247553  0.24725634 0.5996302  0.         0.         0.         0.         0.7298767  1.7270154  0.         0.         0.        ]
 [0.         2.195308   0.44495285 0.         0.02427432 1.1349962  0.         0.         0.         0.         0.53186816 2.1474557  0.         0.         0.        ]
 [0.         1.6973646  0.7566352  0.08919922 1.2246977  0.40154675 0.         0.         0.         0.         0.         0.8683952  1.0100281  0.         0.        ]
 [0.         1.9613934  1.0943109  0.13970797 0.8431275  1.363487   0.         0.         0.         0.         0.8472029  0.7792492  0.05127379 0.         0.        ]
 [0.3174346  0.778026   1.0172731  0.         2.013308   1.5021411  0.         0.         0.         0.         1.4811665  0.7124147  0.83949983 0.         0.        ]
 [0.         2.368935   0.88562274 0.34653816 0.20580882 1.0350149  0.         0.         0.         0.         0.45062405 1.6724769  0.         0.         0.        ]
 [0.3125515  2.1788757  0.9870002  0.02335279 0.631887   0.39862135 0.         0.13119106 0.         0.         0.10730569 1.037082   0.28878757 0.         0.        ]]
topics:
[[-1.13119639e-01  2.60026276e-01 -2.28559934e-02 -4.01695728e-01  2.09064167e-02  3.36312294e-01  5.25771618e-01 -4.96108174e-01  2.06600070e-01 -6.10010445e-01  1.60817549e-01 -4.35231745e-01  5.00032544e-01  4.13255274e-01  1.61416322e-01]
 [-3.29640508e-01  6.56915843e-01 -1.92762300e-01 -3.48150879e-01 -4.34283435e-01  5.92802018e-02 -5.87131381e-02  9.85671505e-02 -3.41182947e-01  5.04287958e-01 -2.85887092e-01  9.16327357e-01  4.40157615e-02  1.82506308e-01  5.30291736e-01]
 [ 2.44584605e-01 -4.81770933e-02  2.95835674e-01 -3.11120510e-01  6.03199780e-01 -6.26727268e-02  5.60290217e-01 -8.25367719e-02 -6.16512038e-02 -1.85512990e-01 -1.95077062e-01  7.15499148e-02  3.17279637e-01  9.47322696e-02  1.43631967e-02]
 [-2.15894327e-01 -4.30224538e-02  2.07400322e-01  1.67187884e-01  3.08326155e-01 -5.35380319e-02 -8.49998370e-02  1.88393727e-01  4.58935201e-01  2.66845763e-01  2.37456143e-01  3.43015999e-01  1.07077435e-01 -2.56746292e-01 -2.92354524e-02]
 [ 1.22640833e-01  2.98181713e-01  1.96838990e-01  2.06422895e-01  1.90095827e-01  1.04568338e+00 -7.96016902e-02 -2.65213959e-02 -8.30321670e-01 -9.64567885e-02  9.14638340e-02  4.86668609e-02  7.49183446e-02 -2.72032440e-01 -1.10963985e-01]
 [-5.22554159e-01 -2.85345584e-01  8.20548856e-04  2.21153330e-02 -9.18412954e-03 -4.81891409e-02  3.77050281e-01 -4.20661569e-02 -1.27204591e-02  3.58828545e-01 -1.17206331e-02 -4.18423474e-01  2.99575180e-01  1.74261276e-02 -1.52572647e-01]
 [-8.15031409e-01  5.62898636e-01  1.07145518e-01 -4.64140952e-01 -2.08170474e-01  2.12123618e-02 -4.95030940e-01 -1.73746087e-02 -9.02549028e-02 -1.40235737e-01  2.53095210e-01 -7.20697716e-02  2.49224320e-01  5.53788662e-01  1.53361574e-01]
 [-9.33028199e-03  2.35592481e-02  4.10764784e-01  2.65829653e-01 -8.85612518e-02 -3.54816951e-02 -2.65645534e-01  8.90589580e-02 -1.99144617e-01 -4.26734090e-02 -9.32690203e-02  3.13513577e-01  4.06336784e-01  1.69919372e-01 -2.23951265e-01]
 [-9.23606157e-02 -5.74718677e-02  6.58400655e-02 -2.58175611e-01 -2.79902294e-02 -4.67808843e-01 -1.70951888e-01 -4.03952450e-01 -2.65937895e-01  3.12276423e-01 -2.95598228e-02  2.09108502e-01  3.38394701e-01  5.25007486e-01  4.90554929e-01]
 [-2.23651230e-01 -5.83010912e-02 -1.38659850e-01 -3.48029852e-01  5.89747615e-02 -6.24402575e-02  1.34761035e-01 -3.71817172e-01  1.00784548e-01  2.06328519e-02 -2.96614673e-02  2.11457446e-01  1.01686902e-01 -4.88986045e-01 -1.86110660e-01]]
R:
[[0.00684765 0.0251889  0.01274475 0.03960522 0.8207501  0.01579384 0.01383958 0.01869961 0.02546194 0.02106844]
 [0.00390571 0.0056176  0.00572759 0.00716908 0.9560297  0.00411456 0.00325361 0.00483088 0.00497291 0.0043783 ]
 [0.0018311  0.00199628 0.00159937 0.00233669 0.98452824 0.00240545 0.0010088  0.00134549 0.00143527 0.00151323]
 [0.01372516 0.01389217 0.00649943 0.00963559 0.9095236  0.011054   0.00663944 0.00703683 0.00998931 0.01200449]
 [0.02713848 0.07263315 0.04015642 0.13570057 0.39839816 0.04622117 0.06690289 0.03739046 0.08283935 0.09261935]
 [0.01174623 0.03739974 0.02024139 0.06650004 0.68542975 0.02862186 0.01873254 0.0258201  0.05105633 0.05445202]
 [0.01497627 0.04635179 0.02100744 0.09544593 0.596284   0.04107401 0.02766117 0.02561282 0.06078722 0.07079936]
 [0.01181243 0.05247771 0.02073091 0.08383156 0.61716765 0.04756942 0.02743333 0.02898457 0.05417319 0.05581921]
 [0.01618514 0.0474644  0.02800106 0.08310828 0.5742933  0.04799231 0.03434379 0.03986104 0.06934069 0.05941001]
 [0.01371278 0.0589602  0.02193776 0.07021723 0.6216872  0.03387152 0.04129335 0.03023209 0.06078883 0.04729905]
 [0.0368741  0.04396915 0.03168726 0.07318427 0.60603607 0.0345329  0.02416928 0.03704496 0.05570234 0.05679967]
 [0.03482709 0.06641828 0.0349364  0.06420825 0.5210846  0.03971237 0.04646512 0.05163368 0.08475736 0.05595682]
 [0.12187269 0.09067771 0.04867927 0.05565988 0.3065986  0.04984988 0.06803315 0.10944966 0.08769047 0.06148863]
 [0.01463958 0.05886577 0.02208442 0.08694455 0.55799    0.03885699 0.04372531 0.0311785  0.07160766 0.07410723]
 [0.04591988 0.05500742 0.04014969 0.08101012 0.49720034 0.05308221 0.03397907 0.04569398 0.06748358 0.08047367]]
cosine similarity of topic:
[[ 1.0000002e+00  3.0271676e-05  1.2966883e-05  3.7190264e-05  3.3671364e-05  9.4663824e-07  1.7854229e-05 -1.8656794e-05  1.9518619e-05  1.8269313e-05]
 [ 3.0271676e-05  9.9999964e-01 -4.8747672e-05  2.0758760e-05 -4.2932723e-05  5.1737003e-05  3.0023681e-05 -4.1313786e-05 -1.3341241e-05  6.7087734e-05]
 [ 1.2966883e-05 -4.8747672e-05  1.0000001e+00  4.1441774e-05  4.1291833e-06 -8.7662411e-06 -2.4994244e-05  2.4444013e-05 -1.1592239e-05 -1.8245913e-05]
 [ 3.7190264e-05  2.0758760e-05  4.1441774e-05  1.0000001e+00  5.8532878e-05  1.2860171e-05  2.8366041e-05 -2.7894182e-05  4.3159875e-05  1.4769076e-05]
 [ 3.3671364e-05 -4.2932723e-05  4.1291833e-06  5.8532878e-05  1.0000004e+00  6.3104504e-05  4.1683674e-05 -2.0929941e-05 -3.0439916e-05  1.4754666e-05]
 [ 9.4663824e-07  5.1737003e-05 -8.7662411e-06  1.2860171e-05  6.3104504e-05  1.0000002e+00 -1.2478609e-05 -2.1365926e-05 -4.1721101e-05 -5.4146135e-06]
 [ 1.7854229e-05  3.0023681e-05 -2.4994244e-05  2.8366041e-05  4.1683674e-05 -1.2478609e-05  9.9999988e-01 -3.1883440e-06 -2.7689422e-05 -3.5689103e-05]
 [-1.8656794e-05 -4.1313786e-05  2.4444013e-05 -2.7894182e-05 -2.0929941e-05 -2.1365926e-05 -3.1883440e-06  9.9999988e-01  5.5553920e-07  3.2293170e-05]
 [ 1.9518619e-05 -1.3341241e-05 -1.1592239e-05  4.3159875e-05 -3.0439916e-05 -4.1721101e-05 -2.7689422e-05  5.5553920e-07  9.9999982e-01  1.1276113e-06]
 [ 1.8269313e-05  6.7087734e-05 -1.8245913e-05  1.4769076e-05  1.4754666e-05 -5.4146135e-06 -3.5689103e-05  3.2293170e-05  1.1276113e-06  1.0000005e+00]]
