hidden representaion(r*topic):
[[ 0.00788419 -0.0076662   0.05686845 -0.06942724  0.12107264 -0.01362255  0.11363178 -0.03875958 -0.00837711 -0.02376414 -0.0220516  -0.00989855  0.07523738  0.02094022 -0.0033076 ]
 [ 0.04905678 -0.00916527  0.07047534 -0.07931194  0.15837753 -0.01362378  0.13001823 -0.04318846 -0.01097237 -0.04504537 -0.03188157  0.00701369  0.07693537  0.01341158 -0.00060743]
 [ 0.0572865  -0.01154327  0.07351991 -0.08180602  0.16712317 -0.01656828  0.13640338 -0.04418578 -0.01029131 -0.04797533 -0.03508869  0.00900042  0.0782422   0.01259828 -0.0006393 ]
 [ 0.02239732 -0.01491627  0.06095266 -0.06989875  0.13512003 -0.0157183   0.12814052 -0.04096546 -0.00901398 -0.0257182  -0.02863033 -0.00865126  0.07705618  0.01605379 -0.0052895 ]
 [-0.05098904 -0.01996521  0.03406509 -0.0454151   0.06674561 -0.01205257  0.10905974 -0.03477912 -0.00611492  0.01862305 -0.01366715 -0.04519648  0.0742576   0.02401921 -0.01408772]
 [ 0.02111582 -0.01072715  0.05980121 -0.06809279  0.1312922  -0.00882867  0.12176181 -0.04083712 -0.01116643 -0.02817722 -0.0253145  -0.0070917   0.07509501  0.01483719 -0.00431769]
 [-0.02002016 -0.01613289  0.04531495 -0.05551313  0.09474112 -0.01167979  0.11417864 -0.03714182 -0.00802215 -0.00131778 -0.01895957 -0.02830509  0.07464939  0.02011138 -0.00993596]
 [-0.00051659 -0.01489501  0.05273452 -0.06261965  0.11347342 -0.01382512  0.119548   -0.03867403 -0.00815764 -0.01305807 -0.02307942 -0.01850832  0.0756587   0.01855367 -0.00743101]
 [-0.02758126 -0.01127864  0.04433461 -0.05744891  0.08878726 -0.01319608  0.10511529 -0.03536395 -0.0073112  -0.00105542 -0.01572333 -0.02795652  0.07413504  0.02457862 -0.00824867]
 [-0.0222629  -0.01223029  0.0456893  -0.05757453  0.09300713 -0.01311798  0.10758118 -0.03567899 -0.00748071 -0.00233409 -0.01733829 -0.02505992  0.0740726   0.02236324 -0.00813523]
 [-0.00446734 -0.00040894  0.04871317 -0.05745838  0.10079056  0.01012213  0.09995041 -0.03952048 -0.01507909 -0.02353674 -0.01144379 -0.0153291   0.06982062  0.01619342 -0.00380521]
 [-0.03063015  0.00369198  0.04467137 -0.06337135  0.0839176  -0.00830243  0.08562675 -0.03396298 -0.00741395 -0.01173547 -0.0079464  -0.01937104  0.07153273  0.03051876 -0.00165672]
 [-0.11139494  0.06280704  0.02585299 -0.07805937  0.00822977  0.0023274  -0.00949363 -0.02387449 -0.00260858 -0.02258311  0.03630544 -0.02368846  0.06354055  0.07645806  0.01904191]
 [-0.01869675 -0.01453613  0.04583267 -0.05538969  0.09532289 -0.00945454  0.11236572 -0.03697873 -0.00914512 -0.00281201 -0.01825645 -0.02689845  0.07407655  0.01958974 -0.00941065]
 [-0.07766921 -0.01992424  0.02437321 -0.0356291   0.04129316 -0.00856725  0.09803523 -0.03157914 -0.00478631  0.03390651 -0.00653154 -0.05565487  0.07192662  0.02530023 -0.01669912]]
R_hid(hidden representaion to predict r):
[[1.6179765  0.         0.7478533  0.6545402  0.         0.32871005 0.85209197 1.1678902  1.0769423  1.1192149  0.         0.98044515 1.8683097  0.6205663  0.        ]
 [2.2268755  0.         0.51812726 0.17468555 0.         0.         0.9123101  1.103944   1.5420845  1.1785456  0.20066664 0.10468402 1.4845339  0.81722975 0.        ]
 [2.3517432  0.         0.7048213  0.50065327 0.         0.         1.2384635  1.203681   1.4426793  1.4109807  0.         0.16620679 1.3159858  0.70320636 0.        ]
 [2.0821679  0.5802843  0.42336133 0.         0.         0.70128435 2.2939012  0.49081102 0.9042176  1.9574536  0.9379454  0.         0.54255956 0.31439602 0.        ]
 [1.9936514  0.9572948  0.         0.83267987 0.         0.80953354 2.5951319  0.3500546  0.7746606  1.5544332  0.         0.02349034 0.         1.0619427  0.        ]
 [1.6880065  0.         0.3111424  0.51833856 0.03403845 0.         0.70342803 0.86176986 1.2727836  1.6985325  0.10417431 0.36296105 1.0679694  0.8194767  0.        ]
 [2.3103144  0.73765266 0.20231815 0.99028355 0.0368514  1.9336165  1.5260757  0.5298692  0.79990435 1.3974974  0.         0.10064035 0.11495093 1.2768518  0.        ]
 [2.0075836  0.         0.5717017  0.24053164 0.         0.48894882 1.3516189  1.2528846  1.030791   1.700139   0.         0.9088465  0.7122745  1.9515531  0.        ]
 [1.2262851  1.6693676  0.         1.1973398  0.         0.9451898  0.65372163 0.4926172  0.         1.052486   0.         0.         0.         0.7184389  0.        ]
 [1.5331631  0.         0.52325493 0.7629211  0.         0.         0.9933092  1.4746639  1.0615106  1.2681859  0.         0.5854434  1.1749512  1.1315621  0.        ]
 [1.8386364  0.         0.         1.2145178  0.2370016  0.         1.0443451  0.6343871  0.6460721  0.762012   0.         0.12731683 0.58723605 1.0681182  0.        ]
 [1.839585   0.         0.         1.133612   0.         0.09834886 0.79861575 1.5791394  0.76566404 1.043426   0.         0.7386925  1.1025428  1.4149954  0.16576727]
 [1.3176544  0.         0.1864869  1.2982687  0.         0.00721839 0.2086574  1.5645481  0.0470278  1.1292028  0.         0.3137922  0.51629835 1.8186774  0.        ]
 [1.9868613  0.         0.         1.2038745  0.         0.013917   1.0588602  1.0605558  0.50127095 1.2189118  0.         0.9691891  0.6590687  1.7300835  0.        ]
 [1.3544234  2.691176   0.         0.70564073 0.         2.1495922  2.0085595  1.063647   1.4014522  1.1756161  0.         0.         0.         0.44641665 0.18060382]]
topics:
[[-0.06025901  0.05519069 -0.01623348 -0.0952783   0.00362818  0.07471022  0.13983133 -0.11961834  0.06852369 -0.15673703  0.06911998 -0.10961995  0.09240744  0.1113072   0.04056096]
 [-0.06324692  0.1723871  -0.04543132 -0.10806531 -0.07823797  0.01404549  0.00314812 -0.00299832 -0.08812159  0.12857854 -0.05478483  0.21215954  0.01441079  0.03142566  0.13290411]
 [ 0.06219752 -0.01177605  0.07540062 -0.08356219  0.17205895 -0.01745178  0.13863854 -0.04468181 -0.01031204 -0.05059661 -0.03642728  0.01086692  0.07870696  0.01228491 -0.0002352 ]
 [-0.0785908  -0.00858841  0.04546753  0.02468553  0.06295049 -0.01158932 -0.02261838  0.03775502  0.10539568  0.06527174  0.05700186  0.08506688  0.02747826 -0.06969922 -0.00426476]
 [ 0.03202894  0.06713533  0.04911468  0.03237313  0.06114398  0.23423614 -0.01179533 -0.02809627 -0.1723586  -0.04113199  0.02210382  0.01150839  0.01735085 -0.0670899  -0.01385464]
 [-0.13123335 -0.02994405  0.00629827 -0.01710457 -0.00539975 -0.01258482  0.09062516 -0.02562674 -0.00557804  0.07445513 -0.0014091  -0.08546801  0.07153518  0.03058539 -0.02630839]
 [-0.19493246  0.12506375  0.01465749 -0.0995487  -0.05711892  0.00574259 -0.11603382 -0.00629888 -0.00813871 -0.02723804  0.07780743 -0.02702967  0.05407783  0.12492256  0.03853314]
 [ 0.00104563 -0.01437171  0.08900376  0.06552506 -0.01861838 -0.01449349 -0.0442431   0.00460319 -0.03820064 -0.0183857  -0.02454731  0.06810351  0.1026573   0.02923839 -0.05459304]
 [-0.02006056  0.00466551  0.01564116 -0.05642065 -0.01401024 -0.09304173 -0.06088845 -0.07743147 -0.08121689  0.10701662 -0.01190986  0.05668509  0.07543341  0.12952077  0.10665177]
 [-0.06699701 -0.05215231 -0.03478095 -0.0413545   0.00954697 -0.01559339  0.028152   -0.04605212  0.03472135 -0.00358785 -0.02544721  0.05083271  0.00861929 -0.12229945 -0.04589381]]
R:
[[8.3569633e-03 2.1321110e-03 7.2306287e-01 7.4130329e-03 3.4095561e-03 1.9967033e-01 4.8684385e-02 2.7551691e-03 3.5189983e-04 4.1636741e-03]
 [5.3628259e-03 1.5471032e-03 9.2129910e-01 4.3877354e-03 1.1016206e-02 3.7008602e-02 1.3931765e-02 1.2878948e-03 3.6336668e-04 3.7953749e-03]
 [1.7384037e-03 4.5641640e-04 9.7136736e-01 1.3930099e-03 2.2630640e-03 1.9323537e-02 1.7861485e-03 4.6680486e-04 1.0250548e-04 1.1028210e-03]
 [4.2124963e-03 1.5670843e-04 7.9055524e-01 1.9999235e-03 1.3888431e-03 1.9957986e-01 7.0448924e-04 2.7928199e-04 1.4939353e-04 9.7380398e-04]
 [1.8966693e-02 4.1650949e-04 4.0372998e-01 4.5846426e-03 3.2052407e-03 5.6257379e-01 3.6161067e-03 5.9881347e-04 3.0304224e-04 2.0052262e-03]
 [1.4441660e-02 8.9981657e-04 7.5988132e-01 8.8793719e-03 2.4418915e-02 1.7596300e-01 9.7631933e-03 8.7230513e-04 3.7074380e-04 4.5096851e-03]
 [1.3969331e-02 5.9185014e-04 5.6036139e-01 6.0384353e-03 9.2147570e-03 3.9458638e-01 8.8091660e-03 1.4665234e-03 3.4926122e-04 4.6129534e-03]
 [8.8447016e-03 4.5855826e-04 6.6844189e-01 5.9113507e-03 4.3605966e-03 2.9753348e-01 9.9970056e-03 1.0783784e-03 3.1647098e-04 3.0576396e-03]
 [8.0664149e-03 9.0630492e-04 5.4203814e-01 6.1148927e-03 1.7404481e-03 3.8381487e-01 4.9575198e-02 3.0836766e-03 3.3335784e-04 4.3267333e-03]
 [7.6992023e-03 3.1112188e-03 5.6105590e-01 9.6979300e-03 3.4132125e-03 3.6780229e-01 3.6949147e-02 4.0630233e-03 7.7908603e-04 5.4289862e-03]
 [5.3455960e-02 1.4560213e-03 5.6726575e-01 2.4155686e-02 8.1411675e-02 2.1806762e-01 3.9756935e-02 2.3876629e-03 5.6050904e-04 1.1482246e-02]
 [1.9532537e-02 5.8214334e-03 5.3088331e-01 1.7015593e-02 1.1276752e-02 2.7247190e-01 1.2729384e-01 6.4959689e-03 1.1243511e-03 8.0843177e-03]
 [6.3560545e-02 1.2074531e-02 2.1991017e-01 2.1918220e-02 3.1967566e-03 1.3376154e-01 5.1623750e-01 1.8178331e-02 1.1803485e-03 9.9820513e-03]
 [1.4730456e-02 8.4818259e-04 5.6071794e-01 8.6434335e-03 1.7624585e-02 3.7963110e-01 1.2567352e-02 1.3293182e-03 3.0938760e-04 3.5982206e-03]
 [2.5223730e-02 9.2737889e-04 2.5364557e-01 1.8142294e-02 1.1585494e-02 6.7356068e-01 1.0642214e-02 8.6218468e-04 3.7802881e-04 5.0324923e-03]]
cosine similarity of topic:
[[ 9.9999994e-01 -6.1794417e-05 -4.9320841e-04  5.6274235e-05 -2.0050615e-04  9.0366229e-05  2.3127859e-04  1.0741898e-04 -7.7628996e-05 -1.3957731e-05]
 [-6.1794417e-05  1.0000005e+00 -3.1271484e-05  2.9594870e-05 -7.3874369e-05  9.3262410e-05  1.4309539e-04 -1.0104221e-04  3.2671960e-06  1.3648206e-04]
 [-4.9320841e-04 -3.1271484e-05  1.0000002e+00  1.6076374e-06  8.8837463e-05  3.7091493e-05  5.2776188e-05  1.4741439e-05 -1.2779961e-04 -8.2575716e-06]
 [ 5.6274235e-05  2.9594870e-05  1.6076374e-06  1.0000001e+00 -1.5706383e-04 -1.9608217e-04 -1.1137617e-04  2.5029527e-05  2.1730503e-04  2.1281885e-04]
 [-2.0050615e-04 -7.3874369e-05  8.8837463e-05 -1.5706383e-04  1.0000004e+00 -2.0833686e-05 -3.5136938e-05  1.8907478e-05 -1.1521729e-04 -7.1827904e-05]
 [ 9.0366229e-05  9.3262410e-05  3.7091493e-05 -1.9608217e-04 -2.0833686e-05  9.9999964e-01 -2.9034412e-04  6.8287831e-05  1.1106260e-04  1.0825973e-04]
 [ 2.3127859e-04  1.4309539e-04  5.2776188e-05 -1.1137617e-04 -3.5136938e-05 -2.9034412e-04  1.0000005e+00  3.8260128e-05  8.6213404e-05  5.2694231e-06]
 [ 1.0741898e-04 -1.0104221e-04  1.4741439e-05  2.5029527e-05  1.8907478e-05  6.8287831e-05  3.8260128e-05  9.9999988e-01 -1.2033119e-04 -7.2872266e-05]
 [-7.7628996e-05  3.2671960e-06 -1.2779961e-04  2.1730503e-04 -1.1521729e-04  1.1106260e-04  8.6213404e-05 -1.2033119e-04  9.9999994e-01  6.7946035e-05]
 [-1.3957731e-05  1.3648206e-04 -8.2575716e-06  2.1281885e-04 -7.1827904e-05  1.0825973e-04  5.2694231e-06 -7.2872266e-05  6.7946035e-05  1.0000002e+00]]
