hidden representaion(r*topic):
[[-4.62682694e-02  1.33176714e-01  1.02904700e-01 -1.72577813e-01  2.07414627e-01 -6.27980288e-03  2.14361295e-01 -4.99188006e-02 -6.79134298e-03  8.02564472e-02 -1.00152329e-01  3.15744460e-01  1.53845400e-01  3.49614769e-03  7.21180886e-02]
 [ 4.88681858e-03  1.57232210e-01  1.11723512e-01 -2.14156017e-01  2.41495863e-01 -6.69577112e-03  2.91868299e-01 -7.27304295e-02 -5.91539554e-02  5.71590178e-02 -1.61008686e-01  3.38695854e-01  1.68612540e-01  5.10658473e-02  9.70110521e-02]
 [ 9.98341665e-02  7.26678520e-02  1.78868964e-01 -2.16823012e-01  3.97018462e-01 -1.78993512e-02  3.94861281e-01 -1.07600428e-01 -5.52593172e-02 -3.72739881e-02 -1.72292605e-01  2.48119995e-01  2.10409105e-01  5.89261465e-02  3.45665142e-02]
 [-3.75089496e-02  1.67036995e-01  9.65868384e-02 -1.82116538e-01  1.97546586e-01 -7.53381755e-03  2.29443863e-01 -3.81533653e-02 -1.93446875e-02  1.06378376e-01 -1.26354665e-01  3.63544136e-01  1.47852615e-01  2.25221179e-02  1.04446381e-01]
 [-1.06460288e-01  1.85591102e-01  5.15760183e-02 -1.81165889e-01  1.05247110e-01 -2.96878582e-03  1.54913127e-01 -3.58672738e-02 -1.04387831e-02  1.39628291e-01 -1.00529186e-01  3.80418509e-01  1.23771027e-01 -1.31343976e-02  1.09940231e-01]
 [-7.54376948e-02  2.07174197e-01  6.40924349e-02 -1.95786744e-01  1.26727775e-01 -2.15840992e-04  1.95948064e-01 -3.73709388e-02 -3.97903919e-02  1.33430064e-01 -1.32705599e-01  3.97505164e-01  1.33914769e-01  2.79295612e-02  1.32251412e-01]
 [-8.70848745e-02  1.51313826e-01  7.33158216e-02 -1.62130892e-01  1.53158575e-01 -9.45220888e-03  1.65231735e-01 -2.97727585e-02  1.86563693e-02  1.27932414e-01 -8.44566077e-02  3.56110334e-01  1.28992707e-01 -3.07892468e-02  8.51240978e-02]
 [-9.62351114e-02  1.82022974e-01  6.32824451e-02 -1.73080906e-01  1.23570032e-01 -4.15537879e-03  1.61431238e-01 -2.80675832e-02 -3.73915024e-03  1.39518932e-01 -9.84389111e-02  3.78390789e-01  1.27094612e-01 -6.77314773e-03  1.09537520e-01]
 [-5.95787540e-02  1.18204668e-01  9.58248600e-02 -1.55107483e-01  2.02732190e-01 -1.25269666e-02  1.91873312e-01 -3.74289863e-02  2.63254754e-02  1.00523755e-01 -8.09516087e-02  3.21630657e-01  1.41993284e-01 -3.40108611e-02  6.06218353e-02]
 [-7.20102713e-02  1.18900657e-01  9.69509184e-02 -1.51322976e-01  1.90369219e-01 -8.89135990e-03  1.75263569e-01 -3.80620994e-02  2.26271413e-02  9.53482315e-02 -7.01807588e-02  3.07267129e-01  1.45033538e-01 -2.50743292e-02  5.89827560e-02]
 [-1.03081718e-01  1.62532642e-01  6.66842982e-02 -1.67129427e-01  1.25354484e-01 -1.34503492e-03  1.49399489e-01 -3.64933088e-02  2.52359547e-04  1.21482931e-01 -8.21128786e-02  3.47492725e-01  1.31496474e-01 -1.66548789e-02  8.94397646e-02]
 [-9.91829187e-02  1.45101503e-01  7.29584619e-02 -1.56265542e-01  1.41075596e-01 -5.15005505e-03  1.47851542e-01 -3.30740996e-02  1.65387392e-02  1.20807633e-01 -7.14885741e-02  3.36525202e-01  1.31918192e-01 -3.00408248e-02  7.75654614e-02]
 [-1.63544625e-01  1.05146110e-01  9.19633582e-02 -1.25968188e-01  7.37359151e-02  5.32051176e-02  6.38772175e-02 -8.15678239e-02 -6.35614395e-02  2.53306534e-02  1.17069846e-02  1.24949366e-01  1.87363759e-01  5.76944612e-02  3.76249291e-02]
 [-9.07265022e-02  1.50333270e-01  7.16038719e-02 -1.65653467e-01  1.46709189e-01 -6.91156927e-03  1.62988693e-01 -3.66636626e-02  1.04541183e-02  1.20172545e-01 -8.37222263e-02  3.46054405e-01  1.31957695e-01 -2.63947137e-02  8.30357969e-02]
 [-1.41602278e-01  1.34617984e-01  5.70275187e-02 -1.22063920e-01  1.02733299e-01 -8.02166946e-03  8.44914317e-02 -7.52424821e-03  6.20642602e-02  1.59541339e-01 -3.03546991e-02  3.43357861e-01  1.12628974e-01 -7.66875595e-02  6.70827627e-02]]
R_hid(hidden representaion to predict r):
[[0.47978297 0.38060698 0.         0.6857965  0.6035469  0.         0.49143672 0.77132654 0.         0.5319838  0.         0.47228757 0.         0.25593087 0.45854312]
 [0.9380654  0.5727039  0.         0.9784207  1.1033802  0.         0.8754244  1.2122115  0.         0.95663875 0.         0.         0.00498966 0.5172865  0.65428156]
 [1.4630394  0.9894396  0.         1.5536392  1.8160276  0.         1.1041822  2.0661874  0.         1.5291835  0.         0.68503296 0.         0.9222845  0.8068574 ]
 [1.040229   1.5296954  0.         0.7375923  2.000106   0.         0.73712903 1.7273862  0.         1.3154144  0.         0.         0.         0.4873264  1.0468594 ]
 [0.527217   0.80633926 0.         0.36840165 1.2866997  0.         0.3228962  0.         0.         0.7125934  0.         0.825682   0.18908744 0.17939049 0.69016063]
 [0.7378696  0.62668985 0.         0.71526444 1.2814308  0.         0.45051372 0.91598034 0.         0.         0.         0.7267063  0.         0.40775308 0.6899556 ]
 [0.4891171  0.6086075  0.         0.383357   1.2198124  0.         0.19372188 1.000384   0.         0.6466785  0.         0.74837667 0.0610812  0.18915884 0.67134887]
 [0.5060689  0.70753413 0.         0.4932644  1.0915219  0.         0.39290947 0.84495634 0.         0.6537934  0.         0.7509453  0.14424308 0.02619342 0.58824646]
 [0.78785384 0.54004085 0.         0.44304115 0.8209163  0.         0.38081375 0.9243224  0.         0.6631433  0.         0.66700095 0.         0.         0.        ]
 [0.42325026 0.62253    0.         0.64351034 0.58410794 0.         0.         0.8359733  0.         0.4243839  0.         0.4642514  0.03521105 0.12170133 0.5290862 ]
 [0.         0.54630244 0.         0.3886637  1.0097383  0.         0.18623951 0.6939078  0.         0.52535135 0.         0.55371207 0.         0.24458988 0.7345857 ]
 [0.31867135 0.5336511  0.         0.6661511  0.62957877 0.         0.31609157 0.701759   0.         0.         0.         0.505203   0.         0.19091697 0.54718155]
 [0.12244328 0.09894376 0.         0.1333461  0.07861415 0.22274491 0.04913558 0.10060889 0.         0.         0.         0.         0.         0.         0.21179977]
 [0.311907   0.6178849  0.         0.71933603 1.0355684  0.         0.23234488 0.79449505 0.         0.49447742 0.         0.806414   0.03533765 0.21437052 0.64217454]
 [0.3874604  0.6459923  0.         0.22945769 0.8823484  0.         0.         0.4865633  0.         0.18929425 0.         0.7938621  0.         0.         0.4950084 ]]
topics:
[[-7.9672515e-02  1.5814702e-01 -3.7695851e-02 -3.2213613e-01  7.0560998e-03  2.2073022e-01  4.5582590e-01 -2.8188506e-01  1.1870055e-01 -4.4524378e-01  1.7312844e-01 -3.1261411e-01  3.9011171e-01  2.9739934e-01  9.6698388e-02]
 [-2.8426790e-01  6.2385058e-01 -1.5720236e-01 -3.2695949e-01 -3.8311008e-01  6.0756784e-02  4.3522641e-02  7.1625886e-03 -2.7143210e-01  3.8981828e-01 -2.8544784e-01  7.7898335e-01  4.0802538e-02  2.0606206e-01  4.5861229e-01]
 [ 2.1364491e-01 -6.0140010e-02  2.6750442e-01 -2.0566735e-01  6.0478038e-01 -3.5944752e-02  5.1050276e-01 -1.4951973e-01 -2.4404135e-02 -1.6079991e-01 -1.6410397e-01  1.1298553e-01  2.6123473e-01  4.1909546e-02 -6.6733651e-02]
 [-1.5753448e-01 -3.7673134e-02  1.7370288e-01  1.2896025e-01  2.7774075e-01 -5.1001269e-02 -6.5462157e-02  1.7643578e-01  3.9223596e-01  2.5439563e-01  2.0179826e-01  2.6718551e-01  8.6865760e-02 -2.4073526e-01 -5.3264242e-02]
 [ 1.1573872e-01  2.6115125e-01  1.6195129e-01  1.7298402e-01  1.7021452e-01  8.7910014e-01 -7.3678605e-02 -6.0923230e-02 -6.5396023e-01 -1.4888845e-01  7.8375429e-02  2.8468587e-02  4.2606100e-02 -2.4488595e-01 -7.4405305e-02]
 [-4.3342865e-01 -2.4079858e-01  1.9126369e-02  4.3607377e-02  2.1531852e-03 -5.3307135e-02  3.1819794e-01 -7.3443083e-03 -1.6731416e-03  3.3628121e-01 -1.8174380e-02 -3.4602651e-01  2.7716497e-01  1.0507344e-02 -1.4334571e-01]
 [-7.4700826e-01  5.0324661e-01  1.9227010e-01 -4.2030075e-01 -2.1042283e-01  1.9579077e-02 -4.5105615e-01 -9.8362982e-02 -9.4113968e-02 -3.3238462e-01  2.8875959e-01 -6.4796306e-02  2.0870009e-01  6.0994208e-01  1.2649570e-01]
 [ 4.6857395e-03 -4.5336492e-02  3.2831737e-01  2.1590786e-01 -5.9851110e-02 -5.6445803e-02 -1.3219009e-01  3.5784606e-02 -1.3731810e-01 -5.0215803e-02 -9.4329856e-02  2.4413660e-01  3.5983780e-01  1.3943051e-01 -2.0037051e-01]
 [-8.3471566e-02 -3.7687123e-02  4.5916945e-02 -2.0600158e-01 -6.3784055e-02 -3.7300554e-01 -2.1554047e-01 -2.8755358e-01 -2.6717246e-01  3.2592356e-01 -2.3294475e-02  1.7208961e-01  2.9117399e-01  4.5440644e-01  4.3578905e-01]
 [-2.1164802e-01 -8.2969464e-02 -1.1415234e-01 -2.7715689e-01  5.0730728e-02 -4.4121478e-02  9.2232876e-02 -2.5673431e-01  8.7790214e-02  4.3413663e-04 -1.4357822e-02  1.9157127e-01  6.2607527e-02 -4.4988912e-01 -1.5322369e-01]]
R:
[[6.09457446e-03 2.62602121e-01 4.17271823e-01 1.95673555e-01 8.22165608e-03 7.94148911e-03 1.45828985e-02 8.31708685e-03 5.24002872e-03 7.40547329e-02]
 [4.12991823e-04 3.13990086e-01 5.52327216e-01 9.50110704e-02 5.76584134e-04 6.32779265e-04 1.89693808e-03 7.50100065e-04 3.49899958e-04 3.40522826e-02]
 [6.22308880e-06 1.93119615e-01 7.60547638e-01 3.83489691e-02 1.02580161e-05 9.76848787e-06 5.52556594e-05 1.32661389e-05 3.83566748e-06 7.88522512e-03]
 [3.65252417e-05 3.26648265e-01 4.40478593e-01 1.96316242e-01 6.75040792e-05 8.33513986e-05 2.58050481e-04 1.44181409e-04 2.30775640e-05 3.59441973e-02]
 [3.40009644e-03 3.45117271e-01 2.87384182e-01 2.15625077e-01 3.77280824e-03 5.00256242e-03 1.12462360e-02 6.76223449e-03 2.67502037e-03 1.19014546e-01]
 [1.44069490e-03 3.82022798e-01 3.66418779e-01 1.77637994e-01 1.86404586e-03 1.77367113e-03 4.87531908e-03 2.73651490e-03 9.03914217e-04 6.03262819e-02]
 [1.59457116e-03 2.97150224e-01 3.16873461e-01 2.56535143e-01 2.59573781e-03 2.87853368e-03 7.42667587e-03 3.88350734e-03 1.63874461e-03 1.09423369e-01]
 [2.75447313e-03 3.39721978e-01 3.07421118e-01 2.34475344e-01 3.18996701e-03 3.88280768e-03 9.87099856e-03 5.03406487e-03 2.33991700e-03 9.13093165e-02]
 [2.65088119e-03 2.49556288e-01 3.70746434e-01 2.51703531e-01 4.35072556e-03 5.84196206e-03 5.76970680e-03 5.44056809e-03 2.56606424e-03 1.01373799e-01]
 [7.05889147e-03 2.37508461e-01 3.47720504e-01 2.49595165e-01 9.78926476e-03 1.11948075e-02 1.81564093e-02 1.17449658e-02 7.97127001e-03 9.92602557e-02]
 [7.54877925e-03 2.99936861e-01 2.88474619e-01 2.28755623e-01 1.02698002e-02 8.99730623e-03 2.01845672e-02 1.36533789e-02 6.02297299e-03 1.16156138e-01]
 [7.07945228e-03 2.76804119e-01 2.87559271e-01 2.52874762e-01 9.85642895e-03 9.53625049e-03 1.70506742e-02 1.24675417e-02 7.57239060e-03 1.19199157e-01]
 [7.45538324e-02 1.08133845e-01 1.43729895e-01 1.33502677e-01 9.38026980e-02 9.52488855e-02 1.04336351e-01 6.50153533e-02 7.78011158e-02 1.03875302e-01]
 [4.82221181e-03 2.90670723e-01 3.11257988e-01 2.38305166e-01 5.94268087e-03 6.60108030e-03 1.24130435e-02 7.72252493e-03 4.80170129e-03 1.17462873e-01]
 [7.23872520e-03 2.61754543e-01 1.68193892e-01 3.46467644e-01 1.07249990e-02 1.22205904e-02 1.45123545e-02 1.71493795e-02 8.40351358e-03 1.53334305e-01]]
cosine similarity of topic:
[[ 9.99999940e-01 -1.16165902e-05 -1.88167724e-06  1.90034518e-06 -1.67255439e-05  3.65936321e-05  3.90943023e-05  1.49509651e-05 -3.73982184e-05  3.92961301e-05]
 [-1.16165902e-05  9.99999881e-01  7.97347384e-05  3.51168419e-05  2.88092215e-05 -3.94021936e-06 -3.44133809e-06  4.68304243e-05 -1.60345571e-05  2.41070411e-05]
 [-1.88167724e-06  7.97347384e-05  9.99999881e-01 -3.72179893e-05  2.46065156e-05 -6.50798347e-06  5.82571884e-05  1.98056005e-05 -2.75192651e-05 -1.04870305e-05]
 [ 1.90034518e-06  3.51168419e-05 -3.72179893e-05  1.00000000e+00  8.64139383e-06  4.14903297e-05 -3.61870807e-05  1.56746489e-06  1.71791396e-06  4.27813939e-05]
 [-1.67255439e-05  2.88092215e-05  2.46065156e-05  8.64139383e-06  9.99999821e-01  4.13817434e-05  1.74914931e-05 -2.63790098e-05  4.37823037e-05  2.85994720e-05]
 [ 3.65936321e-05 -3.94021936e-06 -6.50798347e-06  4.14903297e-05  4.13817434e-05  9.99999523e-01  3.97956173e-05  1.76895956e-05  2.17261968e-05  2.26783527e-06]
 [ 3.90943023e-05 -3.44133809e-06  5.82571884e-05 -3.61870807e-05  1.74914931e-05  3.97956173e-05  1.00000024e+00 -8.58286330e-06 -1.64939611e-05  6.54718824e-05]
 [ 1.49509651e-05  4.68304243e-05  1.98056005e-05  1.56746489e-06 -2.63790098e-05  1.76895956e-05 -8.58286330e-06  1.00000000e+00 -4.00960962e-05  4.67765894e-05]
 [-3.73982184e-05 -1.60345571e-05 -2.75192651e-05  1.71791396e-06  4.37823037e-05  2.17261968e-05 -1.64939611e-05 -4.00960962e-05  1.00000036e+00 -2.98177474e-05]
 [ 3.92961301e-05  2.41070411e-05 -1.04870305e-05  4.27813939e-05  2.85994720e-05  2.26783527e-06  6.54718824e-05  4.67765894e-05 -2.98177474e-05  1.00000000e+00]]
