hidden representaion(r*topic):
[[-0.13123345 -0.03039799  0.09915855 -0.13767472  0.14275591  0.00789544  0.19812301 -0.08683676 -0.00330518  0.02950478 -0.02892805  0.03615641  0.21383789  0.00334379 -0.03728965]
 [ 0.0961927  -0.10304888  0.20812856 -0.23840182  0.37301636 -0.01323111  0.41289678 -0.11016302 -0.01479971 -0.12999302 -0.11940956  0.03697444  0.26561838  0.07582738 -0.05455155]
 [ 0.1641507  -0.1387016   0.24184084 -0.2634977   0.44582725 -0.03040478  0.46493143 -0.10415948 -0.02590506 -0.15430693 -0.16220202  0.06537118  0.26643872  0.07483102 -0.07171956]
 [ 0.04892611 -0.09540872  0.21245101 -0.12181995  0.37743795 -0.02390994  0.28436574 -0.01790614  0.1052037  -0.01130597 -0.03860552  0.12506278  0.2046479  -0.04168107 -0.06823023]
 [-0.18553525 -0.14058934  0.1175632  -0.03760381  0.1850807  -0.02916129  0.24008627 -0.02747744  0.06618067  0.13718915 -0.00658299 -0.0563788   0.22115842 -0.03455015 -0.10688829]
 [-0.02445261 -0.14438862  0.17832607 -0.14697623  0.30853635 -0.0318166   0.36064157 -0.06610297  0.02327243 -0.00620097 -0.08130449 -0.0186423   0.2519154   0.03183213 -0.09253275]
 [-0.06219963 -0.12080794  0.16658713 -0.08128579  0.29118583 -0.03298818  0.26097655 -0.02111503  0.0988892   0.06172486 -0.020339    0.04556495  0.2085835  -0.05047406 -0.09012353]
 [-0.26961577 -0.19013152  0.09404377 -0.00803236  0.13226928 -0.03852709  0.27464792 -0.02988912  0.04151773  0.19049226 -0.01413117 -0.16810772  0.24641588 -0.00554269 -0.13822655]
 [-0.11429588 -0.03151703  0.103487   -0.10705471  0.17571412  0.01022426  0.18175875 -0.07068209  0.058962    0.04135918  0.00872411  0.06389762  0.19553259 -0.05420007 -0.04039051]
 [-0.19482271 -0.13453986  0.10062134 -0.08760043  0.14768027 -0.00753668  0.3123318  -0.08262877 -0.00143637  0.08027221 -0.03449854 -0.14811131  0.26620108  0.04830516 -0.09381838]
 [-0.06634222 -0.00228424  0.141414   -0.13312921  0.21875964  0.03000708  0.22774588 -0.07625197  0.07320223 -0.04030284  0.01922425  0.03212548  0.23198693  0.02031576 -0.01980651]
 [-0.25636095 -0.0748576   0.07006983 -0.06161459  0.07331622  0.01847461  0.21954156 -0.0720167   0.00255892  0.11287036  0.00690232 -0.12399779  0.24388137  0.03344731 -0.06775425]
 [-0.15199614  0.09768979  0.04779319 -0.15633294  0.05191053  0.13053377  0.19243005 -0.16816978 -0.01866641 -0.0830882   0.06100332 -0.05884323  0.24911474  0.05547924  0.03885927]
 [-0.20036887 -0.14323172  0.10792467 -0.05009867  0.16681564 -0.0261278   0.26274234 -0.0448709   0.04892713  0.12626874 -0.01286591 -0.09459765  0.23620458 -0.01012633 -0.1063958 ]
 [-0.08995786 -0.03465966  0.14126045 -0.07870226  0.22811896  0.01625666  0.20563535 -0.04058304  0.10866411  0.03001724  0.0361976   0.04009431  0.21221898 -0.02863266 -0.04024021]]
R_hid(hidden representaion to predict r):
[[0.         0.27790263 0.         1.6430291  0.         1.9299608  0.         0.         0.         0.32232025 0.         0.9451439  0.         0.         0.        ]
 [0.         0.32089716 0.         0.         0.19723204 2.0918627  0.         0.37337    2.163889   2.2325552  0.9503069  1.8425632  0.55686325 1.1861619  0.26884726]
 [0.         0.         0.         0.         2.180378   0.09670328 0.         0.         0.6534074  1.3433427  0.4500209  0.5514746  1.0818963  0.92476416 0.9934897 ]
 [0.         0.         0.08227111 0.         2.0054379  0.         0.         0.35528705 0.4203474  0.         1.2028179  0.         1.3014224  0.81697625 1.9578091 ]
 [0.27203622 0.         0.98644835 0.66116637 0.18711975 0.         0.16106836 1.0426017  0.02518139 0.         0.6121404  0.         0.85277146 0.         0.        ]
 [0.         0.16500853 0.1934484  0.03971714 0.66557854 0.5809962  0.         0.03389604 0.92166525 0.21373966 1.6508002  0.5489847  0.17999035 0.         0.        ]
 [0.         1.0708019  1.249247   1.242771   0.12921917 0.42228746 1.8338603  0.00287263 0.         0.         0.         0.         0.67776257 0.         0.03460754]
 [0.         1.4390367  2.2298756  1.3630497  0.27856854 0.15841945 1.5372128  0.         0.18450452 0.         0.         0.8565502  0.         0.         1.3217791 ]
 [0.6010212  0.90975755 0.27827004 0.         0.         0.0955766  0.642406   0.         0.         0.         0.         0.         0.         0.         0.3251194 ]
 [0.68033046 0.6408152  0.         0.01381585 0.         0.         0.01393578 0.35429704 0.99666804 1.2000014  0.         1.026151   0.3824983  1.6245962  1.026983  ]
 [0.         0.         0.02444742 0.         0.40424266 0.         0.         0.         0.         0.         0.         0.         0.         0.         0.06092008]
 [1.6958376  0.66070294 0.         0.         0.         0.         0.7911859  0.9669014  0.5553767  0.         0.         0.         0.         0.7522421  0.        ]
 [1.9682419  0.09320841 0.         0.         0.         0.         0.20598026 1.1813707  0.         1.1107664  0.         0.         0.         0.8943487  0.        ]
 [0.0232725  0.         0.8188485  1.3362548  0.         0.         1.5266893  0.1742548  0.14176722 0.         0.14416921 0.835112   0.82934856 0.         0.        ]
 [0.6853594  0.16815247 0.         0.         0.         0.         0.         1.7232792  0.         0.         1.5438228  0.         0.6463172  0.         0.        ]]
topics:
[[-9.8691717e-02  3.4425375e-01 -2.1743329e-02 -3.5509202e-01  1.5031214e-02  2.5315604e-01  4.7257888e-01 -4.1221106e-01  2.0958984e-01 -5.1151669e-01  2.7350143e-01 -3.7224206e-01  4.4592071e-01  3.1290612e-01  2.4450231e-01]
 [-2.6938689e-01  4.7306561e-01 -1.7487651e-01 -3.2643941e-01 -4.2905337e-01  4.5442067e-02  3.0317049e-02  3.0918416e-02 -2.6664585e-01  4.3389919e-01 -3.3887163e-01  7.6708460e-01  3.8181055e-02  1.9160533e-01  4.3492231e-01]
 [ 2.2234648e-01 -1.4354680e-01  2.6443622e-01 -2.9517999e-01  4.9427623e-01 -3.3325955e-02  4.9997479e-01 -1.1240566e-01 -3.4304865e-02 -1.9760606e-01 -1.8564905e-01  8.8095590e-02  2.7139187e-01  8.4727705e-02 -7.0440128e-02]
 [-1.4482258e-01 -2.5478166e-02  1.7402853e-01  1.3926859e-01  2.8805152e-01 -4.7586691e-02 -5.0760526e-02  1.5572536e-01  4.0431616e-01  2.5424439e-01  1.9943592e-01  2.6761299e-01  8.6524256e-02 -2.7147949e-01 -6.3407697e-02]
 [ 1.1638888e-01  2.4846369e-01  1.6285613e-01  1.5583512e-01  1.7032892e-01  8.8628691e-01 -5.7817109e-02 -4.0481590e-02 -6.4748579e-01 -1.6177651e-01  8.1082381e-02  1.7245006e-02  4.5835502e-02 -2.4490730e-01 -6.1659470e-02]
 [-4.4834456e-01 -2.4828166e-01  3.1761039e-02  5.5539727e-02 -3.1029419e-03 -4.6610046e-02  2.8341818e-01 -3.5477497e-02  3.8184068e-04  3.0262128e-01 -5.7487423e-03 -3.4692359e-01  2.7753580e-01  3.0243071e-02 -1.7850049e-01]
 [-6.8811899e-01  4.4458812e-01  7.1290940e-02 -4.0560344e-01 -2.0288578e-01  6.5982156e-03 -4.3302283e-01 -4.1957721e-02 -6.1123308e-02 -1.3090664e-01  1.6591504e-01 -7.0289597e-02  1.9710106e-01  4.7254989e-01  1.1676737e-01]
 [-5.8502615e-03 -2.4241058e-02  3.4520707e-01  1.8437816e-01 -6.5221362e-02 -5.1779777e-02 -1.4397559e-01  6.1764214e-02 -1.3806903e-01 -7.0859909e-02 -7.8844912e-02  2.4412648e-01  3.5818547e-01  1.4799698e-01 -1.7111957e-01]
 [-9.6671559e-02  1.0006375e-02  5.4462165e-02 -1.8815847e-01 -4.7767706e-02 -3.6583427e-01 -2.2786666e-01 -3.2133844e-01 -2.7619138e-01  3.4245020e-01 -2.1601610e-02  1.7329533e-01  2.8905579e-01  4.7114834e-01  4.2430976e-01]
 [-2.1069260e-01 -5.4471001e-02 -1.1171522e-01 -2.9118025e-01  6.5616004e-02 -4.5802247e-02  1.0525260e-01 -2.4797679e-01  8.0135725e-02 -1.6836848e-03 -1.2484261e-02  2.0027499e-01  5.0713569e-02 -4.4341519e-01 -1.2687972e-01]]
R:
[[5.50606512e-02 5.28013967e-02 2.70205170e-01 1.03774995e-01 4.02656905e-02 2.20907122e-01 4.49888706e-02 4.74627651e-02 3.18513401e-02 1.32682011e-01]
 [4.96643558e-02 9.38127097e-03 7.42941022e-01 3.49614620e-02 1.15061272e-02 9.83664617e-02 1.27384411e-02 1.10606812e-02 1.12046562e-02 1.81754772e-02]
 [5.44454809e-03 4.23867349e-03 8.94654512e-01 1.88264996e-02 3.27342772e-03 6.17836900e-02 2.53795879e-03 1.64014671e-03 2.71772547e-03 4.88281902e-03]
 [4.85636899e-03 6.59519807e-03 5.69355786e-01 3.35954934e-01 1.50202522e-02 5.77673875e-02 2.14311364e-03 1.76415697e-03 2.25157384e-03 4.29125968e-03]
 [6.49580779e-03 7.73623353e-03 2.51551628e-01 2.14384481e-01 1.60368402e-02 4.37398732e-01 4.75376472e-03 7.49183912e-03 1.11286864e-02 4.30219732e-02]
 [1.43235317e-02 2.74814898e-03 5.65849304e-01 1.08160593e-01 3.67750670e-03 2.81059504e-01 6.44609379e-03 4.77187755e-03 2.88696261e-03 1.00764409e-02]
 [2.84037995e-03 3.43189458e-03 4.16165382e-01 2.92982221e-01 9.35416389e-03 2.30239362e-01 1.35148154e-03 2.89328699e-03 5.01220580e-03 3.57296132e-02]
 [5.54548344e-04 1.46832829e-03 1.94015205e-01 1.28979087e-01 6.58307644e-03 6.47815764e-01 4.61096148e-04 1.51452853e-03 2.63368012e-03 1.59746874e-02]
 [6.90839961e-02 3.51361334e-02 2.34836578e-01 2.25062907e-01 4.15354930e-02 1.71143264e-01 1.79440901e-02 3.12658250e-02 3.02810166e-02 1.43710628e-01]
 [6.45089224e-02 1.32566467e-02 2.87485272e-01 3.53760645e-02 1.94442458e-02 5.17272174e-01 1.00113479e-02 1.24887656e-02 1.22143840e-02 2.79422626e-02]
 [1.34944513e-01 2.10960060e-02 3.30239445e-01 2.28050113e-01 3.46398503e-02 1.18593745e-01 4.12377529e-02 3.63892801e-02 1.34566482e-02 4.13526110e-02]
 [8.16808492e-02 3.56259607e-02 1.29601866e-01 8.43433365e-02 4.30128686e-02 4.96080011e-01 3.70165557e-02 2.35900953e-02 1.98392365e-02 4.92092073e-02]
 [2.74863094e-01 4.82615642e-02 8.26255679e-02 5.01826406e-02 1.08204961e-01 1.72013789e-01 3.85686643e-02 5.22925481e-02 4.25196402e-02 1.30467474e-01]
 [2.51054857e-02 7.60705862e-03 2.49949858e-01 1.56546444e-01 1.27973584e-02 4.81011391e-01 6.81330729e-03 8.02686345e-03 1.00396369e-02 4.21025492e-02]
 [9.73112658e-02 1.54202553e-02 2.80822873e-01 3.21466655e-01 3.51277739e-02 1.68738738e-01 1.82952359e-02 1.74954943e-02 1.50925880e-02 3.02292220e-02]]
cosine similarity of topic:
[[ 1.00000012e+00 -1.65903730e-05 -1.69707764e-05  7.21248289e-05  3.02875760e-05 -2.54872862e-06  6.99459315e-06  3.46190354e-05 -4.15714894e-05 -3.10290034e-08]
 [-1.65903730e-05  9.99999762e-01  2.62436897e-05 -3.79691992e-05 -1.18691705e-05  2.86047161e-05 -4.19315948e-05 -4.62439020e-05 -7.20359594e-06  4.66792926e-06]
 [-1.69707764e-05  2.62436897e-05  1.00000024e+00  6.09121525e-06 -2.96336730e-05  1.23148957e-05 -1.88781942e-05 -6.20245482e-05  2.04136577e-05 -4.05989631e-05]
 [ 7.21248289e-05 -3.79691992e-05  6.09121525e-06  1.00000012e+00  6.22306252e-05 -1.32083469e-05 -2.41501257e-05 -6.46657791e-05 -5.97966682e-05  4.26648876e-05]
 [ 3.02875760e-05 -1.18691705e-05 -2.96336730e-05  6.22306252e-05  1.00000012e+00 -2.18681998e-05 -1.17985555e-05 -6.26630645e-05 -1.94595723e-05  1.28730280e-05]
 [-2.54872862e-06  2.86047161e-05  1.23148957e-05 -1.32083469e-05 -2.18681998e-05  1.00000024e+00  4.24026584e-05  2.25962285e-05  3.99319106e-06  6.83278995e-06]
 [ 6.99459315e-06 -4.19315948e-05 -1.88781942e-05 -2.41501257e-05 -1.17985555e-05  4.24026584e-05  9.99999642e-01 -1.14206114e-05 -2.98314262e-06  5.44937620e-07]
 [ 3.46190354e-05 -4.62439020e-05 -6.20245482e-05 -6.46657791e-05 -6.26630645e-05  2.25962285e-05 -1.14206114e-05  1.00000000e+00 -3.07979244e-05 -1.96285532e-06]
 [-4.15714894e-05 -7.20359594e-06  2.04136577e-05 -5.97966682e-05 -1.94595723e-05  3.99319106e-06 -2.98314262e-06 -3.07979244e-05  9.99999702e-01 -3.49752509e-06]
 [-3.10290034e-08  4.66792926e-06 -4.05989631e-05  4.26648876e-05  1.28730280e-05  6.83278995e-06  5.44937620e-07 -1.96285532e-06 -3.49752509e-06  1.00000012e+00]]
