hidden representaion(r*topic):
[[-2.35032022e-01  4.61944580e-01 -9.43370163e-02 -3.12079012e-01 -2.97400832e-01  1.16098233e-01  4.07442711e-02 -4.03553277e-04 -2.86162078e-01  3.19054067e-01 -1.60057843e-01  6.40362084e-01  6.33577332e-02  1.50322258e-01  4.07128811e-01]
 [-2.34165877e-01  4.96750265e-01 -1.41831160e-01 -3.53130817e-01 -3.62231135e-01  6.68733269e-02  1.00422330e-01  1.23479292e-02 -2.76265949e-01  4.07803446e-01 -2.20465481e-01  7.69785941e-01  4.58812863e-02  1.49909452e-01  4.75665689e-01]
 [-2.35126093e-01  5.10530055e-01 -1.47466063e-01 -3.62906635e-01 -3.74014050e-01  6.21754490e-02  1.00008339e-01  1.50271626e-02 -2.79149711e-01  4.18421417e-01 -2.27549940e-01  7.93734908e-01  4.21260111e-02  1.56909734e-01  4.91981745e-01]
 [-2.18926981e-01  4.63084280e-01 -1.18202083e-01 -3.09123933e-01 -3.20956498e-01  1.13638140e-01  9.67035890e-02  1.03775105e-02 -2.95636117e-01  3.74737799e-01 -1.97230443e-01  6.98531270e-01  5.18232472e-02  1.24438576e-01  4.27599818e-01]
 [-7.10898489e-02  3.12755138e-01  2.88955607e-02 -5.40961362e-02 -5.99765591e-02  4.64019835e-01  2.59419717e-02 -1.34009067e-02 -4.55938578e-01  1.16799839e-01 -5.07615693e-02  3.30904573e-01  6.28201813e-02 -5.64673841e-02  1.53179318e-01]
 [-1.68205664e-01  3.47415209e-01 -4.74761911e-02 -1.90127507e-01 -1.83009356e-01  2.32981250e-01  8.09138417e-02 -1.42012397e-02 -3.17106396e-01  2.37574816e-01 -1.16962194e-01  4.69693035e-01  7.65671954e-02  3.62754166e-02  2.63691574e-01]
 [-6.61392584e-02  3.28408211e-01  2.90665887e-02 -6.48659989e-02 -7.11787716e-02  4.53623533e-01  1.63476337e-02 -1.13652190e-02 -4.54503536e-01  1.16542704e-01 -5.71415089e-02  3.62663865e-01  6.19697981e-02 -4.48969752e-02  1.68134466e-01]
 [-1.18998975e-01  3.49632412e-01 -1.14792716e-02 -1.45348266e-01 -1.33127883e-01  3.26265872e-01  3.71336639e-02 -1.51293427e-02 -3.77007574e-01  1.75251365e-01 -8.96779895e-02  4.39395845e-01  6.75331056e-02  5.74082974e-03  2.29042754e-01]
 [-9.51206535e-02  3.79603952e-01 -4.74383496e-03 -1.29261345e-01 -1.30283162e-01  3.89733166e-01  1.61532778e-02 -8.52209795e-03 -4.31219310e-01  1.65838391e-01 -8.59206542e-02  4.55203354e-01  5.32105193e-02 -1.27542135e-03  2.40722999e-01]
 [-1.66296929e-01  4.37993795e-01 -7.08621219e-02 -2.40800157e-01 -2.44814515e-01  2.28051201e-01  5.43080717e-02  2.12719687e-03 -3.52083892e-01  2.82576621e-01 -1.50503725e-01  6.08382106e-01  5.07954098e-02  7.64978603e-02  3.55869651e-01]
 [-1.60977006e-01  3.50465357e-01 -3.81865203e-02 -1.77819058e-01 -1.75520912e-01  2.52729505e-01  6.73310161e-02 -9.89780296e-03 -3.35487694e-01  2.32812017e-01 -1.12538710e-01  4.66636419e-01  7.37114996e-02  3.44647169e-02  2.60179579e-01]
 [-8.56689438e-02  3.46810490e-01  1.23843616e-02 -9.67797190e-02 -9.80370492e-02  4.11828309e-01  1.46204839e-02 -1.21481642e-02 -4.35034454e-01  1.43459231e-01 -6.80759475e-02  3.98589939e-01  6.02263138e-02 -2.04635039e-02  2.02545568e-01]
 [-2.72972345e-01  2.65828520e-01  8.18676203e-02 -1.91662043e-01 -5.39544262e-02  1.31035179e-01 -1.74684301e-01 -6.92240000e-02 -2.15140402e-01  2.55123693e-02  6.34105951e-02  1.38076037e-01  1.65200382e-01  2.06221223e-01  1.60517961e-01]
 [-6.94877282e-02  3.00216436e-01  3.60791311e-02 -4.15095612e-02 -4.93962765e-02  4.70948637e-01  2.61802338e-02 -1.35631543e-02 -4.57046896e-01  1.09139174e-01 -4.44755629e-02  3.08382303e-01  6.67829216e-02 -6.09094873e-02  1.38505638e-01]
 [-1.82597265e-01 -1.01941992e-02  1.05980448e-02 -1.12309620e-01  6.56168610e-02  1.03823729e-01  1.27103224e-01 -1.39943883e-01 -4.49248515e-02 -6.76956214e-03  3.22922319e-03  2.60731839e-02  1.62773728e-01 -1.68841287e-01 -1.07108928e-01]]
R_hid(hidden representaion to predict r):
[[-1.4115187e+00 -1.3036427e+00 -1.0948848e+00 -1.2809767e+00 -1.9525364e-01 -8.2911897e-01 -5.0718719e-01  1.2177714e+00 -1.3869740e+00  1.2127642e-01  3.0092734e-01 -1.3185368e+00 -1.2945461e+00 -1.3797699e+00 -9.8893583e-01]
 [ 1.1165538e+00 -1.4229289e+00 -1.0440023e+00 -1.4176098e+00 -1.4577388e+00  2.9525709e-01  4.8043728e+00 -2.1372682e-01 -1.3823516e+00 -1.4577388e+00  1.6663899e+00  1.1743765e+00 -1.3302590e+00  2.8784901e-01  1.1682588e+00]
 [ 9.5417053e-01 -1.4360194e+00 -1.4019369e+00 -1.4544237e+00  3.1332941e+00 -6.9603062e-01  6.6767378e+00  1.1276397e-01 -1.4129885e+00  8.9263922e-01  1.8285075e+00  2.7029958e+00 -1.2661639e+00 -1.2279190e+00 -1.4577388e+00]
 [-1.0280156e+00 -1.1872854e+00 -1.3264234e+00 -1.4557859e+00  5.1100831e+00 -8.7959051e-01  1.0336119e+01  3.2603593e+00 -1.4450022e+00 -2.1641871e-01  6.1378729e-01  9.5015293e-01 -1.4577388e+00 -1.0001429e+00  2.3368402e+00]
 [-9.6650255e-01 -1.3396027e+00 -1.1783751e+00 -1.3706338e+00  2.7292438e+00 -1.4162508e+00  5.3440061e+00  3.5867104e-01 -1.4577388e+00 -2.8835419e-01  3.6384457e-01 -1.3154521e+00 -1.4351207e+00 -7.8513980e-01  2.2673769e+00]
 [-6.6721499e-01 -1.2576550e+00 -3.1659615e-01 -1.2035260e+00  9.9034899e-01 -7.7287018e-01  3.7413831e+00 -9.7260273e-01 -8.9617419e-01  4.1784945e-01  4.4880828e-01 -3.7148368e-01 -1.3113388e+00 -8.5864365e-01  1.3996444e+00]
 [-1.2845708e+00 -7.2377414e-01 -1.2876728e+00 -1.4234315e+00  2.4565845e+00 -1.4577388e+00  6.3522344e+00  2.1296010e+00 -1.4352642e+00 -1.1554230e+00 -9.6088302e-01 -1.1331232e+00 -1.3239058e+00  1.3873644e-01  1.2489003e+00]
 [-1.1483092e+00 -1.1947998e+00 -1.0878278e+00 -1.4577388e+00  3.2148218e-01 -1.2748967e+00  3.4053206e+00  5.8524901e-01 -1.4577388e+00 -8.7490052e-02 -5.1647538e-01 -1.3444762e+00 -1.2506962e+00 -7.4850601e-01  1.0980999e+00]
 [-1.4407520e+00 -1.4577388e+00 -1.3204914e+00 -1.3505679e+00  1.7449603e+00 -1.3227806e+00  2.5612674e+00  2.2761440e+00 -1.4577388e+00 -9.3821716e-01 -1.3099761e+00 -1.1924131e+00 -1.0801287e+00 -1.2498848e+00  7.3707384e-01]
 [-9.6352518e-01 -1.3749367e+00 -8.2255226e-01 -1.3890423e+00  1.1558050e+00 -1.3367670e+00  2.8973856e+00  4.7843061e-02 -1.4163573e+00  1.3692321e+00 -9.1067624e-01 -1.2164304e+00 -7.3834187e-01 -1.3916707e+00  1.8890039e+00]
 [-1.1373961e+00 -1.3892930e+00 -7.9034752e-01 -1.3734652e+00  1.1610334e+00 -1.3394790e+00  3.1576319e+00 -5.5064112e-03 -1.3423523e+00  8.8196397e-03 -1.4577388e+00 -1.3949531e+00 -1.3725363e+00 -9.4171166e-01  1.2189283e+00]
 [ 4.9561134e-01 -1.2740889e+00 -1.3460722e+00 -1.2595232e+00 -1.1177543e-01 -1.1973207e+00  2.1605191e+00 -1.4577388e+00 -1.4349055e+00 -5.6179565e-01 -1.1850868e+00 -1.4066434e+00 -9.9758875e-01 -1.4163344e+00  1.1553361e+00]
 [-1.4222840e+00 -1.2820650e+00  1.2487646e+00 -9.3796432e-01  2.3993692e-01 -1.2618922e+00 -1.4164617e+00  8.1819665e-01 -7.7891606e-01 -1.4577388e+00 -1.2442247e+00 -1.3580742e+00  3.4662086e-01 -1.3558040e+00 -2.1394646e-01]
 [-8.4670770e-01 -1.3335133e+00 -5.7271320e-01 -1.3727727e+00  2.4598351e+00 -1.3399732e+00  4.3532143e+00 -1.4577388e+00 -1.3839536e+00 -3.6113179e-01 -8.5745871e-01 -1.3620497e+00 -1.2765200e+00 -1.2960697e+00  2.4996376e+00]
 [-2.3640126e-02 -1.1631655e+00 -1.4577388e+00  7.4884415e-01 -5.1310217e-01 -1.0571269e+00  2.4789486e+00 -1.2135317e+00 -8.2394284e-01 -8.2540137e-01  2.5543947e+00 -1.4577388e+00 -1.1962373e+00  4.6312091e-01  5.1854110e-01]]
topics:
[[-0.10285991  0.18623638 -0.02223917 -0.33083618  0.00109489  0.23558371  0.43434405 -0.2825732   0.13690072 -0.48107132  0.19389318 -0.30650502  0.38992345  0.29301655  0.09234874]
 [-0.23617363  0.5131409  -0.14915483 -0.36592957 -0.37714988  0.05904229  0.10040232  0.0153817  -0.27814707  0.4212012  -0.22936426  0.7991334   0.04164366  0.15890808  0.49571407]
 [ 0.2553931  -0.18495733  0.3475849  -0.35835442  0.6656317  -0.01921166  0.50112915 -0.11242284 -0.05906878 -0.20684813 -0.03466542  0.23274514  0.26770672  0.16693425  0.00669723]
 [-0.16445184 -0.02452783  0.16169605  0.15066767  0.25837514 -0.05413248 -0.07143457  0.17418513  0.40632144  0.26518896  0.19143875  0.25611186  0.08285175 -0.2838032  -0.06221473]
 [ 0.12137721  0.23643476  0.17173521  0.18419306  0.18640324  0.8780781  -0.08105393 -0.03337537 -0.67638505 -0.15622531  0.08598005  0.05807255  0.04469212 -0.24107601 -0.07156238]
 [-0.4552353  -0.20979752  0.027471    0.03681549 -0.00761032 -0.05193429  0.34026113 -0.02070165 -0.00484266  0.32169843 -0.00491837 -0.3410727   0.27818936  0.02491331 -0.14988598]
 [-0.68835956  0.45846123  0.07387959 -0.41479513 -0.2104745   0.02458386 -0.423072   -0.04614573 -0.05488581 -0.1417497   0.19542505 -0.0751038   0.21031035  0.47847146  0.15838197]
 [-0.00659608 -0.0271202   0.34781688  0.21526909 -0.0647637  -0.04832551 -0.15730579  0.05124444 -0.14927647 -0.06459843 -0.07367912  0.25271305  0.3486594   0.15321237 -0.17896235]
 [-0.10040265 -0.00590803  0.03427357 -0.20446487 -0.08437426 -0.3912652  -0.2168809  -0.32496017 -0.2539499   0.3053044  -0.03968068  0.15732554  0.28709888  0.45208836  0.4100693 ]
 [-0.22326382 -0.05667213 -0.13675447 -0.25669473  0.0567442  -0.04707244  0.08036464 -0.25977412  0.1014563  -0.00564827 -0.05471246  0.16082221  0.06336121 -0.45370042 -0.17697023]]
R:
[[1.49812060e-03 7.96824813e-01 4.70140530e-03 6.96392264e-03 8.57105330e-02 5.45210764e-03 7.62148649e-02 2.25767423e-03 1.92232877e-02 1.15339202e-03]
 [1.82500284e-03 9.66336668e-01 1.03042526e-04 3.36245954e-04 1.18225226e-02 1.13839367e-02 1.10849424e-03 1.56967132e-03 2.11695442e-04 5.30269276e-03]
 [3.27817397e-05 9.93652463e-01 1.66011557e-06 8.30768931e-06 4.10863990e-03 1.76385441e-03 1.20673976e-04 3.84241139e-05 1.06430180e-05 2.62525835e-04]
 [2.52437931e-05 8.85763407e-01 3.57761451e-06 5.06066044e-06 7.23218620e-02 4.05363068e-02 1.15731573e-05 1.15552370e-03 2.00509689e-07 1.77297261e-04]
 [5.69177675e-04 4.07928526e-01 2.32069724e-04 2.15019172e-04 5.05862176e-01 7.64093101e-02 3.63505183e-04 3.68141173e-03 2.72280195e-05 4.71162936e-03]
 [1.97255518e-02 6.03809416e-01 2.04805797e-03 4.47476516e-03 2.28077754e-01 8.93506408e-02 3.38861765e-03 1.28447134e-02 1.21726829e-03 3.50632705e-02]
 [1.81336410e-03 4.30610448e-01 2.34742765e-03 1.29996717e-03 4.91256595e-01 4.56544869e-02 3.76238674e-03 1.97136533e-02 2.21183014e-04 3.32052307e-03]
 [9.06081218e-03 5.29312015e-01 8.03751126e-03 5.78423822e-03 3.40692222e-01 3.80330496e-02 1.64397098e-02 1.96291693e-02 5.03737153e-03 2.79738717e-02]
 [1.06684549e-03 5.40915132e-01 1.72958744e-03 2.14411854e-03 4.10947680e-01 1.05951969e-02 1.65890325e-02 8.24710447e-03 6.51787175e-03 1.24740496e-03]
 [1.52932154e-03 7.47356474e-01 1.32306374e-03 2.19913479e-03 2.11165652e-01 8.98620114e-03 1.48770604e-02 7.08749238e-03 2.93142628e-03 2.54416047e-03]
 [8.74598697e-03 5.93279183e-01 2.87375064e-03 5.61455544e-03 2.54454434e-01 8.45381990e-02 9.50094778e-03 1.40644275e-02 3.85552039e-03 2.30730120e-02]
 [1.13658758e-03 4.74552959e-01 1.26882608e-03 6.56030048e-03 4.44714308e-01 3.45840901e-02 1.32551873e-02 9.67835262e-03 1.15163662e-02 2.73300637e-03]
 [4.22846805e-03 1.23393804e-01 4.14232314e-02 6.49032369e-02 2.08985299e-01 7.61450408e-03 3.59876454e-01 2.25242041e-02 1.62532166e-01 4.51864069e-03]
 [4.52843728e-04 3.83824080e-01 1.45622820e-04 4.44317295e-04 5.16303658e-01 8.91989917e-02 3.66069231e-04 6.80656917e-03 2.31999293e-04 2.22578901e-03]
 [9.03911814e-02 1.42481467e-02 3.83611619e-02 2.50406209e-02 1.33681044e-01 1.90833718e-01 1.61350816e-02 7.16394112e-02 2.53076269e-03 4.17138875e-01]]
cosine similarity of topic:
[[ 1.0000002e+00  3.8413120e-05 -2.9183779e-05 -1.3593963e-05 -2.8279439e-05 -7.2247258e-06  9.7084671e-07 -1.0698066e-05 -6.2884777e-05  2.9754057e-05]
 [ 3.8413120e-05  1.0000000e+00 -1.0640625e-05 -1.5293899e-05 -3.1052132e-05 -4.5461922e-05  9.9222474e-05 -3.4668043e-05  5.5516783e-05 -2.3324646e-05]
 [-2.9183779e-05 -1.0640625e-05  9.9999976e-01 -8.0778676e-07  9.6413612e-05  3.1652409e-05  2.3058321e-06  1.4273579e-05  1.5589260e-06 -8.8274946e-06]
 [-1.3593963e-05 -1.5293899e-05 -8.0778676e-07  9.9999970e-01  2.2199276e-05  2.0886562e-05 -5.2658888e-05 -3.3554008e-06  3.8601294e-05 -1.4225989e-05]
 [-2.8279439e-05 -3.1052132e-05  9.6413612e-05  2.2199276e-05  9.9999946e-01 -4.2956439e-05  7.1194081e-05 -3.1723252e-05 -1.1166716e-06  4.0740557e-05]
 [-7.2247258e-06 -4.5461922e-05  3.1652409e-05  2.0886562e-05 -4.2956439e-05  9.9999994e-01  1.4366008e-05  3.3014178e-08 -2.9175515e-05  2.7381642e-05]
 [ 9.7084671e-07  9.9222474e-05  2.3058321e-06 -5.2658888e-05  7.1194081e-05  1.4366008e-05  9.9999982e-01  3.6777248e-05 -1.5298787e-05  4.2402067e-07]
 [-1.0698066e-05 -3.4668043e-05  1.4273579e-05 -3.3554008e-06 -3.1723252e-05  3.3014178e-08  3.6777248e-05  1.0000002e+00 -2.7961747e-05  2.4318897e-05]
 [-6.2884777e-05  5.5516783e-05  1.5589260e-06  3.8601294e-05 -1.1166716e-06 -2.9175515e-05 -1.5298787e-05 -2.7961747e-05  1.0000001e+00  2.5092029e-05]
 [ 2.9754057e-05 -2.3324646e-05 -8.8274946e-06 -1.4225989e-05  4.0740557e-05  2.7381642e-05  4.2402067e-07  2.4318897e-05  2.5092029e-05  9.9999994e-01]]
