hidden representaion(r*topic):
[[-1.51191410e-02 -1.51474774e-01  1.82879329e-01 -9.65081714e-03 -2.72357523e-01  4.17552412e-01  6.29438832e-02 -3.39559585e-01  3.43179911e-01 -4.15649146e-01 -2.25104466e-02  3.91418308e-01  2.55666412e-02 -1.31941915e-01  3.83648393e-03]
 [-4.27242965e-02 -4.73669142e-01 -1.78968221e-01 -2.05983326e-01  5.41156270e-02  2.12233812e-01  8.82277191e-02 -1.43266976e-01  1.23569697e-01 -3.08096409e-01 -2.59570917e-03  3.68810356e-01  4.24171053e-02 -1.51750147e-01  5.10285869e-02]
 [ 2.66156912e-01 -2.84480780e-01 -4.54559773e-02 -3.09082836e-01 -1.25469908e-01  8.17179456e-02  1.91991225e-01 -1.15253642e-01  4.44764532e-02 -1.23786353e-01 -5.92912436e-02  1.83869869e-01 -9.78419557e-04 -3.08508992e-01 -1.83549821e-01]
 [ 2.15371728e-01 -1.70456842e-01  1.02088854e-01 -2.31714696e-01 -1.84469774e-01  1.28761679e-01  1.90381467e-01 -1.11700483e-01  1.92958355e-01 -9.89332423e-02 -9.75749940e-02  8.61992091e-02 -9.25034657e-02 -3.29901963e-01 -2.02285826e-01]
 [ 1.72120263e-03 -3.03719580e-01 -2.52852701e-02 -2.03668848e-01  1.59818504e-03  1.43162772e-01  1.47685021e-01 -6.75424784e-02  2.46612296e-01 -1.76231280e-01 -4.82402593e-02  1.71318054e-01 -9.63888839e-02 -2.40831122e-01 -4.22421768e-02]
 [ 1.94583327e-01 -1.47287518e-01  5.58461212e-02 -2.66876280e-01 -1.19287699e-01  5.44527732e-02  2.20028445e-01 -7.81693235e-02  2.03258917e-01 -1.06746182e-01 -3.77931185e-02  1.27328008e-01 -9.28457752e-02 -3.06795537e-01 -1.57407850e-01]
 [-3.54754180e-02 -3.42874020e-01 -3.72092277e-02 -1.63248494e-01 -1.71339232e-02  2.19291627e-01  1.08662724e-01 -1.29102528e-01  2.37112537e-01 -2.53892094e-01 -3.86833549e-02  2.56126851e-01 -4.44291085e-02 -1.95336565e-01 -5.73736674e-04]
 [ 8.63502175e-02 -4.46283340e-01  1.39679626e-01 -2.39250995e-02 -3.17119509e-01  5.41854799e-01 -1.94163062e-02 -3.07028919e-01  1.49513483e-01 -2.53431380e-01 -2.72598505e-01  1.41049787e-01  5.05813863e-03 -2.77597994e-01 -1.88142344e-01]
 [ 1.28681079e-01 -5.37701905e-01 -7.18642101e-02 -2.01459154e-01 -1.07498102e-01  3.00695688e-01  6.07691891e-02 -1.45288363e-01  2.77285390e-02 -1.46242470e-01 -2.08136186e-01  1.16068795e-01 -6.82435604e-03 -3.07643473e-01 -1.75234765e-01]
 [ 1.76992446e-01 -2.09604323e-01 -2.74278615e-02 -2.82819808e-01 -7.98859224e-02  5.74513413e-02  2.05995336e-01 -1.04502320e-01  1.46818355e-01 -1.69627607e-01  5.89923235e-03  2.34496608e-01 -2.62039937e-02 -2.59399503e-01 -1.03484057e-01]
 [-2.76024729e-01 -6.48538888e-01 -1.69366956e-01 -9.68806073e-03  2.97091659e-02  5.23853540e-01 -7.59765282e-02 -2.94931412e-01  1.89764738e-01 -5.15179813e-01 -5.15330434e-02  5.16153514e-01  1.15969606e-01 -2.84004528e-02  1.87612057e-01]
 [ 1.91785559e-01 -1.23447388e-01  2.34372839e-02 -2.65801132e-01 -1.27930567e-01  5.98558672e-02  2.19024003e-01 -1.39246762e-01  1.83331460e-01 -2.01948464e-01  3.85846421e-02  2.75084794e-01 -1.59628484e-02 -2.42307052e-01 -9.55359265e-02]
 [ 4.37865943e-01 -1.08295910e-01  5.22244535e-02 -3.44383389e-01 -2.67627627e-01  2.68886182e-02  2.52273589e-01 -1.63375556e-01  2.16515716e-02 -1.02620035e-01 -2.94545162e-02  1.92443386e-01  2.42652744e-02 -3.44977707e-01 -2.71033496e-01]
 [ 5.13293087e-01 -1.91047527e-02  4.40821022e-01 -9.00025666e-02 -6.92124724e-01  4.32700336e-01  1.20792478e-01 -3.91771466e-01  1.24903694e-01 -1.25216678e-01 -2.79400080e-01  2.70391665e-02 -1.41719065e-03 -4.25658882e-01 -4.67293203e-01]
 [ 3.41325939e-01 -3.69695723e-02  2.37811878e-01 -1.70779347e-01 -4.13903326e-01  2.43127003e-01  1.74935997e-01 -2.83323914e-01  1.72952697e-01 -1.97151080e-01 -8.70093778e-02  1.98561743e-01  5.72783966e-03 -3.09255958e-01 -2.54146814e-01]]
R_hid(hidden representaion to predict r):
[[1.614725   0.07334562 0.         0.         1.8105093  1.0659051  0.         1.2397612  0.         0.         0.         0.         0.6721738  0.42261916 0.        ]
 [1.762674   0.35229743 0.         0.         0.7044736  1.0123252  0.         0.         0.49733436 0.         0.         0.         1.8442235  0.         0.        ]
 [1.1756407  0.         0.9761408  0.         0.2420461  0.         0.         0.         0.         0.         0.         0.         1.4605166  0.         0.        ]
 [0.08435479 0.         0.81457025 1.3015041  0.00386856 0.12797713 0.         0.79180247 0.         0.         0.         0.         1.2638263  0.         0.        ]
 [0.         0.72696716 0.         0.6687253  0.         0.67296135 0.         0.         0.         0.         0.         0.         2.0195122  0.         0.        ]
 [0.753709   0.         0.08198171 0.7532681  0.         0.6029825  0.         0.27905294 0.42829216 0.10568224 0.         0.         0.3701574  0.         0.        ]
 [1.7104517  0.588237   0.         0.3136136  0.         1.1021873  0.         0.25538442 0.         0.         0.         0.04306829 1.912194   0.         0.        ]
 [0.28391674 1.3064945  0.         0.         0.         0.85796607 0.25589505 0.02807347 0.         0.         0.         0.71438795 1.8006297  0.         0.47735974]
 [0.14455192 0.5912084  1.9826518  0.05589599 0.04731823 0.         0.         0.         0.         0.         0.         1.1354047  1.6404094  0.         0.6592244 ]
 [1.1198347  0.         0.39129338 1.5913305  0.         0.         0.         1.3408415  0.         0.         0.         0.         0.6948771  0.49693748 0.        ]
 [0.8806651  0.5118859  0.         0.         1.1279591  1.4375445  0.         0.8977369  0.         0.         0.         0.         2.3855603  0.         0.        ]
 [0.32065395 0.         0.         1.7279589  0.31778178 0.         0.         0.         0.         0.         0.         0.         0.3458543  0.24498467 0.21210834]
 [0.         0.         0.         1.3399833  0.75876236 0.6388417  0.         0.7875173  0.         0.9446726  0.65639704 0.         0.44353867 0.09223162 0.        ]
 [0.         0.02526822 0.         0.21397673 0.5101591  0.33034426 1.695035   0.         1.9518727  1.3151646  0.         0.         0.38217714 0.03548279 0.        ]
 [0.33532378 0.         0.         1.9043337  0.         1.4405069  0.22688702 0.         0.6003835  0.00501398 0.         0.         1.1102676  0.         0.        ]]
topics:
[[ 4.9314490e-01  4.4877842e-02  6.0569209e-01  2.8956339e-02 -8.3770108e-01  5.9026182e-01  7.0700660e-02 -4.7649792e-01  2.1856293e-01 -1.5499938e-01 -3.5419458e-01 -2.1065006e-02 -2.7563874e-02 -4.3517673e-01 -5.0687897e-01]
 [-3.6261597e-01  1.1269277e-01 -4.1178772e-01  5.1246399e-01  8.7629363e-02  3.1888780e-01 -7.4090415e-01 -5.3288823e-01  1.2788956e-01 -2.6383990e-01 -3.8558424e-01  1.9844325e-01 -1.5708695e-01 -2.1478042e-01 -3.2847501e-02]
 [-2.7324662e-01 -1.1885564e-01  4.8321754e-01 -3.5774788e-01  6.5985739e-01  2.0408282e-01 -1.8238188e-01  4.1141018e-01  1.6603443e-01  4.6832796e-02 -1.9189344e-01  2.5444838e-01 -4.4603791e-02  1.5164691e-01 -2.7790962e-02]
 [-2.2253466e-01 -5.1123542e-01 -1.8231286e-01 -4.3605629e-01  6.1459047e-01 -3.5206157e-01  3.0221465e-01  6.7101145e-01  4.4374141e-01  5.1033121e-01 -2.8379196e-01 -7.2030383e-01 -7.0344555e-01 -5.7328761e-01 -1.7626290e-01]
 [-3.6247674e-01  3.1720415e-02  5.1782981e-02 -2.3984052e-02  6.9818735e-02  1.8332160e-01  1.5173692e-01 -2.2577511e-01  6.2557513e-01 -5.9308428e-01  3.1389856e-01  6.7670286e-01 -2.0032469e-02  8.9567661e-02  3.8005006e-01]
 [-5.7828420e-01 -1.3833810e+00 -5.6514096e-01  9.2724003e-02  2.4838133e-01  8.9586151e-01 -3.5769305e-01 -4.0399128e-01 -8.2481883e-02 -7.4302095e-01 -1.7748302e-01  7.4483740e-01  3.3613190e-01  1.2359308e-01  3.8345316e-01]
 [ 1.8840425e-01  3.1004308e-02  2.0010839e-01  6.4001992e-02  1.8217817e-01 -1.0317712e-02 -1.1499579e-01  3.6095655e-01  9.1757572e-01 -1.0795299e-03  6.9099307e-01 -1.2831455e-01 -5.2841294e-01  3.8164306e-02  4.4906747e-02]
 [ 6.3450998e-01 -1.9769290e-01 -4.8017499e-01 -2.0771068e-01 -1.4169663e-01  3.9164388e-01  1.6285186e-01 -5.0743663e-01  7.8038990e-02 -6.7032611e-01  2.9448656e-02 -3.9572278e-01  2.0600288e-01 -4.5363244e-01 -5.0579864e-01]
 [ 9.3350732e-01 -2.4808702e-01 -3.5982072e-01 -8.3760661e-01 -8.0627449e-02 -5.1659292e-01  4.7109130e-01  7.3392697e-02 -5.1453942e-01  1.9927791e-01  5.5546671e-02  1.3240753e-01  1.3429956e-01 -5.2165675e-01 -4.8401174e-01]
 [-4.7403473e-01  1.3633253e-01  5.1529415e-02 -1.3676265e-01  4.5820210e-02 -3.8794580e-01  5.1609784e-01 -7.0455337e-01  2.4415756e-02  2.1842597e-01 -5.4793261e-02  3.2027870e-01  4.0845978e-01 -4.5960587e-01 -5.3928602e-01]]
R:
[[3.98571402e-01 3.72769847e-07 3.40711267e-07 1.22832542e-03 4.46653336e-01 1.27552450e-01 1.40557142e-06 8.89923157e-08 2.59920321e-02 1.80695878e-07]
 [9.59387049e-02 3.66685470e-07 2.25926684e-07 1.00818478e-01 3.08608860e-01 2.76148856e-01 1.11178292e-06 2.16593605e-07 2.18483105e-01 9.50582546e-08]
 [2.47866437e-01 3.96767604e-07 2.23214784e-07 1.06287070e-01 1.96218535e-01 1.19744211e-01 2.02764204e-06 1.73396259e-07 3.29880685e-01 1.68808697e-07]
 [3.56894672e-01 9.02555485e-07 2.96038877e-07 1.68943435e-01 2.33132139e-01 4.20195572e-02 6.30464365e-06 9.83118369e-08 1.99002370e-01 1.76332421e-07]
 [2.02445164e-01 1.16179763e-06 2.22324573e-07 2.09975913e-01 3.11882108e-01 1.29444122e-01 9.04936223e-06 1.49942778e-07 1.46241680e-01 3.47171209e-07]
 [2.73008734e-01 1.70945714e-06 7.08970333e-07 1.66331708e-01 3.07083637e-01 1.87996197e-02 1.91121489e-05 3.09362520e-07 2.34753892e-01 4.86754971e-07]
 [2.03919560e-01 7.00942735e-07 2.68926783e-07 1.57048047e-01 3.27753246e-01 1.80490673e-01 1.75719902e-06 1.28264219e-07 1.30785450e-01 2.02141578e-07]
 [5.50321102e-01 5.21613629e-07 2.54029771e-07 1.15285434e-01 1.99695341e-02 2.94788897e-01 9.26744633e-07 1.68788830e-07 1.96329355e-02 2.14897000e-07]
 [3.28400999e-01 3.94148373e-07 2.31275166e-07 1.76709116e-01 2.44021835e-03 2.99488246e-01 4.46265062e-07 5.24998640e-08 1.92960128e-01 1.40312409e-07]
 [1.97982162e-01 1.28479883e-06 3.19853200e-07 1.09824158e-01 3.32525015e-01 7.36952126e-02 1.09935509e-05 8.88297791e-08 2.85960436e-01 2.63932407e-07]
 [1.55883953e-01 8.92178321e-07 1.55322539e-07 4.57220450e-02 3.05637062e-01 4.57686692e-01 1.17099182e-06 5.70370133e-08 3.50678675e-02 1.36829783e-07]
 [2.19370738e-01 8.98377834e-07 4.89213960e-07 7.01871291e-02 4.00908023e-01 2.93669794e-02 1.41657401e-05 1.08967519e-07 2.80151218e-01 2.94984631e-07]
 [3.24500024e-01 4.14589977e-07 2.80214380e-07 2.84293089e-02 2.33362779e-01 1.15336608e-02 8.29411692e-06 1.17818772e-07 4.02164936e-01 2.08840248e-07]
 [8.21741939e-01 2.94700698e-07 9.28044585e-07 2.54245452e-03 2.43545137e-02 1.57719180e-02 2.04053708e-06 8.81062306e-07 1.35584638e-01 3.49157659e-07]
 [5.04975200e-01 7.18306694e-07 7.48546597e-07 8.56893044e-03 2.67906845e-01 8.39619525e-03 5.94690437e-06 6.08067523e-07 2.10144460e-01 3.62324386e-07]]
cosine similarity of topic:
[[ 9.9999988e-01  6.8043551e-06  3.0991800e-05  1.2798145e-06 -1.7857519e-05 -7.6075971e-06 -3.6804483e-06 -3.1735053e-05  1.4478553e-06 -2.9314680e-05]
 [ 6.8043551e-06  9.9999988e-01  5.5543319e-06 -7.0355468e-06  6.3883017e-06  1.3324852e-05 -6.7864917e-06 -2.8817938e-05  1.3423109e-05  1.2327139e-06]
 [ 3.0991800e-05  5.5543319e-06  1.0000002e+00  1.3585884e-05  8.2465267e-06 -2.7877073e-05  4.3381469e-06 -4.9161492e-05 -9.2947585e-06  5.9620238e-06]
 [ 1.2798145e-06 -7.0355468e-06  1.3585884e-05  1.0000001e+00  2.2277853e-05  2.2802706e-05  3.5320118e-05  7.5752146e-06 -2.3906829e-05 -2.2360786e-05]
 [-1.7857519e-05  6.3883017e-06  8.2465267e-06  2.2277853e-05  9.9999994e-01 -1.3734485e-06 -3.6583409e-05 -2.0541886e-06 -3.6659661e-05  1.7236542e-06]
 [-7.6075971e-06  1.3324852e-05 -2.7877073e-05  2.2802706e-05 -1.3734485e-06  1.0000001e+00  5.4115962e-06  1.2612980e-05  4.4654356e-05  8.3132782e-06]
 [-3.6804483e-06 -6.7864917e-06  4.3381469e-06  3.5320118e-05 -3.6583409e-05  5.4115962e-06  9.9999970e-01  1.5976959e-05 -1.0064965e-06  3.1003288e-05]
 [-3.1735053e-05 -2.8817938e-05 -4.9161492e-05  7.5752146e-06 -2.0541886e-06  1.2612980e-05  1.5976959e-05  1.0000001e+00  4.1192056e-05 -2.2073453e-05]
 [ 1.4478553e-06  1.3423109e-05 -9.2947585e-06 -2.3906829e-05 -3.6659661e-05  4.4654356e-05 -1.0064965e-06  4.1192056e-05  1.0000001e+00 -2.3657838e-06]
 [-2.9314680e-05  1.2327139e-06  5.9620238e-06 -2.2360786e-05  1.7236542e-06  8.3132782e-06  3.1003288e-05 -2.2073453e-05 -2.3657838e-06  1.0000000e+00]]
