hidden representaion(r*topic):
[[-0.13264719 -0.09822711  0.12699322 -0.16918468  0.05620536 -0.02208774  0.25423637 -0.3130646   0.08033054  0.0655726  -0.15768504  0.21491888  0.13192175 -0.34184682 -0.38504285]
 [ 0.21720602 -0.20606166 -0.01823416 -0.28626236 -0.01649932  0.02471708  0.15171385 -0.07230852  0.02176569 -0.02074857 -0.16443276 -0.02401286 -0.01898455 -0.35800856 -0.2851244 ]
 [ 0.07510885 -0.15652843 -0.01076137 -0.1927495   0.1209317   0.02378755  0.16765134 -0.06922993  0.3601529  -0.06519151  0.16112624 -0.00096368 -0.06932057 -0.23439352 -0.21616724]
 [-0.09437819 -0.30194584  0.21677352 -0.31985292  0.36201194  0.20743938 -0.04895477  0.11427857  0.12149374 -0.01289049 -0.21341574  0.11493073 -0.06358424 -0.08309521 -0.10046168]
 [-0.09320139 -0.27040702  0.04086937 -0.17470416  0.22752339  0.15176708 -0.04084807 -0.07903026  0.16624792 -0.101915   -0.10779233  0.19532736 -0.01272173 -0.16578807 -0.13551804]
 [ 0.05038703 -0.22742568  0.17534438 -0.2948845   0.18052903  0.12444792  0.03188871  0.03706904  0.14770904 -0.04245689 -0.1278407   0.13289908 -0.05326146 -0.16373414 -0.15605369]
 [ 0.2212064  -0.2808496  -0.07342137 -0.27729562 -0.03570745  0.03012956  0.15522967 -0.12194146  0.0157923  -0.09442211 -0.09699203  0.09821322  0.05812881 -0.32672805 -0.24248922]
 [-0.03808815 -0.34832767 -0.06685866 -0.07793155 -0.02156719  0.23187996  0.07918029 -0.27605784  0.26581323 -0.31233156  0.0659623   0.29745105  0.07368725 -0.17627567 -0.09196744]
 [ 0.05136774 -0.4557956  -0.13661078 -0.14683415  0.06898315  0.17188969 -0.02980359 -0.08298691  0.13591327 -0.17593545 -0.03231786  0.16623263 -0.01908795 -0.20586312 -0.06846832]
 [-0.11448647 -0.27868733  0.120038   -0.32522774  0.47045285  0.06766088 -0.03098267  0.23256391  0.23096393  0.07693119 -0.07614624 -0.01191859 -0.16588375 -0.08520082 -0.04714277]
 [ 0.12899198 -0.26918563 -0.15413493 -0.24941103  0.05518603  0.07446583  0.11539033 -0.19926189 -0.01974803 -0.14355142 -0.1433515   0.08433788  0.12033755 -0.33061516 -0.2745331 ]
 [-0.11213211 -0.23725988  0.09770665 -0.25376332  0.24516898  0.11197759  0.0929428  -0.0549889   0.12895945 -0.00989031 -0.15445311  0.08728445  0.00080641 -0.19662604 -0.1878972 ]
 [-0.06756487 -0.15798496  0.11095798 -0.20002851  0.17668022  0.04338595  0.07962607 -0.02592116  0.18653597  0.06929293 -0.13859303  0.00957403 -0.11171435 -0.25864488 -0.22060367]
 [ 0.02767663 -0.08314522  0.10981035 -0.11024608 -0.10104457  0.05001196  0.22778746 -0.16468957  0.25520247  0.06340903 -0.09721761 -0.10313152 -0.15038458 -0.3870257  -0.3276411 ]
 [-0.07883802 -0.26952827  0.18045595 -0.27877748  0.29936314  0.15995298 -0.03633617  0.04487483  0.11532499 -0.01689457 -0.1941998   0.16112408 -0.03997462 -0.1267016  -0.13405076]]
R_hid(hidden representaion to predict r):
[[-1.4520323  -1.4577147   0.13239178 -1.2612473  -1.3990077   1.1418731  -0.17002454  1.4054757  -1.4576874   2.3668542  -1.0228007  -1.4576942  -1.3650886  -1.042613   -1.3941666 ]
 [-1.3918567  -1.0158073   0.9815659  -1.4210366  -1.4577388   2.6671863  -0.04763198  0.5411799  -1.4560565  -1.4577388   1.1592801  -1.4537342  -1.0530899   0.86982036 -1.3579623 ]
 [-0.9450352  -1.3941113  -0.7069928  -1.2900822  -0.6856995  -1.4563864   2.6380424  -0.50777614 -1.4576899  -0.5025881  -1.4397178  -1.427428   -0.9715378  -1.4532864  -1.4577388 ]
 [-1.4414036  -1.4577329  -1.4523159  -1.4569668  -1.4479544  -1.3758693   3.4306664  -1.4322883  -1.4530998  -1.262718   -1.4546465  -1.4577383  -1.4577388   1.4313364  -0.678276  ]
 [-1.4257667  -1.4577162  -1.4563869  -1.4462013  -0.797607   -1.457723    0.4055424  -1.1530735  -1.4577388   0.21795222 -1.2352811  -1.442052   -1.4024725  -1.2554854  -1.4257756 ]
 [-1.0908517  -1.4574652  -1.4220903  -1.3565178  -1.4294927  -1.4560484   3.520369    0.4570257  -1.4577206   0.5438082  -1.2938141  -1.4576924  -1.0277762   2.2346044  -1.122909  ]
 [-1.4111308   0.0460721   0.08308515 -1.2385188  -1.1358815  -1.4577388   2.8875637  -0.4200812  -0.9205971  -1.4158305  -1.0460833  -1.0614883  -1.4163501   2.803122    0.901456  ]
 [-1.4386549  -0.35404456  0.75550246 -1.4577388   5.289321   -0.42845303  1.2544448   3.5397081  -1.4577388   3.0228043  -1.2455105   3.796887   -1.4342979  -1.254008    2.4040117 ]
 [-0.38755554 -1.4577388  -0.7433572  -1.449879   -0.3359885  -1.4556838  -1.1541353  -0.5072199  -1.4577388   2.3333893   5.3797193  -1.4414392  -1.1656779   0.96392334 -0.99679077]
 [-1.4322166  -1.4577355  -1.4577386  -1.3602116  -1.457698   -1.4577386   1.9638212  -1.444633   -1.4552158  -1.1301647  -1.455872   -1.4571762  -1.446925   -1.457733   -1.4232893 ]
 [-1.4574271  -1.4518687  -1.4105383  -1.4571304   0.503927    3.6135368  -0.32289255 -1.4115841   3.2116628  -1.3307499  -1.4577388  -1.4561093  -1.4523885  -1.3669767   1.7821072 ]
 [-0.08289352 -1.457676   -1.4577295  -1.425848   -1.4562315  -1.4577336   5.4893484  -1.4577388  -1.4556316  -1.1229473  -1.4291391  -1.4448144   2.472659   -1.4557643   0.4542092 ]
 [-1.3802065  -1.4575493  -0.7253259  -1.4365531  -1.4317827  -1.0733218  -1.3686719  -0.8286711  -1.4553068  -1.4577388  -1.1150695  -1.4575202  -0.61120605 -1.3920715  -1.3681352 ]
 [-1.1228126   2.2144718   1.4935485  -1.4577351   2.913684   -1.3282003  -1.4576178  -1.4577388  -1.4026781   7.9141054  -1.0266606  -1.4392405   1.7758592  -1.4577385   1.9261812 ]
 [-1.4403139  -1.457429   -1.4577388  -1.4192116  -1.3505024  -0.6958322   0.3259427  -1.1809076  -1.4575033   2.9715428  -1.3030221  -1.4577388  -1.310617    2.207879   -0.7564568 ]]
topics:
[[ 4.80354369e-01  6.94486424e-02  4.61037904e-01 -1.23529288e-03 -7.97971368e-01  4.69066530e-01  2.31523648e-01 -4.30424273e-01  2.11426899e-01 -1.82633594e-01 -3.37094277e-01 -1.15546413e-01 -1.82821259e-01 -5.32938063e-01 -6.01998448e-01]
 [-6.09626770e-01  8.00012425e-02 -5.05666554e-01  7.55882978e-01  1.34391099e-01  2.25033537e-01 -9.40510452e-01 -6.23809874e-01  1.79996759e-01 -2.18375713e-01 -5.56651413e-01  2.39159718e-01 -3.64788115e-01 -5.30615985e-01 -2.56285101e-01]
 [-3.35379511e-01 -2.54022062e-01  6.59862638e-01 -5.79162180e-01  9.49180782e-01  2.84496814e-01 -2.41475150e-01  4.91850793e-01  1.91612616e-01  6.25193194e-02 -2.69624650e-01  3.32771450e-01 -7.33570233e-02  2.99846530e-01  8.44573602e-02]
 [-8.33630264e-02 -4.04561549e-01 -2.88781077e-01 -2.81006604e-01  5.08344352e-01 -1.38336405e-01 -6.30947798e-02  5.31980753e-01  1.96026504e-01  3.61685246e-01 -1.50070325e-01 -6.63291097e-01 -5.57949662e-01 -3.04330587e-01  5.49693964e-02]
 [-4.72733051e-01 -5.08816019e-02  1.08867295e-01 -1.25199571e-01  1.15763955e-01  1.84667259e-01  1.94483116e-01 -2.69793063e-01  6.80850029e-01 -7.49120414e-01  3.06369334e-01  7.68976212e-01  6.41654059e-02  1.82616457e-01  4.75238085e-01]
 [-4.96695429e-01 -1.31875825e+00 -4.32237417e-01  5.26696853e-02  2.02691063e-01  8.30571234e-01 -2.95877755e-01 -4.68416661e-01 -1.35945961e-01 -7.19110250e-01 -1.93949074e-01  7.97139466e-01  4.69555080e-01  1.17090568e-01  3.12196285e-01]
 [ 2.00083748e-01 -9.04871896e-02  2.00942352e-01 -6.65138755e-03  2.32724935e-01  2.56553758e-02 -5.06112352e-02  3.91095728e-01  1.26144028e+00 -4.90034483e-02  9.47270036e-01 -1.00109875e-01 -6.27101123e-01  7.54461065e-02  8.11612234e-02]
 [ 6.56384706e-01 -2.11488456e-01 -5.83962202e-01 -2.71019965e-01 -2.01657474e-01  4.70278233e-01  2.37971991e-01 -4.95349079e-01  6.30159155e-02 -7.25633264e-01  7.54570886e-02 -3.98211241e-01  2.99673587e-01 -4.51639205e-01 -5.30844092e-01]
 [ 8.84845138e-01 -2.46033385e-01 -3.77584100e-01 -7.20245302e-01 -1.01632841e-01 -6.17951155e-01  3.39875996e-01  5.31576015e-02 -5.63713253e-01  1.45398602e-01 -1.37926042e-01  1.50072560e-01  3.12814802e-01 -5.96234918e-01 -4.39063579e-01]
 [-4.93273586e-01  7.25983083e-02  3.96710448e-02 -1.24511793e-01  5.27712479e-02 -3.95308316e-01  7.22897112e-01 -7.40578532e-01 -3.48227844e-02  3.09696168e-01 -1.22472271e-01  3.59984875e-01  4.81591076e-01 -5.48403859e-01 -6.57993615e-01]]
R:
[[0.1844223  0.04852683 0.15720527 0.02733926 0.00271807 0.0508865  0.04886276 0.00397235 0.08152971 0.39453697]
 [0.2401661  0.01322277 0.09634168 0.19161685 0.03403577 0.0437453  0.012317   0.06808791 0.21555533 0.08491135]
 [0.06958983 0.00720183 0.07914718 0.11058088 0.04071173 0.02847489 0.25621587 0.14147222 0.0744551  0.19215046]
 [0.15814582 0.01635294 0.4096979  0.1589608  0.00169466 0.09824153 0.01602106 0.02428882 0.0567756  0.05982085]
 [0.09892394 0.0972149  0.23130694 0.07010922 0.03542166 0.12312667 0.09425183 0.04241688 0.09824006 0.10898786]
 [0.20337114 0.01961886 0.28399763 0.09549277 0.04504697 0.06786152 0.07232504 0.00842913 0.14760679 0.05625017]
 [0.19483198 0.00572988 0.05461504 0.11369222 0.05188602 0.1183411  0.05647695 0.0549095  0.26650757 0.08300973]
 [0.14779295 0.03427729 0.00203625 0.00408949 0.14034174 0.2351633  0.16917948 0.06294151 0.08819229 0.11598569]
 [0.1346039  0.04801032 0.02765256 0.14119059 0.03628983 0.26189592 0.14285125 0.00517293 0.18292208 0.01941062]
 [0.0321068  0.01230681 0.342003   0.28184122 0.0150454  0.04375632 0.10039974 0.03400185 0.05120479 0.08733401]
 [0.09937291 0.05676251 0.10311688 0.10081738 0.03369481 0.10288567 0.00458914 0.1723083  0.19801815 0.1284342 ]
 [0.12961715 0.01598302 0.25256658 0.17633976 0.03287777 0.07494047 0.02215464 0.06551591 0.0388494  0.1911553 ]
 [0.18476608 0.05188927 0.19139984 0.21701379 0.02202448 0.02207243 0.06729524 0.00627002 0.05691143 0.18035737]
 [0.3488322  0.00864382 0.00574802 0.26311514 0.03955933 0.00378139 0.0884552  0.00375433 0.00516286 0.23294772]
 [0.1549467  0.04900225 0.35566437 0.10977272 0.00791335 0.09585747 0.03945355 0.00475671 0.09829621 0.08433664]]
cosine similarity of topic:
[[ 1.00000012e+00 -4.15032373e-05 -7.72882504e-06 -7.98869514e-05 -1.14438781e-05  2.59133885e-05 -1.11599220e-05  2.97715997e-05 -1.20034592e-05 -5.41760783e-05]
 [-4.15032373e-05  1.00000048e+00 -1.01155616e-04 -2.06857894e-05 -5.49460219e-06 -4.25502876e-05 -3.68748442e-05  2.07795947e-05 -2.79321193e-05 -1.04295941e-06]
 [-7.72882504e-06 -1.01155616e-04  1.00000024e+00 -1.12571706e-05 -5.62229161e-06  5.27250495e-06  2.51444508e-05 -5.37994165e-05  3.22580418e-05  4.65958738e-06]
 [-7.98869514e-05 -2.06857894e-05 -1.12571706e-05  1.00000000e+00  1.48698418e-05 -2.19462308e-05 -4.73514683e-06  4.73757245e-06  1.14212280e-05 -1.62469059e-05]
 [-1.14438781e-05 -5.49460219e-06 -5.62229161e-06  1.48698418e-05  1.00000024e+00 -1.84194505e-05 -3.01625787e-05  9.83367427e-05  1.95871053e-05  4.70978102e-06]
 [ 2.59133885e-05 -4.25502876e-05  5.27250495e-06 -2.19462308e-05 -1.84194505e-05  9.99999881e-01  6.80079165e-06 -2.30839669e-05  6.71140369e-05 -1.50673418e-06]
 [-1.11599220e-05 -3.68748442e-05  2.51444508e-05 -4.73514683e-06 -3.01625787e-05  6.80079165e-06  9.99999702e-01 -4.21700752e-05  4.61771451e-05 -2.76600417e-07]
 [ 2.97715997e-05  2.07795947e-05 -5.37994165e-05  4.73757245e-06  9.83367427e-05 -2.30839669e-05 -4.21700752e-05  1.00000024e+00  2.42596561e-05  8.00008456e-06]
 [-1.20034592e-05 -2.79321193e-05  3.22580418e-05  1.14212280e-05  1.95871053e-05  6.71140369e-05  4.61771451e-05  2.42596561e-05  1.00000000e+00 -4.61521340e-05]
 [-5.41760783e-05 -1.04295941e-06  4.65958738e-06 -1.62469059e-05  4.70978102e-06 -1.50673418e-06 -2.76600417e-07  8.00008456e-06 -4.61521340e-05  9.99999940e-01]]
