hidden representaion(r*topic):
[[ 0.08933846 -0.09754092 -0.04893556 -0.08984043  0.00888689 -0.03648061  0.02975567  0.0079211  -0.05723673  0.00835588 -0.01249968  0.00966394  0.01097813 -0.0709988  -0.05038743]
 [ 0.01638475 -0.07364225 -0.02305437 -0.01338991 -0.00772319  0.04535702 -0.02128375 -0.03483998  0.02131871 -0.03086364 -0.03865835  0.00643481 -0.02748431 -0.06230056 -0.03303253]
 [-0.03947131 -0.07886682 -0.04453722 -0.01065989  0.02402399  0.02794803 -0.02123363 -0.05351713  0.0011783  -0.02710612 -0.04147925  0.027197    0.0043865  -0.06043766 -0.02885059]
 [ 0.03426608 -0.03161784 -0.00265173  0.0066129   0.01579995 -0.00548117 -0.02657427  0.03673479  0.11210993  0.01077975  0.0684246  -0.01804268 -0.08196241 -0.01571077  0.00599294]
 [-0.00549119 -0.06388632 -0.02588507 -0.01542422  0.01698707  0.0083356  -0.00937769 -0.02182041  0.03676226 -0.0122894   0.00525523  0.01676549 -0.01826086 -0.04579605 -0.02279061]
 [ 0.04194101 -0.04462938 -0.00713422 -0.02305852  0.01740176 -0.01489064 -0.00511179  0.03256055  0.07445259  0.01775813  0.04471689 -0.02403869 -0.06556815 -0.03375081 -0.01247965]
 [ 0.0189868  -0.04751417  0.00419611 -0.03384041 -0.00487968  0.00990457  0.0170822  -0.01887099  0.04612579  0.00185236 -0.00829601 -0.01455957 -0.03896452 -0.065572   -0.04819971]
 [-0.02884727 -0.0804418  -0.01295355 -0.04990143  0.03574594  0.02073436  0.0127207  -0.01092873  0.02403949  0.00506867 -0.03964259 -0.03795405 -0.03778069 -0.06958539 -0.03912565]
 [-0.03180843 -0.10359353 -0.03224973 -0.0029598   0.03254097  0.06739374 -0.04506099 -0.00890558  0.05221216 -0.03998507 -0.02251608 -0.00647239 -0.04642415 -0.03488699  0.00467897]
 [-0.01180382 -0.05545243 -0.04755682  0.01066918  0.01738941  0.01343843 -0.04057592 -0.03854071  0.0178051  -0.01857475 -0.01818169  0.02824834 -0.01178669 -0.0493051  -0.01686359]
 [ 0.03853222 -0.07068665 -0.01395838 -0.04115706 -0.00552788  0.01551274  0.00804781 -0.01536808  0.01858853 -0.01042022 -0.01675996 -0.00298065 -0.02668528 -0.06402528 -0.04269353]
 [-0.00434511 -0.0213744  -0.01535185 -0.00640258  0.01170846 -0.02362111  0.00075344 -0.02813917  0.04733951  0.01330336  0.01660176  0.01282841 -0.02166534 -0.05334606 -0.03606545]
 [ 0.02186535 -0.02837691 -0.02244738  0.0207276   0.01669725  0.00150249 -0.04692991  0.01299179  0.07991721  0.00603188  0.02856813 -0.01194402 -0.06950559 -0.02974344  0.00136432]
 [-0.06589524 -0.02364573 -0.07421369  0.05800723  0.07021412  0.01762874 -0.11028076 -0.0155058   0.02338132  0.01933573 -0.07592499 -0.04630782 -0.0726846  -0.05726494  0.01133131]
 [ 0.0556406  -0.08082393 -0.03549453 -0.06255151  0.03315486 -0.02563893  0.00552648  0.03684912  0.0032813   0.02225302  0.00558669 -0.02941881 -0.03935106 -0.05251681 -0.02346144]]
R_hid(hidden representaion to predict r):
[[0.         0.9088535  0.9562323  0.286728   0.22754656 0.         0.0564121  0.31014088 0.         0.         0.         0.         0.60217094 0.         0.6746178 ]
 [0.         0.37611338 1.2756226  1.1028008  0.         0.         0.         0.00973413 0.         0.         0.         0.         0.33014423 0.         0.5176811 ]
 [0.         0.         0.84294003 0.65955615 0.         0.5007051  0.29314867 0.37592912 0.         0.         0.         0.33692336 0.5200868  0.2816677  0.        ]
 [0.36825994 0.28088084 0.6399623  0.0291282  0.         0.1577963  0.70772034 0.2745665  0.         0.         0.         0.         0.76659524 0.18751146 0.20969495]
 [0.62661016 0.         0.9167143  0.         0.18383574 0.927554   1.3907214  0.         0.15652339 0.21578059 0.         0.         0.64630777 0.4446837  0.2903889 ]
 [0.33889192 0.8036311  0.6419937  0.16797799 0.34414837 0.2644087  0.7222495  0.17091314 0.         0.         0.         0.         0.662844   0.         0.29632086]
 [0.         0.7643969  1.0832069  0.23032786 0.         0.         0.         0.2223235  0.         0.         0.         0.03584345 0.5184645  0.         0.39162526]
 [0.16955271 0.17387082 1.3869253  0.02362759 0.         0.52730066 0.05431417 0.6081444  0.5298758  0.         0.         0.         0.9855474  0.         1.1188291 ]
 [0.28792098 0.64557284 1.1141617  0.76807797 0.         0.08300825 0.8669886  0.         0.         0.         0.         0.         0.3359078  0.         0.78589296]
 [0.         0.         0.66522187 0.         0.         0.4505045  0.5209098  0.30117777 0.02322017 0.38947925 0.         0.16110161 0.61060417 0.3975128  0.        ]
 [0.         0.         0.8063304  0.12582305 0.         0.         0.         0.8620759  0.         0.         0.         0.         0.4881738  0.         0.3416644 ]
 [0.13149345 0.         0.7303551  0.03738941 0.00593468 0.46521813 0.6427994  0.         0.         0.31880304 0.         0.         0.69010806 0.14315505 0.22756349]
 [0.320195   0.7690322  0.7735267  0.21270482 0.04171755 0.         0.6357918  0.         0.         0.         0.         0.         0.80201787 0.         0.11203942]
 [0.1778705  0.80696636 1.2216116  0.70088726 0.         0.         0.         0.28309658 0.65066266 0.         0.86453676 0.         0.614741   0.         0.85455394]
 [0.15666758 0.8521026  0.92480105 0.11069659 0.         0.         0.5610727  0.29358208 0.         0.         0.         0.         0.6854034  0.         0.2687483 ]]
topics:
[[ 1.28052890e-01  4.09396812e-02  1.45589352e-01 -5.50993755e-02 -1.90525234e-01  8.73773023e-02  1.12258673e-01 -1.20777883e-01  8.22465792e-02 -1.78948734e-02 -1.05048046e-01 -5.26272655e-02 -7.42590651e-02 -1.66964233e-01 -1.88219517e-01]
 [-1.18651867e-01  5.61119094e-02 -1.21424936e-01  2.34300047e-01  1.57299470e-02  8.50299150e-02 -2.52605170e-01 -1.43587083e-01  3.24271508e-02 -5.13844378e-02 -1.37507245e-01  5.55467568e-02 -4.74609733e-02 -5.39835878e-02  3.51876505e-02]
 [-6.32889047e-02 -2.57161707e-02  9.76059884e-02 -7.33898282e-02  1.31335273e-01  4.17375527e-02 -4.36497256e-02  7.98060596e-02  1.96663029e-02  6.88545825e-03 -4.94764782e-02  4.65236679e-02 -7.43535580e-03  4.08185050e-02  2.47437012e-04]
 [-1.28329415e-02 -1.07824951e-01 -3.91786322e-02 -1.07537799e-01  1.37374267e-01 -4.25902158e-02  7.14790262e-03  1.28476933e-01  1.42555358e-02  9.22711939e-02 -2.35652067e-02 -1.64374679e-01 -1.15641281e-01 -5.56161590e-02  3.23727261e-03]
 [-7.27564469e-02  1.14494264e-02  6.29930384e-03 -8.99564475e-03  9.77229606e-03  9.29477066e-03  3.24524865e-02 -4.11386564e-02  1.03159599e-01 -8.10372606e-02  4.22061868e-02  1.24310009e-01 -1.97388188e-04  1.17893256e-02  5.29278554e-02]
 [-1.46577418e-01 -3.16661000e-01 -1.12126529e-01  1.82652082e-02  5.21496609e-02  2.29961991e-01 -1.04728915e-01 -8.84322971e-02  1.44970920e-02 -2.41590098e-01 -1.04181841e-02  1.87930495e-01  9.25085172e-02  4.57070060e-02  8.79819766e-02]
 [ 5.27303703e-02 -9.86288209e-03  3.92783210e-02  1.95435304e-02  1.30308298e-02 -1.23782884e-02 -1.96773913e-02  8.94263312e-02  2.14643374e-01  2.22376045e-02  1.60288095e-01 -3.69515270e-02 -1.35543764e-01  2.54076310e-02  3.39407101e-02]
 [ 1.17232509e-01 -4.56218719e-02 -8.45991597e-02 -4.20558378e-02 -3.04175075e-02  8.57365876e-02  2.55630184e-02 -9.52241421e-02 -1.21400710e-02 -1.24490179e-01 -7.61536125e-04 -8.23269188e-02  5.71444295e-02 -8.43464807e-02 -9.63127017e-02]
 [ 1.90787777e-01 -9.33882073e-02 -6.98591396e-02 -1.41288310e-01 -1.75369419e-02 -1.10885769e-01  7.25021809e-02  1.44486399e-02 -1.40186965e-01  3.20267156e-02  3.91395949e-03  4.34759073e-02  6.23064451e-02 -9.00920779e-02 -8.43223035e-02]
 [-1.10431463e-01  3.70071977e-02  5.91836497e-03 -2.84373313e-02  1.94357987e-03 -8.19324553e-02  9.27921757e-02 -1.52614355e-01 -4.39233659e-03  3.75385731e-02 -2.14573219e-02  7.18216747e-02  8.28308538e-02 -1.12479709e-01 -1.24491766e-01]]
R:
[[7.6068580e-02 3.9124675e-02 8.7617504e-09 1.9229200e-01 5.5982969e-09 1.0241064e-01 3.0208029e-02 8.5772172e-09 5.3766781e-01 2.2228206e-02]
 [2.2162823e-01 1.6149753e-01 1.0174635e-08 1.7966105e-01 1.1157102e-08 1.7717929e-01 7.7889420e-02 1.3920318e-08 1.7080583e-01 1.1338646e-02]
 [8.8680148e-02 1.5700783e-01 1.2315197e-10 2.1492177e-01 1.0557501e-10 2.0347656e-01 3.9376053e-03 1.2027851e-10 1.2229741e-01 2.0967869e-01]
 [3.6347020e-02 1.0963570e-01 2.7567067e-08 9.9489897e-02 3.2688160e-08 3.9956603e-02 5.6293672e-01 6.9469024e-08 1.2221996e-01 2.9413976e-02]
 [6.7249201e-02 1.0068820e-01 6.9330831e-08 1.4631219e-01 5.3004609e-08 1.4704704e-01 2.1369441e-01 8.5603006e-08 1.5237604e-01 1.7263274e-01]
 [6.4682804e-02 7.3685743e-02 1.5567537e-08 1.7474733e-01 1.8841142e-08 4.2491622e-02 4.1518965e-01 3.8335184e-08 1.8023443e-01 4.8968393e-02]
 [2.0521544e-01 5.9348118e-02 1.6060365e-08 2.0124786e-01 1.9126217e-08 9.5229983e-02 1.8523857e-01 3.1734057e-08 1.1467486e-01 1.3904512e-01]
 [1.7768772e-01 4.3008838e-02 3.2777676e-09 4.4112498e-01 1.5071628e-09 1.5350991e-01 4.2907493e-03 2.1667286e-09 4.5067663e-03 1.7587101e-01]
 [1.4355671e-01 1.3797484e-01 1.4662733e-09 3.1022665e-01 1.3735090e-09 2.5853145e-01 1.3501069e-01 2.4521993e-09 8.4982002e-03 6.2014773e-03]
 [4.3597955e-02 2.2349334e-01 9.2491284e-08 1.2027578e-01 9.6776894e-08 1.3283591e-01 1.4667395e-01 1.6051843e-07 1.9652969e-01 1.3659304e-01]
 [1.9540623e-01 7.8598015e-02 4.3644189e-08 1.8742749e-01 3.4009485e-08 1.3319653e-01 1.2819144e-01 7.3099322e-08 2.2778878e-01 4.9391344e-02]
 [3.6709085e-02 1.2105936e-01 4.3183817e-08 9.4927169e-02 4.2136705e-08 4.1224938e-02 2.8151041e-01 7.9860520e-08 1.4813313e-01 2.7643570e-01]
 [4.5259491e-02 2.1302967e-01 1.4927869e-08 1.2645921e-01 1.4058491e-08 3.5353579e-02 4.1045505e-01 3.1493325e-08 1.5012114e-01 1.9321814e-02]
 [6.5910998e-03 4.6795049e-01 6.2621636e-10 4.6359763e-01 7.0412498e-10 5.3118179e-03 6.9017764e-03 6.5017158e-10 2.0933419e-03 4.7553908e-02]
 [5.5926558e-02 6.5312743e-02 6.0281580e-09 3.1071725e-01 5.6462559e-09 6.8032324e-02 1.7047212e-01 1.2253423e-08 3.2398444e-01 5.5545359e-03]]
cosine similarity of topic:
[[ 9.9999958e-01 -1.2202468e-04 -6.9314265e-06  6.7621935e-05 -8.0431346e-05  8.5040927e-05 -5.4589007e-05 -1.3277773e-04 -2.2971584e-04  1.4162186e-04]
 [-1.2202468e-04  9.9999976e-01  1.5587360e-04  2.5339040e-04 -1.8205680e-04  7.4186618e-04  1.9370926e-04 -1.0644013e-04  1.1878321e-05  2.0600832e-04]
 [-6.9314265e-06  1.5587360e-04  9.9999988e-01 -1.1423696e-04 -1.1340389e-04  1.4672067e-04  1.4580984e-04 -1.0781114e-04 -1.4520768e-04  1.6025826e-04]
 [ 6.7621935e-05  2.5339040e-04 -1.1423696e-04  9.9999976e-01 -9.7119948e-05 -7.1338378e-05  1.2211688e-04  1.2687640e-05 -1.0033337e-03 -2.8684735e-07]
 [-8.0431346e-05 -1.8205680e-04 -1.1340389e-04 -9.7119948e-05  9.9999988e-01  1.1071534e-05  9.8009361e-05 -7.2726980e-05 -6.0363323e-05  7.3530595e-05]
 [ 8.5040927e-05  7.4186618e-04  1.4672067e-04 -7.1338378e-05  1.1071534e-05  9.9999976e-01 -6.5154571e-05 -7.8402343e-05 -1.8553564e-04 -8.6680055e-05]
 [-5.4589007e-05  1.9370926e-04  1.4580984e-04  1.2211688e-04  9.8009361e-05 -6.5154571e-05  9.9999976e-01 -7.4815471e-05  7.9803634e-05 -1.2598466e-05]
 [-1.3277773e-04 -1.0644013e-04 -1.0781114e-04  1.2687640e-05 -7.2726980e-05 -7.8402343e-05 -7.4815471e-05  1.0000001e+00  1.9462314e-05  4.4697867e-05]
 [-2.2971584e-04  1.1878321e-05 -1.4520768e-04 -1.0033337e-03 -6.0363323e-05 -1.8553564e-04  7.9803634e-05  1.9462314e-05  9.9999946e-01  1.5941681e-05]
 [ 1.4162186e-04  2.0600832e-04  1.6025826e-04 -2.8684735e-07  7.3530595e-05 -8.6680055e-05 -1.2598466e-05  4.4697867e-05  1.5941681e-05  1.0000004e+00]]
