hidden representaion(r*topic):
[[-1.66363686e-01 -3.13111156e-01  1.00755863e-01 -1.68934569e-01  3.73212397e-01  1.85169473e-01 -1.28502503e-01  8.44960138e-02  2.20628336e-01 -1.26821235e-01  1.49211325e-02  2.59707898e-01 -5.88437915e-02  2.20369976e-02  1.52539369e-02]
 [-9.96783376e-02 -3.62258136e-01  2.80338228e-02 -1.81116253e-01  1.38828561e-01  2.65486270e-01  3.55155729e-02 -4.32175025e-02  2.26120025e-01 -2.07652614e-01 -8.15057978e-02  1.79592341e-01 -3.24447416e-02 -1.25696063e-01 -1.90258287e-02]
 [-1.50237739e-01 -3.95357609e-01 -7.36109093e-02 -8.17986280e-02  6.82513565e-02  1.95885271e-01  8.51689875e-02 -2.27046385e-01  2.10010678e-01 -2.46370479e-01  3.83808911e-02  3.48386228e-01  7.83310235e-02 -1.50755376e-01 -3.99229750e-02]
 [ 2.76136726e-01 -1.59622833e-01 -3.24960083e-01 -1.19046994e-01 -3.48638520e-02  1.53094113e-01  7.69250840e-02 -2.99300671e-01  1.37449980e-01 -3.54518920e-01  6.03822283e-02 -4.80447263e-02  8.17990899e-02 -3.33892882e-01 -3.01408261e-01]
 [-1.71625614e-02 -1.51313335e-01 -5.05159013e-02 -7.23483339e-02  7.77406245e-02  8.37212205e-02  8.49074721e-02 -1.60771489e-01  3.47056001e-01 -1.70738250e-01  1.68543920e-01  1.51394084e-01 -3.40964943e-02 -1.93338946e-01 -1.30775332e-01]
 [ 5.07193431e-02 -2.65910983e-01 -2.55947262e-01 -4.12266562e-03  2.42907908e-02  2.35023558e-01 -5.24711758e-02 -2.83141613e-01  1.98860809e-01 -3.51641208e-01  2.58755274e-02  1.02490567e-01  7.09614158e-03 -2.45603055e-01 -1.83545902e-01]
 [ 9.79758203e-02 -4.38618213e-01 -3.08044583e-01 -1.25218853e-01  5.00728786e-02  2.29913473e-01  6.72536623e-03 -2.34596923e-01  5.49214259e-02 -3.49343985e-01 -4.04929332e-02  1.10027336e-01  7.43454471e-02 -2.40832746e-01 -1.42530113e-01]
 [-1.46804020e-01 -4.88659263e-01 -8.56245160e-02  2.30171457e-02 -2.21415292e-02  3.74383181e-01 -9.75099504e-02 -2.62327075e-01  1.89103469e-01 -2.59878367e-01 -1.96600586e-01  2.08711758e-01 -3.91348712e-02 -2.52937078e-01 -1.24430276e-01]
 [-7.96853155e-02 -3.63204569e-01 -1.30017921e-01 -5.79202324e-02 -4.86006625e-02  2.55895376e-01  8.46229792e-02 -3.29483479e-01  1.22577533e-01 -2.00154096e-01 -1.86067954e-01  9.86188725e-02  8.47440660e-02 -3.53161722e-01 -2.60580510e-01]
 [-8.94197822e-02 -1.96600631e-01 -1.53883532e-01 -1.19526088e-01  6.12555221e-02 -2.13009939e-02  1.71677083e-01 -3.09790194e-01  1.05868183e-01 -1.40921667e-01  2.75420789e-02  3.16624284e-01  1.64612010e-01 -2.68742979e-01 -1.80740267e-01]
 [-1.72968917e-02 -3.13136399e-01 -1.26601309e-01 -9.31044221e-02  6.61093816e-02  2.03252494e-01  4.61323932e-03 -1.14529416e-01  2.32567221e-01 -1.65796623e-01 -9.19988304e-02 -3.75617296e-02 -1.13232657e-01 -2.79363960e-01 -1.53259426e-01]
 [ 2.25905523e-01 -2.02389061e-01 -2.47452989e-01 -1.31308794e-01  3.72192450e-02  4.04177904e-02  2.47355364e-02 -1.94183618e-01  1.56649083e-01 -2.23237455e-01  1.03037685e-01  6.33999035e-02  4.89770621e-03 -2.81723857e-01 -2.18913957e-01]
 [ 3.42300683e-02 -1.58733055e-01 -8.55438635e-02 -2.04505071e-01  1.40232399e-01  1.15394592e-04  1.28068417e-01 -1.35355681e-01  1.55592635e-01 -1.19703516e-01  6.01793304e-02  1.62925094e-01  7.18719512e-02 -2.15419829e-01 -1.68369368e-01]
 [ 2.81709373e-01 -2.90241271e-01 -3.30939054e-01 -2.44740218e-01  7.29407594e-02 -1.55558050e-01 -5.85642159e-02 -1.84741989e-01 -1.83110401e-01 -5.11843041e-02 -1.63655043e-01  1.89391747e-01  6.33771867e-02 -3.86159003e-01 -2.68073678e-01]
 [ 1.14605501e-01 -3.39769691e-01 -3.31829309e-01 -9.72685665e-02  9.48869959e-02  4.34232876e-02 -1.31279707e-01 -2.14324713e-01 -2.37593353e-02 -2.06871271e-01 -9.74744111e-02  1.86602056e-01  3.13325040e-03 -2.88516402e-01 -1.76163286e-01]]
R_hid(hidden representaion to predict r):
[[ 2.34966017e-02 -2.75224090e-01 -1.18629956e+00  1.70631647e-01  1.25365674e-01 -3.50915901e-02 -2.96210110e-01 -3.06625694e-01 -4.21700239e-01  8.85177612e-01  2.06241518e-01 -4.19160604e-01  4.34960216e-01  1.63137391e-01  3.98780197e-01]
 [-1.45278424e-01 -1.92302632e+00 -3.11445650e-02 -2.48717248e-01 -3.31296146e-01 -2.60781497e-03  3.72759067e-04 -6.34086654e-02 -2.12553367e-02 -1.85755014e+00 -4.10334542e-02  1.83473170e-01  2.17298269e-01  1.12341177e+00 -3.39789718e-01]
 [ 4.38146405e-02  3.35943811e-02  1.72158238e-02  7.68919289e-03 -7.32071221e-01 -1.80463624e+00 -2.40399614e-01 -4.92438048e-01 -4.77819681e-01 -3.18569213e-01  3.35871011e-01 -3.03799585e-02  5.69241941e-01  1.04218395e-03  3.57587039e-01]
 [-4.37200993e-01 -9.35820222e-01  1.70124546e-01 -1.52917933e-02  6.63122356e-01 -4.70105588e-01  2.59929031e-01  9.24563229e-01 -8.46884370e-01  3.08849420e-02 -4.82064426e-01 -8.57180655e-01  7.16011971e-03 -1.47753403e-01  8.71514678e-01]
 [ 3.84100676e-01 -8.61245275e-01  3.25621828e-03 -1.92310829e-02  4.35171694e-01 -4.58919823e-01 -7.72811379e-03 -7.62533188e-01 -1.50903165e-02  2.60610342e-01 -7.53017187e-01 -4.28286314e-01 -2.47983765e-02 -2.51043111e-01  3.65548767e-02]
 [ 1.57587826e-02  8.83557424e-02 -2.15182066e-01 -1.95335165e-01  6.11831993e-03  1.35569237e-02 -3.29004765e-01  5.23679435e-01 -6.26321435e-01  5.87676287e-01 -6.84702992e-02 -6.18770197e-02  1.38706571e-04  7.46084869e-01  3.63135487e-01]
 [-1.30224228e-01 -1.23622441e+00 -8.10401738e-02 -7.50127614e-01 -1.14173368e-01 -2.28599552e-03 -7.65780926e-01  2.61073649e-01  8.49224702e-02 -2.60437161e-01 -1.57626510e-01 -5.28710037e-02  5.77616751e-01  6.74838126e-02  3.11839253e-01]
 [-2.22917646e-01 -8.97585809e-01 -1.31887436e-01 -8.62808347e-01 -1.14327788e+00 -9.98953819e-01  1.74706399e-01 -7.16334641e-01  4.92476970e-01 -3.06888372e-01 -1.18563108e-01 -1.14324205e-01  2.28305742e-01 -2.09611356e-01  2.64304280e-01]
 [ 4.44065988e-01 -1.35402489e+00  7.63752639e-01 -1.26920372e-01 -1.89130306e+00  6.59148842e-02  2.81668186e-01 -4.02894050e-01  1.42776715e-02 -7.69260526e-02 -3.85573804e-02 -1.91807821e-01  3.37108940e-01 -2.05379987e+00 -7.82643557e-02]
 [ 1.87631413e-01  2.37551403e+00 -1.03635025e+00 -5.06022096e-01  2.12790295e-01  6.79136693e-01  9.67210770e-01 -7.33343422e-01  4.34063733e-01  1.53018579e-01 -5.28603971e-01  1.06871665e+00  1.97169304e-01 -3.34513974e+00  1.85306787e-01]
 [ 8.97865593e-01  5.75117826e-01  1.68641537e-01 -9.29947674e-01 -4.63740490e-02 -3.42299551e-01 -1.44087136e-01  5.81884205e-01  3.28166813e-01  3.76789212e-01  2.99787760e-01 -1.00747454e+00  7.25381374e-01  3.69931102e-01  1.20259356e+00]
 [-9.07203183e-03  5.98991752e-01 -9.07382905e-01 -2.76142150e-01 -4.21795715e-03  1.24227621e-01 -3.47697884e-01  1.01516977e-01  7.25143626e-02 -4.21213180e-01 -5.14819622e-02  2.24995986e-01 -5.70514277e-02 -4.42144498e-02  2.76630402e-01]
 [ 2.74333984e-01  5.30575752e-01 -4.39996421e-01 -3.46186757e-03  5.81537724e-01  2.03966528e-01 -2.11815774e-01  6.52613044e-01 -1.49768710e+00  1.14123739e-01  4.61485445e-01 -4.07316029e-01  1.72678322e-01 -2.71881819e-01 -5.08314669e-01]
 [-1.46001577e-01  3.25548100e+00  1.64380804e-01 -2.45243979e+00 -3.53849679e-02 -1.35987210e+00  7.64307559e-01 -3.61449599e-01 -7.28493333e-01  2.20625043e-01  2.47102594e+00  7.86082864e-01 -3.38185877e-01  3.51549625e-01 -1.47411025e+00]
 [ 3.53504330e-01 -2.93456405e-01 -3.36914510e-02 -4.66544271e-01  6.28918409e-03  1.54150113e-01  3.89425278e-01  8.20038378e-01 -7.45630145e-01  7.60797322e-01 -3.11320052e-02 -8.13689470e-01  2.10343048e-01  1.46736711e-01  1.28664970e-01]]
topics:
[[ 4.65688139e-01  1.27409518e-01  6.12502933e-01 -1.33762598e-01 -9.32716548e-01  7.44416595e-01  2.74052620e-01 -5.22646964e-01  5.20271659e-01 -2.53574669e-01 -5.97699821e-01 -4.49140668e-02 -4.42240806e-03 -7.25397646e-01 -6.50895298e-01]
 [-6.11979902e-01 -1.35280741e-02 -5.64525962e-01  8.19576502e-01  1.25282452e-01  3.08502704e-01 -1.06339431e+00 -6.07572198e-01  2.04442218e-01 -4.06762064e-01 -4.49862450e-01  4.05158758e-01 -4.62265879e-01 -3.30831796e-01 -1.63623184e-01]
 [-2.68908232e-01 -1.42179906e-01  5.12408912e-01 -4.14338052e-01  6.84717953e-01  2.18461201e-01 -1.69115126e-01  4.04009342e-01  1.66459858e-01  5.02347983e-02 -1.63051948e-01  2.67496675e-01 -2.29523759e-02  2.15882882e-01  3.67326550e-02]
 [-1.07534818e-01 -5.06948292e-01 -2.22584873e-01 -3.31352651e-01  5.81031919e-01 -3.27861309e-01 -2.33474816e-03  5.74882507e-01  2.15833575e-01  4.74105030e-01 -4.68099080e-02 -6.18373334e-01 -6.05916679e-01 -2.85698593e-01  2.59115398e-02]
 [-3.25034559e-01  3.16601321e-02 -1.07146921e-02 -3.65570672e-02  9.35319215e-02  1.66915163e-01  1.68925554e-01 -1.75720170e-01  5.51381528e-01 -4.90675896e-01  2.86548167e-01  6.13501310e-01 -4.10716906e-02  6.88846931e-02  3.11840743e-01]
 [-5.05931079e-01 -1.45897484e+00 -3.52650583e-01  2.09913738e-02  2.38447368e-01  7.50873983e-01 -1.34055302e-01 -2.85270780e-01 -8.31701756e-02 -6.74267769e-01 -7.23111704e-02  6.75372243e-01  2.70514399e-01  1.62502363e-01  3.36420447e-01]
 [ 2.21167743e-01 -1.33146644e-02  1.99541539e-01  4.54496183e-02  2.49414816e-01 -2.51239985e-02 -1.03019722e-01  3.13634455e-01  1.03264236e+00 -2.84258649e-02  9.20266867e-01 -1.32938430e-01 -5.76000333e-01  7.00321272e-02  4.44090143e-02]
 [ 6.69148624e-01 -1.54011562e-01 -5.42790830e-01 -2.10728765e-01 -2.35165238e-01  3.99928480e-01  2.05168560e-01 -4.65815842e-01  1.64213460e-02 -6.55343652e-01 -5.53865079e-03 -4.24187332e-01  2.65525162e-01 -4.84357327e-01 -5.47073245e-01]
 [ 9.04845178e-01 -3.26222450e-01 -3.60046953e-01 -8.17875922e-01 -2.22418662e-02 -5.51831484e-01  4.06730086e-01 -3.13429274e-02 -5.49788356e-01  1.88295037e-01 -1.45553023e-01  3.92510258e-02  3.31387848e-01 -5.68886518e-01 -4.36927795e-01]
 [-5.95233440e-01  1.81846395e-01  7.61248448e-05 -5.65980263e-02  3.66658568e-02 -4.55419362e-01  6.54273510e-01 -7.83129632e-01 -8.75759274e-02  3.65799278e-01 -1.23726465e-01  4.48479444e-01  6.65801227e-01 -5.97069442e-01 -6.78929567e-01]]
R:
[[6.08428847e-03 8.31933320e-02 4.10387665e-01 2.44528390e-02 6.43016770e-02 1.51289701e-01 1.42257482e-01 1.57482363e-02 7.40139708e-02 2.82707680e-02]
 [1.39473215e-01 1.55072035e-02 1.87217936e-01 1.53838545e-01 1.99971735e-01 1.80072278e-01 1.05870981e-02 6.21919110e-02 3.62202525e-02 1.49199069e-02]
 [8.81483629e-02 4.33080234e-02 2.72438582e-02 2.59778816e-02 2.01987207e-01 2.63034612e-01 1.16726071e-01 8.18460714e-03 9.79499519e-02 1.27439439e-01]
 [4.22250805e-03 9.66204554e-02 4.18454921e-03 1.52477520e-02 1.02973506e-01 3.92975472e-02 1.18066519e-01 4.37348574e-01 1.19332857e-01 6.27057999e-02]
 [5.84571101e-02 5.34802675e-02 3.79089713e-02 4.54111621e-02 1.77496418e-01 8.15757290e-02 2.36643448e-01 1.08000062e-01 6.49545193e-02 1.36072308e-01]
 [3.52824852e-02 1.54750288e-01 2.13922095e-02 2.02272851e-02 9.64966044e-02 1.39031306e-01 1.32564962e-01 2.74237067e-01 6.72038123e-02 5.88139594e-02]
 [2.62944885e-02 9.82130170e-02 2.10548341e-02 6.81064054e-02 9.94299650e-02 2.20730498e-01 4.15722467e-02 2.61541635e-01 1.43769592e-01 1.92873590e-02]
 [2.25062296e-01 1.55482069e-01 2.14167591e-02 1.19708560e-01 7.65816076e-03 3.06970119e-01 5.33174276e-02 1.92507561e-02 3.30236852e-02 5.81101887e-02]
 [1.84432015e-01 8.31388310e-02 4.83238744e-03 1.50073394e-01 1.71555653e-02 2.13752970e-01 4.24945215e-03 1.57863885e-01 1.31402314e-02 1.71361253e-01]
 [1.90213583e-02 7.66662285e-02 6.97864871e-03 7.62597844e-03 2.17961833e-01 1.18816733e-01 8.28482658e-02 5.82165569e-02 1.80105135e-01 2.31759310e-01]
 [1.41043141e-01 8.43325704e-02 4.00796905e-02 2.57261276e-01 9.15540829e-02 1.21478923e-01 4.24248278e-02 1.68291658e-01 5.44061093e-03 4.80932556e-02]
 [7.95769598e-03 1.24977224e-01 6.24988833e-03 5.79049718e-03 8.82964358e-02 6.83843270e-02 2.02101320e-01 2.14588463e-01 2.29083896e-01 5.25702313e-02]
 [1.03243124e-02 4.29250225e-02 1.34176537e-01 4.35772091e-02 1.71973646e-01 5.07944711e-02 1.14521898e-01 1.31466895e-01 1.62303478e-01 1.37936518e-01]
 [7.56069040e-03 2.56443083e-01 4.05145064e-02 1.55692943e-03 4.56885761e-03 7.49340430e-02 5.19689582e-02 4.03241394e-03 5.35827577e-01 2.25929040e-02]
 [3.39294347e-04 2.50257254e-01 3.49917151e-02 2.35040486e-02 4.83623110e-02 1.38629586e-01 7.29791895e-02 9.70361158e-02 3.22029740e-01 1.18707707e-02]]
cosine similarity of topic:
[[ 9.99999642e-01 -1.22938318e-05  3.85563108e-05  1.74910219e-05  1.91207382e-05  1.86942816e-05  4.61089894e-06 -2.91044798e-05  2.67909199e-05 -2.08975634e-05]
 [-1.22938318e-05  9.99999821e-01 -4.94138985e-05 -1.71039519e-05 -1.11197751e-05 -4.18359450e-05 -1.37918039e-06 -5.51441508e-06 -4.94332016e-05 -4.07115258e-05]
 [ 3.85563108e-05 -4.94138985e-05  9.99999583e-01  2.18952628e-05 -4.26523075e-05 -7.22747864e-05 -2.26271404e-05 -6.74506882e-05 -2.72401958e-05 -9.13036274e-06]
 [ 1.74910219e-05 -1.71039519e-05  2.18952628e-05  9.99999881e-01 -2.06161385e-05 -1.69931409e-05  2.55367067e-05  1.66681857e-05  1.73753269e-05  4.69210636e-06]
 [ 1.91207382e-05 -1.11197751e-05 -4.26523075e-05 -2.06161385e-05  9.99999821e-01  5.24630486e-05 -1.32589985e-05  6.77510843e-06 -9.20097373e-05 -1.74510078e-05]
 [ 1.86942816e-05 -4.18359450e-05 -7.22747864e-05 -1.69931409e-05  5.24630486e-05  9.99999821e-01  8.04804677e-06  2.36393098e-05  3.69930531e-05 -1.05846893e-05]
 [ 4.61089894e-06 -1.37918039e-06 -2.26271404e-05  2.55367067e-05 -1.32589985e-05  8.04804677e-06  1.00000024e+00  4.85870405e-05 -7.95910091e-05 -9.93744743e-06]
 [-2.91044798e-05 -5.51441508e-06 -6.74506882e-05  1.66681857e-05  6.77510843e-06  2.36393098e-05  4.85870405e-05  9.99999642e-01 -3.77679535e-05 -1.11086320e-06]
 [ 2.67909199e-05 -4.94332016e-05 -2.72401958e-05  1.73753269e-05 -9.20097373e-05  3.69930531e-05 -7.95910091e-05 -3.77679535e-05  1.00000024e+00  1.70266867e-05]
 [-2.08975634e-05 -4.07115258e-05 -9.13036274e-06  4.69210636e-06 -1.74510078e-05 -1.05846893e-05 -9.93744743e-06 -1.11086320e-06  1.70266867e-05  1.00000012e+00]]
