hidden representaion(r*topic):
[[ 2.98976809e-01 -1.78137377e-01 -6.21723235e-02 -1.39856398e-01 -1.56516239e-01  1.61960691e-01  8.18944648e-02 -1.70382798e-01  1.68409184e-01 -2.29126841e-01  3.04608140e-02  9.36385430e-03 -2.96938457e-02 -2.76633292e-01 -2.28954345e-01]
 [-1.00220703e-01  8.19450840e-02  1.21417837e-02  2.18067363e-01 -3.67554612e-02  2.53834546e-01 -3.73242080e-01 -2.71169811e-01  2.57939219e-01 -1.40981168e-01 -2.46179745e-01  1.08889863e-01 -1.91330895e-01 -2.82591045e-01 -1.87597305e-01]
 [-1.24830373e-01 -1.73056409e-01  6.56671301e-02  1.50306430e-02  1.83590457e-01  2.07808644e-01 -4.72188853e-02  4.69533540e-02  6.02582514e-01 -3.18433881e-01  3.93211693e-01  2.81888098e-01 -2.53410846e-01  9.31526795e-02  1.77950799e-01]
 [ 3.14620793e-01 -3.19456249e-01 -2.42866278e-01 -2.75658250e-01  3.77837606e-02  1.34033319e-02  1.07142545e-01 -4.55551185e-02  1.36734247e-02 -1.78275138e-01  3.07291113e-02 -1.98381953e-02  2.11780723e-02 -2.36982331e-01 -1.75309241e-01]
 [ 1.92126051e-01 -1.74887329e-01  1.42347440e-01 -9.45008919e-02 -2.69625872e-01  3.39633346e-01  2.74432022e-02 -2.35209450e-01  1.33020788e-01 -1.61746025e-01 -1.63955912e-01  9.09990817e-02 -1.22190220e-02 -2.96328574e-01 -2.43415520e-01]
 [ 2.75166869e-01 -2.85392463e-01 -1.92917660e-01 -6.34193942e-02  1.17416331e-03  2.00330719e-01  7.82100670e-03 -7.78691024e-02  4.09516782e-01 -3.77366602e-01  3.31016928e-01 -9.72842723e-02 -1.34266466e-01 -1.50445640e-01 -1.45692974e-01]
 [ 1.96166243e-02 -7.04517737e-02 -3.57200466e-02  1.12988502e-01  9.59510580e-02  1.10757306e-01 -1.78201422e-01  2.97068618e-04  4.41696525e-01 -1.02638192e-01  1.41925514e-01 -7.03938529e-02 -3.01450998e-01 -1.75857797e-01 -9.89484414e-02]
 [-2.20885605e-01 -2.32727870e-01 -4.56952490e-02  1.11973889e-01  7.59603009e-02  3.84680390e-01 -3.08415264e-01 -2.26094484e-01  2.16638207e-01 -2.59625286e-01 -1.54975340e-01  2.81430960e-01 -7.77294263e-02 -1.08020902e-01  5.50888106e-03]
 [-3.50841075e-01 -1.19596936e-01 -2.58811146e-01  3.48970741e-01  8.61795470e-02  3.32651079e-01 -5.06424725e-01 -3.97471875e-01  1.75820723e-01 -2.85877615e-01 -2.56886601e-01  3.01240951e-01 -9.30303857e-02 -2.00671509e-01  2.70973047e-04]
 [ 4.39630337e-02 -2.21612617e-01 -5.35709038e-02 -4.74062003e-02  7.27646351e-02  1.88383698e-01  2.96085291e-02 -4.18737642e-02  4.65030044e-01 -3.54977757e-01  3.37171257e-01  1.86584622e-01 -1.54057205e-01 -2.13093515e-02  5.92453815e-02]
 [ 1.36906803e-01 -1.32205442e-01  3.11906673e-02 -9.39704701e-02 -5.20866066e-02  1.14513814e-01  3.19367163e-02 -7.54668564e-02  2.02792972e-01 -4.91560772e-02 -4.76082265e-02 -5.62126935e-02 -1.15752168e-01 -2.83307195e-01 -2.15592131e-01]
 [ 1.72784850e-01 -3.11708361e-01 -2.49429598e-01 -1.89444885e-01 -1.30246049e-02  2.26467490e-01  1.08976021e-01 -2.07250074e-01  2.16495231e-01 -4.90097016e-01  1.23562425e-01  1.00913443e-01  5.20566180e-02 -1.71113417e-01 -7.80595765e-02]
 [-4.40626740e-02 -2.27555022e-01 -6.58064857e-02 -6.09637424e-02  2.65749022e-02  2.54649937e-01  5.89576624e-02 -1.51907578e-01  3.88330162e-01 -4.18574691e-01  1.97443888e-01  2.65636384e-01 -6.41085804e-02 -6.03295825e-02  7.54371658e-02]
 [-4.86617833e-02 -9.39532295e-02 -2.39429533e-01  6.89210445e-02  1.44739589e-03  2.49951556e-01 -1.25787735e-01 -3.26658696e-01  3.06740046e-01 -4.76314723e-01 -1.04739469e-04  1.60204098e-01 -4.68140692e-02 -2.12469965e-01 -6.29720390e-02]
 [-1.93802677e-02 -3.32735598e-01 -1.93209171e-01  8.73771757e-02 -3.03467084e-02  3.93821120e-01 -1.92175031e-01 -2.82131225e-01  2.43150070e-01 -3.81044120e-01  3.71569674e-03  1.24550119e-01 -3.16508040e-02 -1.70971870e-01 -8.03861693e-02]]
R_hid(hidden representaion to predict r):
[[6.64651096e-02 2.13323891e-01 6.59118950e-01 7.46081234e-04 5.96318901e-01 0.00000000e+00 4.46631491e-01 0.00000000e+00 0.00000000e+00 0.00000000e+00 0.00000000e+00 3.69634330e-01 2.13776052e-01 4.64208990e-01 8.38775694e-01]
 [0.00000000e+00 9.69279706e-01 8.47507298e-01 0.00000000e+00 2.75804056e-03 0.00000000e+00 0.00000000e+00 1.99988985e+00 1.27426612e+00 0.00000000e+00 4.77118850e-01 4.67646271e-01 0.00000000e+00 0.00000000e+00 1.42875969e-01]
 [0.00000000e+00 0.00000000e+00 0.00000000e+00 5.62849820e-01 6.39215291e-01 0.00000000e+00 0.00000000e+00 2.03815743e-01 0.00000000e+00 1.47814870e+00 0.00000000e+00 1.84399652e+00 1.11365557e+00 0.00000000e+00 0.00000000e+00]
 [1.22030008e+00 0.00000000e+00 4.14487273e-01 9.39554572e-01 0.00000000e+00 8.87919545e-01 0.00000000e+00 1.17593682e+00 6.24901801e-02 0.00000000e+00 0.00000000e+00 1.10959426e-01 0.00000000e+00 0.00000000e+00 1.08324611e+00]
 [1.09084594e+00 3.10335368e-01 0.00000000e+00 1.01517677e+00 0.00000000e+00 1.05253494e+00 1.04967082e+00 0.00000000e+00 1.62741172e+00 0.00000000e+00 0.00000000e+00 0.00000000e+00 0.00000000e+00 1.41610658e+00 0.00000000e+00]
 [1.02048337e+00 0.00000000e+00 3.76376152e-01 8.48872721e-01 8.23312640e-01 0.00000000e+00 6.82966471e-01 5.78490376e-01 0.00000000e+00 0.00000000e+00 0.00000000e+00 7.81036794e-01 5.75323999e-01 1.22971773e+00 6.94107473e-01]
 [1.12786949e+00 0.00000000e+00 4.86573488e-01 0.00000000e+00 0.00000000e+00 5.52721322e-02 9.76572156e-01 9.53504324e-01 8.81906211e-01 0.00000000e+00 0.00000000e+00 4.32593733e-01 0.00000000e+00 0.00000000e+00 5.38255572e-01]
 [3.21743160e-01 0.00000000e+00 0.00000000e+00 0.00000000e+00 1.10500383e+00 0.00000000e+00 2.80435324e-01 0.00000000e+00 4.18245882e-01 4.94253695e-01 1.01809323e-01 0.00000000e+00 1.12593733e-01 0.00000000e+00 0.00000000e+00]
 [0.00000000e+00 5.90266883e-01 4.57790643e-01 0.00000000e+00 1.14101624e+00 1.53444099e+00 1.87660909e+00 0.00000000e+00 1.12297571e+00 5.19272864e-01 2.59706354e+00 0.00000000e+00 0.00000000e+00 2.31642574e-01 0.00000000e+00]
 [0.00000000e+00 1.70865870e+00 0.00000000e+00 1.04640818e+00 0.00000000e+00 1.80839026e+00 0.00000000e+00 4.22780335e-01 0.00000000e+00 0.00000000e+00 2.48361006e-01 0.00000000e+00 1.14900434e+00 4.70267594e-01 0.00000000e+00]
 [8.26688230e-01 0.00000000e+00 0.00000000e+00 0.00000000e+00 0.00000000e+00 9.78123605e-01 0.00000000e+00 0.00000000e+00 1.03945410e+00 0.00000000e+00 0.00000000e+00 0.00000000e+00 0.00000000e+00 1.40900886e+00 1.04424703e+00]
 [0.00000000e+00 0.00000000e+00 0.00000000e+00 1.17718470e+00 0.00000000e+00 5.48422486e-02 0.00000000e+00 0.00000000e+00 0.00000000e+00 2.84309506e-01 0.00000000e+00 2.86355525e-01 2.87136823e-01 1.45291969e-01 1.47437847e+00]
 [0.00000000e+00 6.52929842e-01 0.00000000e+00 1.23329270e+00 1.15632403e+00 0.00000000e+00 0.00000000e+00 3.89804006e-01 0.00000000e+00 0.00000000e+00 9.66208652e-02 6.83811367e-01 9.00331080e-01 8.35158527e-02 4.99445736e-01]
 [0.00000000e+00 1.55304790e+00 1.93640518e+00 0.00000000e+00 0.00000000e+00 0.00000000e+00 0.00000000e+00 0.00000000e+00 0.00000000e+00 2.77667928e+00 1.38181639e+00 0.00000000e+00 1.44207764e+00 0.00000000e+00 7.36091509e-02]
 [0.00000000e+00 1.82453647e-01 7.91773140e-01 0.00000000e+00 7.11102903e-01 0.00000000e+00 1.67095959e+00 1.20296240e+00 8.24827433e-01 3.33112717e-01 7.43173420e-01 8.12715769e-01 7.27466643e-01 8.12265933e-01 3.24819863e-01]]
topics:
[[ 4.59591389e-01  1.15804650e-01  4.75355923e-01 -1.02510467e-01 -6.92944348e-01  4.03004289e-01  2.18359917e-01 -3.45064610e-01  2.17625022e-01 -6.02353290e-02 -3.00560236e-01 -1.63403735e-01 -6.29161224e-02 -5.68047702e-01 -5.58927178e-01]
 [-4.19315159e-01  1.98685810e-01 -4.14175779e-01  6.53809488e-01  4.39699441e-02  2.18882754e-01 -8.03531528e-01 -5.97504675e-01  1.32008135e-01 -2.22158477e-01 -4.69563991e-01  2.35459864e-01 -1.77733913e-01 -3.92747700e-01 -1.36486605e-01]
 [-3.46807808e-01 -1.67156801e-01  5.80943406e-01 -5.02087176e-01  7.55573630e-01  2.88290113e-01 -3.91548842e-01  5.31724870e-01  2.67335385e-01  3.53670903e-02 -2.78980643e-01  4.11287606e-01 -2.58412063e-01  3.52662265e-01  1.71763986e-01]
 [-8.33158642e-02 -3.57553303e-01 -1.76644579e-01 -2.77632982e-01  5.64916670e-01 -1.67336389e-01  1.81495526e-03  5.00792980e-01  2.00182185e-01  2.30662614e-01 -6.78671151e-02 -4.59973603e-01 -3.30263734e-01 -1.91820279e-01 -1.04412182e-04]
 [-3.55264008e-01 -8.04285146e-03  9.22120139e-02 -2.39739064e-02  1.09377004e-01  1.83496177e-01  1.83994457e-01 -1.45171180e-01  6.24987662e-01 -5.36376297e-01  3.54819328e-01  6.67938173e-01 -1.18727811e-01  1.21360324e-01  3.89420271e-01]
 [-5.01697123e-01 -1.04918230e+00 -3.49589527e-01  2.14315951e-02  2.09657326e-01  8.19306910e-01 -3.06616783e-01 -3.53876501e-01 -1.81702562e-02 -5.94547987e-01 -9.15002376e-02  6.50116205e-01  2.83454180e-01  1.78530961e-01  3.46055537e-01]
 [ 1.75500080e-01 -3.72715071e-02  1.73595488e-01  1.94939747e-01  1.85033038e-01 -7.07843574e-03 -9.84045342e-02  3.62966806e-01  9.80945885e-01 -3.91061343e-02  8.65803897e-01 -1.46268144e-01 -6.42357230e-01  9.14654434e-02  4.16004471e-02]
 [ 6.81832433e-01 -4.55292553e-01 -6.18889809e-01 -3.18059385e-01 -2.98212677e-01  4.44686770e-01  1.71424925e-01 -5.29326141e-01  7.61540607e-02 -8.83351445e-01  5.04165143e-03 -4.52449918e-01  2.81969398e-01 -5.08399189e-01 -5.63733757e-01]
 [ 6.51488006e-01 -2.11223975e-01 -2.47072041e-01 -4.50472951e-01 -8.24369937e-02 -3.19488078e-01  2.32694983e-01 -1.82565441e-03 -3.46778512e-01  7.11513683e-02 -4.85212840e-02  1.23379089e-01  1.12162426e-01 -3.15595716e-01 -2.71227390e-01]
 [-4.06408846e-01  2.80389506e-02 -1.14441523e-02 -8.97068828e-02  1.18756844e-02 -2.72728264e-01  4.33867902e-01 -6.17951214e-01 -1.16281752e-02  1.71811879e-01 -6.28447980e-02  3.04148376e-01  3.48856091e-01 -4.17901516e-01 -4.40700114e-01]]
R:
[[2.29919225e-01 4.36408892e-02 4.94825840e-03 2.70494595e-02 8.44385922e-02 7.21309036e-02 1.28851160e-01 1.56135470e-01 2.41485104e-01 1.14009501e-02]
 [2.55798757e-01 4.64577079e-01 1.37354478e-01 5.17393881e-03 1.17629841e-02 1.81646063e-03 9.67635885e-02 2.05413885e-02 1.62029895e-03 4.59108548e-03]
 [1.49211279e-04 2.11872589e-02 8.82413238e-02 1.24797376e-03 3.57511252e-01 1.16794996e-01 3.60162944e-01 4.79139388e-02 6.78759813e-03 3.42981775e-06]
 [1.52980192e-02 2.01407284e-03 1.04523841e-02 1.62049189e-01 5.18172048e-02 8.71367082e-02 6.85685351e-02 1.85861126e-01 3.95424336e-01 2.13784296e-02]
 [4.96410459e-01 5.08585647e-02 4.22003977e-02 7.19929254e-03 2.38451269e-02 1.88670531e-01 4.26845439e-02 8.02549534e-03 1.39564499e-01 5.41094108e-04]
 [5.08352695e-03 1.79100372e-02 2.58011773e-04 1.77328568e-02 5.09432070e-02 9.66052562e-02 3.88442814e-01 3.22483540e-01 9.57384631e-02 4.80230851e-03]
 [1.16098233e-01 2.20835671e-01 2.53316630e-02 1.68403789e-01 2.77179591e-02 2.13993210e-02 3.37672740e-01 5.50936908e-02 1.56783983e-02 1.17685320e-02]
 [1.66182891e-01 2.79522538e-01 1.22548945e-01 2.26181317e-02 6.80121779e-02 2.59895682e-01 7.14384615e-02 4.17448301e-03 5.46140643e-03 1.45204933e-04]
 [5.45774512e-02 5.65426409e-01 2.79416777e-02 3.55733968e-02 7.60274157e-02 2.08794013e-01 3.16016972e-02 2.15820946e-05 3.47981186e-05 1.61437890e-06]
 [1.54035864e-02 3.86604434e-03 2.15141382e-02 7.12654414e-03 3.00947458e-01 1.15121000e-01 2.98048019e-01 1.37278616e-01 1.00431517e-01 2.63100170e-04]
 [2.86816210e-01 7.52824843e-02 2.04415247e-02 1.96945176e-01 2.08496042e-02 5.92680983e-02 1.16653390e-01 3.44705731e-02 1.23113774e-01 6.61591738e-02]
 [1.46704738e-03 3.00977239e-03 7.13684689e-03 5.82324080e-02 2.98509210e-01 9.72938016e-02 4.64105792e-02 3.33182275e-01 1.54208362e-01 5.49669727e-04]
 [7.46059865e-02 1.98849160e-02 2.58815615e-03 4.41992730e-02 4.10307795e-01 1.36265144e-01 1.17890738e-01 1.34432018e-01 5.73425740e-02 2.48349505e-03]
 [1.25933914e-02 2.80836910e-01 2.20152549e-02 3.40724178e-02 3.34701836e-01 6.22311700e-03 2.88665090e-02 2.69720763e-01 1.06823649e-02 2.87454226e-04]
 [1.28386363e-01 1.92536116e-01 2.08788784e-04 1.12445923e-02 2.79589109e-02 2.82337189e-01 1.72803655e-01 1.64175615e-01 1.97941605e-02 5.54555852e-04]]
cosine similarity of topic:
[[ 1.0000000e+00  3.4265156e-08  5.9735089e-06 -3.6529593e-05  1.0746114e-06  5.0358252e-05  4.4274693e-06 -1.3701560e-06  4.0947092e-05  2.9006585e-05]
 [ 3.4265156e-08  1.0000004e+00  6.7093151e-06 -4.8619855e-05  2.7863172e-05  5.0886874e-06 -1.0888898e-05  3.6201171e-05  1.8210144e-06  2.9193288e-05]
 [ 5.9735089e-06  6.7093151e-06  1.0000000e+00 -1.7449420e-05  3.0561234e-05 -2.2003227e-05  2.6958294e-06  4.2161697e-05 -2.9496034e-06  1.9986455e-05]
 [-3.6529593e-05 -4.8619855e-05 -1.7449420e-05  1.0000000e+00  3.6254030e-05  5.1209365e-05  3.2249547e-05 -2.1925143e-07  4.0712162e-05  3.2467444e-05]
 [ 1.0746114e-06  2.7863172e-05  3.0561234e-05  3.6254030e-05  9.9999994e-01  8.5474940e-06  2.0749421e-05 -1.5158937e-05  6.5219356e-05  5.7485810e-05]
 [ 5.0358252e-05  5.0886874e-06 -2.2003227e-05  5.1209365e-05  8.5474940e-06  9.9999994e-01 -1.9998919e-05 -1.7977811e-05 -1.1062477e-05 -1.1521663e-05]
 [ 4.4274693e-06 -1.0888898e-05  2.6958294e-06  3.2249547e-05  2.0749421e-05 -1.9998919e-05  1.0000000e+00 -3.0739055e-05  3.8886144e-05 -2.7192973e-05]
 [-1.3701560e-06  3.6201171e-05  4.2161697e-05 -2.1925143e-07 -1.5158937e-05 -1.7977811e-05 -3.0739055e-05  9.9999970e-01 -1.4251184e-05  3.7017595e-05]
 [ 4.0947092e-05  1.8210144e-06 -2.9496034e-06  4.0712162e-05  6.5219356e-05 -1.1062477e-05  3.8886144e-05 -1.4251184e-05  9.9999940e-01  4.5843197e-05]
 [ 2.9006585e-05  2.9193288e-05  1.9986455e-05  3.2467444e-05  5.7485810e-05 -1.1521663e-05 -2.7192973e-05  3.7017595e-05  4.5843197e-05  9.9999970e-01]]
