hidden representaion(r*topic):
[[ 1.65488303e-01 -2.95090377e-01 -3.81934404e-01 -6.53830841e-02 -3.92687693e-02  3.65019500e-01  1.98544860e-02 -4.06429499e-01  1.78169742e-01 -5.75766206e-01 -2.94395583e-03  1.20599866e-01  2.05839843e-01 -3.06564182e-01 -1.68503225e-01]
 [-1.27196163e-01 -3.58627081e-01 -1.12411715e-01 -3.29053961e-02 -3.84749509e-02  4.08377707e-01 -1.13760130e-02 -2.88190067e-01  3.00607562e-01 -4.47152287e-01 -9.27316546e-02  3.01660031e-01 -2.82909237e-02 -2.16581836e-01 -5.30302338e-03]
 [-1.98824648e-02 -2.98527479e-01 -2.07631513e-01  4.00268764e-04 -7.27561861e-02  3.01853925e-01 -1.10752426e-01 -3.50140661e-01  1.25946373e-01 -3.74235272e-01 -1.98585838e-01  3.35940748e-01 -3.92038655e-03 -3.13439697e-01 -1.12977438e-01]
 [-4.79099620e-03 -2.68302679e-01 -2.55549043e-01 -8.91187489e-02  1.63225755e-01  1.42256379e-01 -4.97165769e-02 -1.38256475e-01  1.51712731e-01 -2.38030598e-01 -9.04619470e-02  7.18254596e-02 -1.64917130e-02 -2.58737326e-01 -9.24391374e-02]
 [ 2.27864429e-01 -2.66978681e-01 -2.06625775e-01 -1.45350844e-01 -1.59880191e-01  3.12012076e-01  5.33943735e-02 -3.37256402e-01  1.14023842e-01 -3.91729444e-01 -1.69595763e-01  1.08931765e-01  5.49813546e-02 -3.89183342e-01 -2.69641191e-01]
 [ 2.19335072e-02 -2.50649363e-01 -2.56601274e-01 -1.20242901e-01  1.26318946e-01  1.46509677e-01  4.94774524e-03 -1.83016390e-01  1.72510073e-01 -3.14397365e-01 -3.60645428e-02  1.64992988e-01  1.44845787e-02 -2.36459076e-01 -4.44449708e-02]
 [-9.53875780e-02 -3.13343197e-01 -1.50297791e-01 -1.13732144e-01  1.54175147e-01  1.91920564e-01 -2.06959853e-03 -8.09208453e-02  2.46646404e-01 -2.35081956e-01 -8.24152157e-02  1.01811424e-01 -1.02114439e-01 -2.12201402e-01 -9.62566398e-03]
 [-2.07747638e-01 -2.97769845e-01 -1.63569167e-01  1.94095388e-01 -1.35958090e-01  4.73374844e-01 -2.52326787e-01 -4.52125132e-01  2.48031288e-01 -4.62184578e-01 -2.68103272e-01  4.01206642e-01 -7.43467808e-02 -3.28701049e-01 -1.06184192e-01]
 [-2.06290171e-01 -3.36428672e-01 -2.02410549e-01  2.19786480e-01 -1.12157211e-01  4.62197363e-01 -3.16763520e-01 -4.32926178e-01  1.81958035e-01 -4.05909449e-01 -3.29414248e-01  3.53391528e-01 -7.77233094e-02 -3.56727749e-01 -1.45049632e-01]
 [ 6.77170604e-02 -3.76786560e-01 -2.87574470e-01 -1.20585576e-01  6.88604042e-02  1.86015412e-01 -5.13052978e-02 -2.11942986e-01  2.33632755e-02 -2.73391545e-01 -1.45441130e-01  1.94888890e-01  6.15121014e-02 -2.76903778e-01 -1.03587277e-01]
 [-1.20316409e-02 -2.30560377e-01 -2.16007471e-01 -1.94220040e-02 -9.82816145e-03  3.16589683e-01 -3.06893196e-02 -3.06782961e-01  2.71979243e-01 -4.35999691e-01 -7.78687820e-02  1.70207873e-01 -3.51442234e-03 -2.88026571e-01 -1.06626853e-01]
 [ 8.33285898e-02 -3.40719461e-01 -2.54517555e-01 -1.71515957e-01  1.36893272e-01  1.47074863e-01  8.21014587e-03 -1.03295587e-01  9.11681354e-02 -2.10390091e-01 -1.07729264e-01  1.52727123e-02  1.00922752e-02 -2.72359729e-01 -1.25894666e-01]
 [ 1.12600058e-01 -3.99416506e-01 -3.97990465e-01 -9.70217809e-02  8.13294426e-02  2.02317446e-01 -7.77732953e-02 -2.74131000e-01 -2.38149241e-02 -3.47673237e-01 -1.13346115e-01  2.00026736e-01  1.60561800e-01 -2.80944973e-01 -1.13879904e-01]
 [-1.58583120e-01 -6.05915964e-01 -3.81114185e-01  1.01255365e-01  4.02123109e-02  4.50155199e-01 -2.58914471e-01 -3.90160769e-01  6.15496142e-03 -4.63390917e-01 -1.93527833e-01  4.20048833e-01  1.80206046e-01 -2.17008367e-01 -5.64404903e-03]
 [ 4.16997150e-02 -2.28078306e-01 -3.68937105e-01  5.18732797e-03  7.54565001e-02  1.92811251e-01 -1.26756251e-01 -3.06572795e-01  1.17019691e-01 -3.73166054e-01 -1.06145352e-01  1.70935348e-01  5.51730320e-02 -3.16094130e-01 -1.29554540e-01]]
R_hid(hidden representaion to predict r):
[[0.         0.         0.         0.         0.20100218 0.         0.03175012 0.1256489  0.0168796  0.         0.         0.         0.13317819 0.17403813 0.        ]
 [0.         0.         0.         0.         0.         0.03296843 0.         0.24519216 0.         0.01487493 0.         0.         0.         0.25759682 0.        ]
 [0.04673936 0.         0.09659795 0.04210119 0.         0.09349293 0.13193595 0.         0.03586446 0.10578729 0.2078126  0.         0.         0.         0.        ]
 [0.         0.         0.03250172 0.         0.         0.04553699 0.         0.         0.         0.         0.05161706 0.         0.         0.         0.        ]
 [0.05540614 0.10111955 0.         0.         0.         0.         0.         0.         0.01915741 0.11465604 0.16612378 0.09082169 0.         0.         0.03798941]
 [0.02791535 0.         0.         0.05126328 0.         0.         0.         0.         0.         0.         0.         0.         0.098589   0.         0.        ]
 [0.15165135 0.         0.1680559  0.         0.         0.         0.02019892 0.16990902 0.         0.00804624 0.00980491 0.         0.         0.15448073 0.        ]
 [0.         0.         0.03095024 0.11323649 0.         0.12985407 0.         0.19463424 0.00990058 0.17072798 0.00213033 0.00751012 0.         0.22563457 0.        ]
 [0.29807746 0.         0.19071527 0.         0.         0.         0.09734227 0.0494666  0.         0.         0.2429705  0.09373683 0.         0.         0.        ]
 [0.07802161 0.         0.         0.         0.         0.23818113 0.         0.         0.         0.         0.         0.         0.         0.         0.        ]
 [0.         0.         0.         0.08766499 0.         0.         0.         0.09118687 0.         0.         0.16622697 0.         0.         0.19685726 0.0300854 ]
 [0.01456871 0.08606189 0.02669371 0.         0.         0.02594468 0.06492297 0.         0.         0.         0.         0.15532291 0.01421088 0.         0.        ]
 [0.         0.         0.         0.         0.         0.12981239 0.169996   0.         0.         0.         0.05333344 0.02906138 0.10305748 0.         0.        ]
 [0.         0.         0.         0.         0.         0.04185347 0.         0.         0.         0.10544772 0.         0.31064862 0.         0.         0.        ]
 [0.         0.         0.08856548 0.04078786 0.         0.         0.05863545 0.08539086 0.01283474 0.         0.         0.03184563 0.         0.09356956 0.11360424]]
topics:
[[ 0.5115697   0.02784328  0.6675528  -0.21970297 -1.2078264   0.8681527   0.34322238 -0.567248    0.49164343 -0.37783125 -0.72837526 -0.13340704 -0.49984494 -0.87743884 -0.9331435 ]
 [-0.62548804  0.06569542 -0.63975537  0.99078983  0.1360902   0.24948972 -1.1726946  -0.69885087  0.09544013 -0.32631776 -0.5992257   0.5127073  -0.24775465 -0.5524726  -0.22023809]
 [-0.24320808 -0.13512291  0.46301535 -0.3444627   0.58639544  0.19284773 -0.14063612  0.36446357  0.14044617  0.04113021 -0.17976199  0.25838676 -0.01550065  0.18871167  0.00812862]
 [-0.10470387 -0.3087183  -0.188465   -0.28879315  0.6241704  -0.19451934  0.01871811  0.4795544   0.2204362   0.25273767 -0.07366101 -0.48820156 -0.34389    -0.18002275  0.00629307]
 [-0.46825755  0.02517085  0.07858906 -0.02884495  0.16780953  0.19860907  0.16542985 -0.2132166   0.7808013  -0.5820655   0.3143334   0.65619916 -0.2196672   0.05774009  0.45369878]
 [-0.57343745 -1.6213682  -0.4983249   0.0258306   0.28821075  0.9251586  -0.24051796 -0.32385468 -0.15394314 -0.73564285  0.01562006  0.83996284  0.6568759   0.27846357  0.55420655]
 [ 0.14890419 -0.02271516  0.1577318   0.046881    0.17330131 -0.00561404 -0.07522631  0.31156108  0.78568494 -0.01720959  0.5917104  -0.0949775  -0.44132262  0.07319787  0.06395835]
 [ 0.7429674  -0.22426225 -0.6304121  -0.23574276 -0.18705225  0.40583622  0.21270223 -0.51689506  0.05452647 -0.71910524  0.05619638 -0.40089393  0.47738898 -0.5279268  -0.57612526]
 [ 0.98780304 -0.30998817 -0.3318599  -0.8357335  -0.09826592 -0.35820222  0.45070773 -0.05128309 -0.58921826  0.06240583 -0.16672996  0.07830764  0.28054973 -0.4470979  -0.4039471 ]
 [-0.3887953   0.08327384  0.01927367 -0.09296262  0.02105539 -0.29619518  0.46952432 -0.61731076 -0.01020346  0.2066209  -0.06184596  0.28819364  0.3561187  -0.4140506  -0.4455887 ]]
R:
[[3.64084356e-02 1.05849676e-01 1.74691319e-03 9.48697608e-03 2.27509946e-01 1.15895532e-01 5.51249774e-04 4.39850032e-01 6.17336407e-02 9.67605389e-04]
 [1.67956650e-01 9.68582779e-02 1.84354128e-03 1.05102107e-01 3.00400496e-01 1.91767067e-01 5.93932171e-04 9.14285257e-02 4.26119566e-02 1.43751281e-03]
 [1.41337708e-01 2.20444217e-01 5.44666545e-04 3.00162211e-02 2.09249780e-01 1.48333162e-01 6.17239857e-04 5.28579615e-02 1.95474342e-01 1.12467550e-03]
 [3.86140868e-02 1.38891876e-01 2.97558829e-02 2.57303357e-01 1.52832061e-01 8.15064758e-02 1.33175589e-02 1.49497375e-01 1.12974115e-01 2.53072269e-02]
 [1.72127336e-01 1.15999393e-01 3.39334365e-03 5.94698079e-02 1.42283782e-01 9.78773162e-02 2.51857517e-03 2.23928243e-01 1.78948477e-01 3.45364306e-03]
 [2.33574640e-02 1.18465386e-01 1.39914108e-02 1.73680842e-01 2.62052804e-01 7.75210112e-02 3.51051521e-03 1.58028021e-01 1.60365865e-01 9.02670249e-03]
 [9.72975641e-02 8.46262276e-02 6.67537842e-03 3.25105786e-01 2.22783372e-01 1.17271952e-01 3.19707952e-03 6.05547912e-02 7.38099962e-02 8.67788494e-03]
 [2.14009315e-01 2.93879449e-01 7.59512113e-05 8.10423493e-03 2.11776242e-01 1.86910123e-01 5.65612863e-05 4.10224125e-02 4.39405739e-02 2.25114141e-04]
 [2.17054337e-01 3.32834661e-01 1.65135862e-04 5.80965877e-02 1.15014650e-01 2.02579826e-01 1.97422967e-04 2.38775332e-02 4.99361195e-02 2.43651171e-04]
 [6.41836673e-02 1.59552127e-01 6.83759013e-03 1.51827663e-01 1.22925736e-01 1.54972658e-01 4.68562776e-03 9.22414809e-02 2.35237509e-01 7.53594050e-03]
 [1.06234916e-01 1.37333155e-01 6.77787978e-03 1.12828001e-01 2.66403794e-01 9.20725837e-02 2.77181785e-03 2.23871320e-01 4.64106798e-02 5.29583171e-03]
 [6.30684495e-02 9.55794305e-02 1.74481850e-02 2.91498214e-01 9.49899405e-02 1.11061387e-01 1.10918460e-02 1.46767020e-01 1.51529342e-01 1.69661827e-02]
 [9.88521054e-03 1.79741338e-01 3.98668135e-03 9.49501619e-02 1.12278223e-01 1.64972991e-01 1.00294442e-03 1.92013204e-01 2.39004925e-01 2.16430309e-03]
 [7.64693320e-02 2.50865877e-01 2.23735653e-04 2.54679397e-02 8.00668448e-02 3.43999803e-01 9.98613905e-05 9.38761681e-02 1.28615677e-01 3.14759265e-04]
 [1.59491971e-02 2.27145433e-01 1.65382202e-03 1.07385933e-01 1.94125831e-01 7.19814524e-02 4.61176533e-04 2.28043392e-01 1.52206987e-01 1.04675454e-03]]
cosine similarity of topic:
[[ 9.9999970e-01 -1.3480608e-05  1.8536057e-05 -3.2304674e-06  5.1837284e-05  9.2722425e-05  1.4900807e-05 -1.9034716e-05 -2.3226397e-05  4.9910435e-05]
 [-1.3480608e-05  1.0000000e+00  5.1356459e-05  3.1907537e-05 -1.6889375e-05  4.5040229e-05  4.3553791e-06 -2.0434551e-05 -1.0482762e-04 -8.8071556e-06]
 [ 1.8536057e-05  5.1356459e-05  9.9999982e-01  2.0120249e-05  7.5377749e-05 -2.3670083e-05  4.0268793e-07  4.6542114e-05 -1.1862172e-05 -1.5277399e-05]
 [-3.2304674e-06  3.1907537e-05  2.0120249e-05  1.0000002e+00 -3.5977782e-06  2.3340986e-05 -1.6377593e-05 -2.5882597e-05  1.2803766e-05 -4.2447271e-05]
 [ 5.1837284e-05 -1.6889375e-05  7.5377749e-05 -3.5977782e-06  1.0000000e+00  2.2569450e-06  5.1062298e-06 -2.3180781e-05 -2.2222288e-05 -4.4090725e-06]
 [ 9.2722425e-05  4.5040229e-05 -2.3670083e-05  2.3340986e-05  2.2569450e-06  1.0000000e+00  2.1408470e-05 -1.9924999e-05 -1.3732468e-05  1.5847232e-05]
 [ 1.4900807e-05  4.3553791e-06  4.0268793e-07 -1.6377593e-05  5.1062298e-06  2.1408470e-05  1.0000000e+00  3.1677588e-05  3.2873575e-06  1.5934113e-05]
 [-1.9034716e-05 -2.0434551e-05  4.6542114e-05 -2.5882597e-05 -2.3180781e-05 -1.9924999e-05  3.1677588e-05  1.0000002e+00 -6.3245512e-05  3.3386979e-05]
 [-2.3226397e-05 -1.0482762e-04 -1.1862172e-05  1.2803766e-05 -2.2222288e-05 -1.3732468e-05  3.2873575e-06 -6.3245512e-05  9.9999994e-01  4.3617506e-06]
 [ 4.9910435e-05 -8.8071556e-06 -1.5277399e-05 -4.2447271e-05 -4.4090725e-06  1.5847232e-05  1.5934113e-05  3.3386979e-05  4.3617506e-06  9.9999982e-01]]
