hidden representaion(r*topic):
[[ 0.01230219  0.03606673 -0.01333171 -0.08614553  0.06196298  0.04037951  0.0007029  -0.02252664  0.05138061 -0.00164451  0.00342753 -0.00245872 -0.04954097 -0.00496775  0.00978603  0.02211489]
 [ 0.08637139  0.0595608  -0.02080672  0.03924167  0.01478669  0.0705747  -0.00359236 -0.00435436 -0.04815965 -0.02833545  0.00738858 -0.03198814  0.02772382 -0.01085216  0.00482949  0.03505665]
 [ 0.08094458  0.07278735 -0.01968507  0.07150768  0.0449602   0.06202782  0.02489515 -0.01554036 -0.02771472 -0.03402406  0.04098929  0.01212929 -0.01639251  0.0035569  -0.01586465 -0.0087568 ]
 [ 0.04650499  0.05728442 -0.02310124  0.00841205  0.04500521  0.04561468  0.00703613 -0.024151    0.00823359 -0.02730274  0.02733522  0.00528208 -0.01916821 -0.0183277   0.00423042  0.02187318]
 [-0.01099413  0.05434464  0.00971046 -0.05272518  0.04594854  0.04023192  0.03037892 -0.03438445  0.05500532  0.00079808  0.01955656 -0.03669726 -0.04420328 -0.00322534  0.01746746  0.01693115]
 [ 0.12398296  0.08606046 -0.04665988  0.06549809  0.05677737  0.06252722  0.03457812 -0.02627258 -0.04025471 -0.04778239  0.05544089  0.03766816 -0.01326646 -0.02382994 -0.02703678  0.02221041]
 [ 0.00846275  0.03357387  0.02565683  0.03323708  0.06759532  0.03873047  0.03606659 -0.04829048  0.0303948  -0.0288981   0.0270336   0.0063113  -0.02100402  0.00128561 -0.00926371  0.03264568]
 [ 0.04160163  0.04660961  0.00020338 -0.02373229  0.01776496  0.06271137  0.00740226 -0.00510461 -0.0097876  -0.01010589 -0.01039944 -0.07182875  0.0107635  -0.00183008  0.01068404  0.0395983 ]
 [ 0.08587492  0.0636038  -0.01520474  0.03503446  0.06853935  0.04116933  0.05399437 -0.05519959 -0.01104993 -0.05153957  0.05029074  0.01654412 -0.02771967 -0.03315351 -0.04611947  0.03796598]
 [ 0.14956193  0.10306755 -0.05767124  0.10439767  0.0321951   0.09252385  0.0094812   0.00512989 -0.07695776 -0.03275101  0.05025474  0.04178526  0.0118657   0.00205348  0.00083169 -0.00242301]
 [ 0.04185054  0.05573798 -0.03889737 -0.0081891   0.03799592  0.0369763  -0.0056945  -0.0203203   0.01589615 -0.03273664  0.02097728 -0.00352031 -0.0091322  -0.03912116  0.01533328  0.04379799]
 [ 0.04550661  0.04190024  0.01314578  0.01856235  0.07236827  0.02713811  0.0605858  -0.06431204  0.01064592 -0.05127181  0.04277789 -0.00509411 -0.04171002 -0.02522565 -0.05709582  0.02860679]
 [ 0.0265855   0.05279182  0.01219044  0.01611784  0.05686923  0.01190039  0.06726588 -0.08607905  0.02556975 -0.05635739  0.0485796  -0.02847503 -0.02659429 -0.06180539 -0.04109628  0.06418025]
 [ 0.03674841  0.05017632 -0.00021066  0.02511111  0.05220324  0.01807993  0.03950679 -0.0755891   0.01454645 -0.05392892  0.04392915 -0.00480847 -0.01855022 -0.05827436 -0.02866033  0.05663206]
 [ 0.15216096  0.09587358 -0.06814953  0.10321168  0.04388475  0.09507415 -0.00529949  0.02038776 -0.07320554 -0.03154139  0.0478335   0.06864832  0.00172192  0.01623862  0.00204843 -0.01943152]
 [ 0.06667165  0.07464481  0.00714347  0.0319408   0.06417438  0.02072148  0.10105076 -0.0914141   0.00164981 -0.06410737  0.07088616 -0.02687581 -0.04152355 -0.0597138  -0.07122352  0.04832426]]
R_hid(hidden representaion to predict r):
[[0.         0.         0.         0.4497228  0.         0.65690595 0.6089313  0.         0.26081857 0.         0.04595524 0.3566279  1.0673752  0.         0.         0.26849565]
 [0.02342401 1.0118692  0.         0.         0.10896616 0.         0.         0.15387931 0.         0.         0.         0.         0.         0.12934493 0.40308172 0.        ]
 [0.2634874  1.346982   0.03628521 0.         0.         0.         0.         1.0202929  1.6163456  0.         0.7164681  0.15180203 0.         1.767699   0.         1.7143939 ]
 [0.35899273 0.         0.         0.         0.6533245  0.777053   0.         0.18853791 0.         0.         0.         0.         0.68787867 0.         0.         0.        ]
 [0.         0.         0.         0.7345474  0.         1.1671512  0.47104505 0.8064619  0.21098456 0.         0.99907374 0.08793495 0.         0.03657686 0.         0.        ]
 [0.7811672  0.         0.         0.         0.5931234  1.2405138  0.         0.02410397 0.         0.         0.         0.         0.284783   0.         0.4433816  0.        ]
 [1.6174825  0.7436748  1.2935554  0.6300512  0.         0.4143758  0.         0.8826613  1.121206   0.         0.91891766 0.         0.         0.         0.         0.        ]
 [1.346123   1.660018   0.         0.35231036 0.5498266  0.         0.         0.7926017  0.         0.3578874  0.         0.525605   0.30117485 0.         0.62050456 0.        ]
 [0.         0.9517406  0.8501216  0.         0.         0.         0.         0.887109   0.37876323 0.         0.         0.06137808 0.         1.2958252  0.         2.597897  ]
 [0.         0.37292975 0.         0.         0.         0.34620246 0.         0.         0.         0.23904167 0.         0.57730776 0.3765881  0.         0.         0.        ]
 [0.         0.         0.2637581  0.         0.         0.11325537 0.         1.114038   2.3217514  0.         0.36810723 0.5097229  0.         0.51461786 0.         2.35661   ]
 [0.73590934 0.         0.         0.         0.4165128  0.         0.         0.         0.         0.18497638 0.         0.         0.         0.         0.         0.        ]
 [1.188516   0.44360098 0.         0.         0.4147459  0.37354764 0.         0.         0.         0.         0.         0.         0.493503   0.         0.4608829  0.        ]
 [0.05890611 0.957602   0.         0.57994163 0.         0.61611843 0.         0.         0.24738139 0.17956248 0.07088112 0.29601383 0.25870252 0.         0.         0.        ]
 [0.6880441  1.4362012  0.         0.44611123 0.6046211  0.20408289 0.         1.0710055  0.         0.18445809 0.         0.07095922 0.         0.44902554 0.         0.        ]
 [0.02845207 1.7304857  0.62063575 0.20654681 0.         0.15411809 0.         0.64932525 2.1352806  0.         0.7675304  0.         0.         2.0620167  0.         2.337655  ]]
topics:
[[ 0.04262076  0.04537347 -0.07560461  0.02587634  0.03181486  0.00701715 -0.04308376 -0.03050657  0.01863512 -0.07121526  0.02474356  0.02637413  0.02461793 -0.09967904  0.02826045  0.09572127]
 [ 0.09916531  0.03516176  0.00770127  0.0449102  -0.02897993  0.08722506 -0.01038529  0.01777351 -0.10254381 -0.03416645 -0.03997961 -0.13340299  0.09298247 -0.00588438 -0.00408201  0.0729993 ]
 [ 0.03484508  0.0632385   0.04270975  0.01216003  0.08170636 -0.0174985   0.1579214  -0.1500896   0.0323966  -0.088614    0.08882663 -0.06057375 -0.06590049 -0.09798633 -0.11937533  0.07868011]
 [ 0.22628376  0.14335267 -0.11393829  0.16759628  0.03236504  0.13404557 -0.01510868  0.05273726 -0.12361751 -0.02609942  0.06725714  0.11046614  0.02803575  0.02808187  0.02846591 -0.03113579]
 [-0.08080515  0.00281359 -0.03392784  0.16895656  0.08592865 -0.06470034 -0.09088466 -0.01415156  0.16136561 -0.01356031 -0.16521634 -0.00874899  0.01664299 -0.03913034  0.01049906  0.02387823]
 [ 0.03379049  0.07166697  0.11346482 -0.03594114 -0.0408061   0.0496262   0.00476214 -0.18847331 -0.06303871  0.03925717  0.04207829 -0.04092464 -0.06045144 -0.03576134 -0.0387859  -0.07704207]
 [-0.00955171 -0.00284405  0.05294932  0.08042877  0.03295844  0.05034949 -0.00733737  0.01445495 -0.02068269 -0.03356919  0.00303163 -0.03883612 -0.03261881  0.0730866  -0.03857902 -0.09088035]
 [-0.05363489 -0.00565496  0.06220234  0.10121985  0.07854039  0.05744293 -0.0132664  -0.02715018  0.05697805 -0.00371512 -0.00332562  0.06248995  0.02542624  0.0585205   0.05982132  0.04584165]
 [-0.04601409  0.08102158 -0.00581916 -0.15221427  0.02782608  0.04951995  0.02647078 -0.01275832  0.0999264   0.04743407  0.00751491 -0.07843504 -0.06431248  0.00322257  0.07071761  0.01190142]
 [ 0.10810319 -0.07496279 -0.07461608 -0.21919218  0.1736129   0.04551804 -0.09771754  0.02917129  0.04009668 -0.01584815 -0.07089342  0.16317548 -0.09902952  0.03572771 -0.06885135  0.01951056]]
R:
[[1.16678208e-01 7.11803092e-03 9.28391069e-02 2.32543293e-02 3.86957545e-05 3.00559513e-02 5.98532371e-02 6.45804033e-02 4.17318612e-01 1.88263357e-01]
 [1.31299198e-01 3.70362937e-01 6.08878806e-02 1.97808325e-01 1.68613892e-03 3.86946015e-02 3.94566357e-02 3.67590487e-02 9.70603526e-02 2.59847939e-02]
 [3.09923869e-02 9.28505603e-03 2.14688629e-01 3.52312773e-01 2.03928836e-02 1.21576739e-02 2.26920858e-01 3.24030146e-02 9.25269201e-02 8.31980258e-03]
 [2.32809737e-01 1.27505530e-02 1.32338434e-01 1.67181447e-01 8.90312018e-04 2.77346596e-02 1.15216717e-01 5.73486350e-02 2.02712655e-01 5.10167852e-02]
 [4.90813926e-02 3.34766018e-03 1.59733251e-01 2.96857096e-02 9.68464155e-05 1.93366967e-02 1.07697912e-01 1.14421852e-01 4.86818433e-01 2.97802035e-02]
 [8.40517953e-02 2.48596333e-02 3.26062232e-01 4.45854157e-01 8.06158059e-05 1.91507093e-03 1.48959737e-02 9.97962151e-03 2.38422882e-02 6.84585944e-02]
 [2.12909877e-02 1.26917027e-02 2.85196424e-01 7.27411732e-02 7.87891680e-04 3.00547248e-03 9.50582922e-02 3.52323145e-01 1.12227112e-01 4.46778387e-02]
 [1.19581092e-02 4.25187945e-01 7.07838461e-02 3.71598080e-02 7.73898838e-03 2.58905534e-03 3.95653062e-02 4.13088165e-02 3.12318623e-01 5.13895378e-02]
 [4.74686921e-02 3.48040201e-02 4.45405096e-01 2.60634989e-01 2.18835514e-04 1.04530044e-02 8.56063049e-03 7.35385567e-02 2.11654883e-02 9.77506489e-02]
 [4.08376791e-02 9.72549096e-02 1.36140525e-01 5.93160272e-01 5.88241150e-04 3.34130228e-02 4.68849279e-02 1.40944207e-02 3.07201222e-02 6.90585189e-03]
 [4.10852939e-01 5.31876534e-02 8.15117136e-02 1.00980967e-01 6.56304765e-04 5.31117618e-03 6.72843382e-02 4.57915803e-03 2.31386051e-01 4.42496948e-02]
 [2.16735955e-02 1.15148928e-02 4.69484806e-01 1.07886769e-01 4.30458313e-05 6.33474812e-03 1.53700322e-01 9.09857079e-02 3.99217568e-02 9.84543040e-02]
 [2.09666044e-01 4.61071134e-02 4.87599760e-01 2.24527773e-02 4.64131730e-03 2.48735230e-02 1.21741137e-02 1.08538695e-01 8.17338452e-02 2.21276050e-03]
 [3.14751208e-01 1.63382944e-02 3.59700024e-01 5.47826737e-02 5.47185773e-04 6.70307651e-02 2.37168316e-02 1.15604557e-01 2.69191992e-02 2.06092242e-02]
 [5.46820536e-02 1.13297731e-03 8.08365569e-02 6.30961716e-01 7.66168960e-05 1.22450041e-02 1.34272739e-01 6.36124238e-03 2.10601483e-02 5.83709367e-02]
 [2.19843816e-02 2.62218788e-02 6.62981570e-01 1.84473649e-01 9.84553408e-05 7.10048666e-03 2.78133191e-02 1.70667178e-03 5.77179901e-02 9.90160834e-03]]
cosine similarity of topic:
[[ 1.00000012e+00  2.83968635e-04  1.14534050e-04 -2.34888867e-05  2.63840309e-04  9.19048907e-05  7.36240181e-05 -1.20505458e-04  1.18468422e-04  1.99485105e-04]
 [ 2.83968635e-04  9.99999881e-01 -1.36065297e-04  3.02762492e-05  7.79732072e-05 -8.12517246e-05  5.91054559e-05 -3.00029817e-04 -3.10635311e-04 -1.13133341e-04]
 [ 1.14534050e-04 -1.36065297e-04  1.00000012e+00  3.16104735e-04 -1.51557149e-04  2.02370342e-04  1.66988932e-04  3.07881855e-05  2.09805730e-04  3.67021188e-04]
 [-2.34888867e-05  3.02762492e-05  3.16104735e-04  9.99999762e-01 -9.72894486e-06  1.51186250e-04  1.26720639e-04 -2.30292790e-05  6.41900115e-05  6.24929089e-05]
 [ 2.63840309e-04  7.79732072e-05 -1.51557149e-04 -9.72894486e-06  9.99999583e-01  9.28530935e-05 -5.75308222e-05  1.49940839e-04 -9.12500545e-05 -7.51083717e-05]
 [ 9.19048907e-05 -8.12517246e-05  2.02370342e-04  1.51186250e-04  9.28530935e-05  1.00000048e+00  3.93716036e-05  1.28305983e-04  9.67381056e-05 -1.14309834e-04]
 [ 7.36240181e-05  5.91054559e-05  1.66988932e-04  1.26720639e-04 -5.75308222e-05  3.93716036e-05  1.00000024e+00  6.72189053e-05  1.30216591e-04 -6.84640108e-05]
 [-1.20505458e-04 -3.00029817e-04  3.07881855e-05 -2.30292790e-05  1.49940839e-04  1.28305983e-04  6.72189053e-05  1.00000060e+00 -3.49086593e-04  1.30699249e-04]
 [ 1.18468422e-04 -3.10635311e-04  2.09805730e-04  6.41900115e-05 -9.12500545e-05  9.67381056e-05  1.30216591e-04 -3.49086593e-04  9.99999762e-01  1.46487379e-04]
 [ 1.99485105e-04 -1.13133341e-04  3.67021188e-04  6.24929089e-05 -7.51083717e-05 -1.14309834e-04 -6.84640108e-05  1.30699249e-04  1.46487379e-04  9.99999762e-01]]
