hidden representaion(r*topic):
[[-1.41997367e-01 -2.76048537e-02  2.11686626e-01  3.73368472e-01  3.16453874e-01  2.33628437e-01 -7.90860504e-02 -9.76715386e-02  2.01164290e-01 -1.24221765e-01 -2.08528768e-02  2.03849494e-01  3.91536839e-02  2.41578594e-01  1.29906073e-01  9.40092728e-02]
 [ 2.17452884e-01  1.46191135e-01  2.20909417e-02  3.13045532e-02  2.97414064e-01  1.30315229e-01  1.46201909e-01 -2.34775439e-01  4.96580079e-02 -1.80260882e-01  9.19871256e-02 -7.10889697e-03 -1.07435003e-01 -8.69544297e-02 -1.55725792e-01  1.48478374e-01]
 [ 2.90571600e-01  1.78975940e-01  5.63566424e-02 -6.09622747e-02  3.04258227e-01  1.16186149e-01  2.66322672e-01 -3.53374660e-01  2.03225389e-03 -2.16686457e-01  2.10312665e-01 -1.48909390e-02 -1.70061022e-01 -1.68410867e-01 -2.49511510e-01  1.78361118e-01]
 [-1.76583659e-02  8.79700631e-02  2.09790438e-01  1.47318125e-01  2.22090825e-01  2.01292887e-01  3.35285775e-02 -2.51650035e-01  9.87591520e-02 -9.40700322e-02  5.73686510e-02  2.79676951e-02 -4.28921580e-02  6.52854890e-02  1.13588804e-02  8.03345665e-02]
 [ 6.17327392e-02  5.89192212e-02  7.55844861e-02 -1.51057005e-01  2.60906667e-01  1.98632985e-01 -9.79434624e-02 -1.50358051e-01  9.69654769e-02 -4.00944799e-02 -1.82858072e-02  6.94562122e-02 -1.75590724e-01  8.49566162e-02 -1.78224389e-02 -3.82186882e-02]
 [ 2.58242339e-01  6.80528283e-02  1.03408761e-01 -3.07009071e-01  2.97550499e-01  1.55053735e-01  6.44020289e-02 -3.46858054e-01 -5.48884273e-03 -8.78228322e-02  6.89715892e-02  5.03708869e-02 -2.12065279e-01 -8.08605775e-02 -2.12866694e-01  8.13328326e-02]
 [ 2.77184248e-01  2.12687105e-02 -2.96459794e-02 -2.75482982e-01  3.03026438e-01  1.81378737e-01 -1.11353196e-01 -1.59527719e-01 -6.39559329e-03 -9.47538614e-02 -3.69519591e-02  1.15898728e-01 -1.45032465e-01 -2.03950778e-02 -1.23441882e-01  7.71382600e-02]
 [ 1.92726165e-01  1.51920974e-01  8.98631364e-02 -1.57652467e-01  2.69059271e-01  8.25269669e-02  2.16258824e-01 -3.69638622e-01  6.18234612e-02 -1.56066850e-01  1.21786535e-01 -1.12766653e-01 -1.61944330e-01 -1.82072371e-01 -2.13756710e-01  1.87023997e-01]
 [ 3.41934085e-01 -7.77412876e-02 -9.62707549e-02 -4.74706411e-01  4.56803560e-01  2.09113657e-01 -2.40419939e-01 -9.75295231e-02  4.20977362e-02 -3.15295905e-02 -1.12550423e-01  3.59881222e-01 -2.62801945e-01  8.98996741e-02 -1.38997391e-01 -5.37740812e-03]
 [ 2.09760189e-01  1.32846072e-01  1.09743923e-01 -2.61217594e-01  2.21296221e-01  1.44924954e-01  2.27979124e-02 -3.85577172e-01 -4.80921194e-03 -4.72573936e-02  6.69725537e-02  1.08509958e-02 -2.14151129e-01 -1.18720405e-01 -1.70445949e-01  2.16591172e-02]
 [ 2.00141251e-01  2.50597566e-01  1.74796015e-01  5.85640147e-02  1.37710840e-01  1.31192550e-01  2.85483211e-01 -4.34600741e-01 -5.02774417e-02 -1.65624022e-01  2.04141468e-01 -2.03577653e-01 -7.97494426e-02 -2.03675866e-01 -1.95593029e-01  1.59406632e-01]
 [ 2.59038717e-01 -5.34426272e-02 -3.11327428e-02 -4.85349566e-01  4.10195202e-01  2.07012653e-01 -1.98853254e-01 -1.49747849e-01  7.76022077e-02 -6.96821138e-04 -9.80468690e-02  2.74069965e-01 -2.34323025e-01  7.11500496e-02 -9.13392901e-02  3.93370315e-02]
 [ 4.45598632e-01 -3.06534052e-01 -2.64372259e-01 -8.89520168e-01  7.26218402e-01  2.19799504e-01 -4.56478536e-01  7.05787390e-02  1.57560721e-01  2.10936014e-02 -2.90691853e-01  6.81019843e-01 -3.63980055e-01  2.19213456e-01 -1.41236350e-01  4.65347692e-02]
 [ 2.86511689e-01 -5.46599180e-02 -2.40614712e-02 -4.24365044e-01  3.91557574e-01  1.98665738e-01 -1.63470715e-01 -1.41389623e-01  3.13224941e-02 -4.61905710e-02 -8.59650299e-02  2.24853665e-01 -2.18004227e-01  5.88542148e-02 -1.39389247e-01  3.34217176e-02]
 [ 1.17164411e-01  1.19736597e-01  4.90546003e-02 -1.92138940e-01  2.95189202e-01  1.38803065e-01  3.57102230e-02 -2.66550601e-01  1.34633064e-01 -6.23027720e-02  3.97660285e-02  3.29040065e-02 -1.71431720e-01 -5.80365472e-02 -6.79244176e-02  1.10672370e-01]
 [ 1.82043314e-01  9.13152397e-02  8.70903805e-02 -9.87760425e-02  3.03810000e-01  1.98143914e-01  1.01413280e-02 -2.64088362e-01  4.60562408e-02 -8.04845095e-02  6.83896318e-02  1.45148963e-01 -1.57510802e-01  9.54795256e-03 -9.04735625e-02  5.63005991e-02]]
R_hid(hidden representaion to predict r):
[[-3.91213322e+00  3.68074250e+00 -9.62818086e-01 -3.19588947e+00  2.33014226e+00  5.35346389e-01 -1.91238254e-01 -1.13032365e+00 -3.53458285e-01  2.51798153e+00 -5.98346949e-01 -6.23762608e+00 -2.23887246e-03 -5.53654850e-01 -5.51513076e-01  2.67567825e+00]
 [-2.74139786e+00  1.34559959e-01  3.16709161e-01  2.15716839e+00 -1.72839248e+00 -1.50476277e-01  6.66746438e-01  1.24804884e-01  1.22776020e+00 -3.40172112e-01 -7.15031624e-02  1.66777641e-01 -2.81521749e+00  1.00479409e-01 -2.50110006e+00 -6.05428219e-02]
 [-4.96109962e+00 -7.54174411e-01  7.56647468e-01 -1.06592143e+00  6.17377222e-01  2.05259991e+00  4.91756648e-02 -3.59353274e-01  2.62803167e-01  4.63698268e-01  4.48134452e-01 -1.03630304e-01 -6.46148443e-01 -3.68382692e+00  7.15225697e-01 -1.47696090e+00]
 [ 4.29341650e+00  1.67003012e+00 -8.26553702e-01 -2.25865245e+00  7.05049038e-01  5.41211963e-01  3.15461084e-02 -4.75601628e-02 -6.13356233e-02 -3.76269102e-01 -4.57499552e+00 -1.40331388e+00 -5.46976089e-01 -1.17137635e+00 -4.47035164e-01 -1.62361574e+00]
 [ 6.97426128e+00 -2.67296338e+00 -6.68831348e-01  1.96142840e+00  2.17280483e+00  1.41975808e+00  3.00007296e+00  7.90682584e-02 -1.21940422e+00 -4.20897976e-02 -2.95820379e+00 -6.28834438e+00  3.34743214e+00 -1.02965534e-01 -1.76220357e-01  1.38140285e+00]
 [ 1.06231678e+00 -3.69913721e+00  2.95335531e-01  2.33163610e-01 -1.09741426e+00  1.83169782e-01  6.83328807e-02 -5.10116816e-01 -2.34302938e-01  3.20820928e+00  2.32591122e-01 -2.58350313e-01  2.44401717e+00 -6.84852064e-01  9.89631534e-01  2.41892874e-01]
 [ 1.63215923e+00  2.74491370e-01 -6.18218780e-01  3.73596811e+00  1.43324876e+00 -1.06640506e+00  1.09703422e+00 -2.73674560e+00 -1.39523089e+00  1.53889394e+00  8.85278106e-01 -4.86167818e-01  1.42932546e+00 -5.86634934e-01 -3.73107731e-01 -3.49019803e-02]
 [-2.86862445e+00  1.90664455e-01  1.31173503e+00  1.42450368e+00  5.15951589e-02  3.50036323e-02  3.61911130e+00  1.23003244e+00 -4.84161019e-01 -9.85160619e-02  3.48621517e-01 -4.08553302e-01 -2.85558045e-01  9.39205289e-03 -2.89970040e-01 -3.59392405e-01]
 [-1.82989275e+00  7.70778358e-01  3.52342099e-01 -4.37251186e+00  1.80371881e+00  4.15621936e-01  5.67890835e+00 -1.85290694e-01 -1.18352842e+00 -1.19846165e+00 -1.10533559e+00 -3.91032362e+00 -1.00702870e+00  7.41467357e-01 -8.53993416e-01  1.52778476e-01]
 [-1.25089192e+00 -2.75432050e-01  7.92555511e-03  5.98802805e-01 -6.50907993e-01 -2.49295092e+00 -3.75353992e-01  6.91682547e-02  1.65199652e-01 -1.70070887e+00 -5.25390327e-01 -1.04347754e+00  1.38695955e+00 -6.68960690e-01 -4.72032666e-01 -2.92947173e-01]
 [-6.07933998e-01  1.68175042e-01  4.35581625e-01  9.70773816e-01 -9.05169845e-02 -5.77418089e-01  1.04338872e+00  2.07027033e-01  3.62007976e-01  9.36608195e-01 -1.21793702e-01  1.32337660e-01  8.81565928e-01  2.27189004e-01  1.58165896e+00  9.40538943e-01]
 [-3.75664830e-01  3.04276552e-02  1.50453293e+00 -2.14294338e+00 -6.54256344e-02  1.82285473e-01  1.26910388e+00  8.24339092e-02 -1.79493570e+00 -3.21401834e-01 -5.60389996e-01 -1.98839188e+00  2.89000630e+00  6.51986599e-02 -1.40839911e+00 -2.51630366e-01]
 [ 2.60388327e+00 -7.34610021e-01 -8.35885108e-01  3.94137955e+00  3.09555149e+00 -2.62615681e-02 -1.17321396e+00 -3.26265916e-02 -7.19320679e+00  1.64827496e-01  1.81893325e+00 -1.91255057e+00  8.21189761e-01 -1.00135660e+00 -2.40621567e+00 -2.42407501e-01]
 [-2.35892624e-01  1.34234524e+00  2.47277021e-02 -6.24199390e-01  3.46691513e+00 -1.60540938e-02 -1.46816003e+00 -2.67292261e-01 -5.10673189e+00  2.92453766e+00  7.77877420e-02 -2.02099609e+00 -7.87939876e-02  1.36431992e-01 -1.22591853e+00  1.64617270e-01]
 [ 9.19894099e-01  2.58710571e-02  5.63833892e-01  2.67847359e-01 -2.34110840e-03 -2.41542816e+00  7.10599184e-01  4.65822577e-01 -1.42122185e+00 -2.64399707e-01 -1.81791425e+00 -7.20332414e-02  4.73705387e+00  2.20608845e-01 -2.47643620e-01  1.14654028e+00]
 [-5.46608984e-01 -1.84698850e-01  2.32514516e-02 -2.31220078e+00  1.59875691e-01 -2.01635838e-01  8.80094409e-01  8.04039240e-02  1.51540637e-01 -1.35503399e+00 -1.18117428e+00 -4.27951694e-01  8.17314327e-01 -1.04803860e+00  4.07711625e-01  6.89352453e-01]]
topics:
[[ 0.20517273  0.21148005 -0.29114437  0.05565386  0.15140384  0.04407583 -0.17575186 -0.17772654  0.06371237 -0.31204644  0.1497095   0.11946844  0.07388127 -0.4023583   0.09215851  0.42025843]
 [ 0.41991505  0.14544433  0.07445074  0.17672499 -0.1928799   0.37778595  0.03617991  0.05374027 -0.45574176 -0.15283738 -0.14715673 -0.6604317   0.4931589  -0.04931091 -0.00153973  0.36234194]
 [ 0.17863448  0.30656892  0.23851982  0.0731361   0.28938937 -0.06174466  0.78197956 -0.66967106  0.09223594 -0.3939941   0.48563486 -0.34038958 -0.2053702  -0.43519488 -0.44542578  0.39971846]
 [ 1.0453002   0.68352544 -0.55538917  0.7651278   0.1547019   0.65681064 -0.06713612  0.24857484 -0.53729385 -0.11672173  0.31574845  0.55409145  0.12102176  0.12899394  0.12914318 -0.16135524]
 [-0.47633222 -0.03633846 -0.1496554   0.80835027  0.40878856 -0.3498138  -0.42579812 -0.03416675  0.7242055  -0.05669997 -0.77285993 -0.08344938  0.07934169 -0.11031947  0.04668351  0.03465128]
 [ 0.15080963  0.33518952  0.4900075  -0.30160072 -0.16118541  0.2163895   0.038015   -0.8400583  -0.28149572  0.15825963  0.21965533 -0.19824852 -0.33131716 -0.22301266 -0.23745234 -0.3511122 ]
 [-0.05225931 -0.0224986   0.2166981   0.40021533  0.16474241  0.19168942 -0.06488837  0.05465206 -0.05418656 -0.22754677 -0.05534495 -0.12529534 -0.17459753  0.30652416 -0.1866396  -0.41013312]
 [-0.21546862 -0.05532934  0.21355246  0.45858273  0.37737837  0.25297573 -0.10545245 -0.08697977  0.30431378 -0.11059996 -0.03122669  0.3259245   0.12901713  0.2770312   0.2561619   0.23528838]
 [-0.11942933  0.3965496  -0.08429563 -0.74328536  0.10797432  0.22836895  0.06234052 -0.08302423  0.35938194  0.22877689  0.05600603 -0.37950844 -0.27632314 -0.03002131  0.3039045   0.0747216 ]
 [ 0.48041853 -0.3604675  -0.31098    -0.984325    0.78992015  0.22429302 -0.5144137   0.11695657  0.17591132  0.03099164 -0.33352244  0.763695   -0.39229736  0.2525513  -0.14737591  0.04631762]]
R:
[[1.54261198e-03 9.06717777e-03 2.16996986e-02 2.43633156e-04 6.41644656e-05 3.89412083e-02 1.84297577e-01 7.20216155e-01 4.62541403e-03 1.93023663e-02]
 [3.06377504e-02 7.39696696e-02 3.49842548e-01 8.74146968e-02 6.42616898e-02 3.79890464e-02 8.28120187e-02 7.63210580e-02 3.77303325e-02 1.59021214e-01]
 [4.42385972e-02 4.15644012e-02 4.83395845e-01 8.38328823e-02 4.98709315e-03 7.96451792e-02 5.24928905e-02 2.42231712e-02 1.31460838e-03 1.84305266e-01]
 [6.97668502e-03 5.39514646e-02 1.25467941e-01 4.51145321e-03 7.25082401e-03 1.63356692e-01 1.06925786e-01 4.40178573e-01 5.58873452e-02 3.54932547e-02]
 [6.09903112e-02 8.78251903e-03 3.42651717e-02 3.79674276e-03 9.03216191e-03 1.45609319e-01 2.22169772e-01 1.76986203e-01 1.58420384e-01 1.79947421e-01]
 [3.83598125e-03 8.55056569e-02 2.80839950e-01 2.91108876e-03 2.79781059e-03 2.32442409e-01 2.16772016e-02 5.27653471e-02 8.80350918e-03 3.08421046e-01]
 [1.32937461e-01 1.23048246e-01 1.12277672e-01 1.60471667e-02 1.56077500e-02 1.33159816e-01 9.74794775e-02 1.51042026e-02 2.18734648e-02 3.32464755e-01]
 [2.98784319e-02 9.51479822e-02 4.20158565e-01 4.70033661e-03 5.62586002e-02 1.21386841e-01 8.35398491e-03 1.43580697e-02 6.88381493e-02 1.80919036e-01]
 [4.67975065e-02 2.78138556e-02 6.72435760e-02 4.55700122e-02 1.43078668e-02 1.43872723e-01 8.63368660e-02 2.18923073e-02 1.17268451e-02 5.34438431e-01]
 [6.00070804e-02 4.81279381e-02 1.98700488e-01 1.65438727e-02 4.19875458e-02 3.19389731e-01 1.72577649e-02 2.58486196e-02 4.66527455e-02 2.25484163e-01]
 [1.90876778e-02 1.39673248e-01 4.04008627e-01 5.61229661e-02 3.56126875e-02 2.08545640e-01 4.48695803e-03 8.11829641e-02 2.44345162e-02 2.68447325e-02]
 [2.51795948e-02 5.59439845e-02 6.50869533e-02 3.53243249e-03 9.64056794e-03 1.73987031e-01 1.97974164e-02 1.05406724e-01 7.16006532e-02 4.69824642e-01]
 [5.07472083e-03 8.52409471e-03 1.68807469e-02 3.58418957e-03 3.04287323e-03 2.72349231e-02 4.44397051e-03 1.63725987e-02 6.98299427e-03 9.07858670e-01]
 [3.37642357e-02 8.90249461e-02 1.01647250e-01 3.60414432e-03 5.52058127e-03 1.48037747e-01 8.71884897e-02 4.80450392e-02 2.77299676e-02 4.55437571e-01]
 [4.00693789e-02 2.24757250e-02 2.16255099e-01 2.19839755e-02 5.69101237e-02 1.39933422e-01 1.07340254e-02 1.44260392e-01 1.52276114e-01 1.95101738e-01]
 [1.29058659e-02 1.43735474e-02 1.88443899e-01 6.39926270e-02 5.95301809e-03 1.87095925e-01 4.90800142e-02 2.28350863e-01 3.47053073e-02 2.15098992e-01]]
cosine similarity of topic:
[[ 1.00000060e+00 -3.34086690e-05 -2.19680605e-05 -2.92235427e-06 -5.68453470e-05 -3.54130025e-05 -1.64082903e-05 -5.97515209e-05  3.67695930e-06  1.04887431e-05]
 [-3.34086690e-05  9.99999821e-01  1.10818055e-05 -1.45159083e-05 -2.75235925e-06  2.67430278e-05 -3.15658690e-05 -1.56520600e-05 -8.44289389e-06  2.58056680e-05]
 [-2.19680605e-05  1.10818055e-05  9.99999881e-01 -1.87381538e-05 -1.23704622e-05 -2.14873926e-05 -6.51842265e-06  2.92140794e-05 -1.43326906e-05  2.24124233e-05]
 [-2.92235427e-06 -1.45159083e-05 -1.87381538e-05  1.00000000e+00 -6.88782575e-06  5.48449898e-05  8.95885023e-06 -8.38797678e-06 -6.14361443e-06  2.24018208e-06]
 [-5.68453470e-05 -2.75235925e-06 -1.23704622e-05 -6.88782575e-06  9.99999821e-01 -5.68467613e-06 -3.79068515e-05 -2.22045765e-05  5.81514826e-07 -1.06826319e-05]
 [-3.54130025e-05  2.67430278e-05 -2.14873926e-05  5.48449898e-05 -5.68467613e-06  1.00000000e+00 -5.94221456e-05 -1.06053987e-04 -5.38271051e-05  2.15547843e-05]
 [-1.64082903e-05 -3.15658690e-05 -6.51842265e-06  8.95885023e-06 -3.79068515e-05 -5.94221456e-05  1.00000024e+00  3.42766216e-05 -2.83512181e-05 -2.38925113e-05]
 [-5.97515209e-05 -1.56520600e-05  2.92140794e-05 -8.38797678e-06 -2.22045765e-05 -1.06053987e-04  3.42766216e-05  1.00000000e+00  1.68506122e-05 -1.70368912e-05]
 [ 3.67695930e-06 -8.44289389e-06 -1.43326906e-05 -6.14361443e-06  5.81514826e-07 -5.38271051e-05 -2.83512181e-05  1.68506122e-05  9.99999762e-01  6.78714205e-05]
 [ 1.04887431e-05  2.58056680e-05  2.24124233e-05  2.24018208e-06 -1.06826319e-05  2.15547843e-05 -2.38925113e-05 -1.70368912e-05  6.78714205e-05  1.00000000e+00]]
