hidden representaion(r*topic):
[[-1.29281014e-01  9.85994488e-02 -4.53050807e-02  4.20074224e-01  4.05047625e-01 -5.52389584e-02 -1.38628393e-01 -1.53458238e-01  4.34947431e-01 -1.23627730e-01 -3.24406803e-01  1.15309879e-02 -4.72365767e-02 -7.97631592e-02 -1.76617373e-02  7.70521685e-02]
 [-6.28097281e-02  1.44591302e-01 -1.20732971e-02  3.63281667e-01  3.31690133e-01  9.05870870e-02 -1.22779109e-01 -1.33688539e-01  3.12576115e-01 -7.34161437e-02 -1.94593355e-01  4.75056097e-02 -2.64952257e-02  2.79994588e-03  6.19135909e-02  6.05065413e-02]
 [-1.61720440e-03  2.61161417e-01 -2.79528238e-02 -8.84340107e-02  2.09083766e-01  1.94140002e-01 -3.44904438e-02 -1.23564124e-01  2.37357855e-01  4.47800644e-02 -4.95043062e-02 -1.19725488e-01 -1.54234111e-01  5.48776705e-03  1.00693256e-01  3.43106757e-03]
 [-1.07992291e-02  1.54819235e-01 -8.01112130e-03  1.93712503e-01  2.58218139e-01  1.09195739e-01 -1.22051805e-01 -1.44897133e-01  2.18886971e-01 -7.10297599e-02 -1.56779557e-01 -3.82971950e-02 -6.47975877e-02 -2.49163993e-02  2.16409378e-02  2.00704243e-02]
 [ 6.57295510e-02  1.87865824e-01 -5.25543094e-03  4.47382927e-02  2.87592560e-01  1.49315372e-01  2.29641013e-02 -1.75288573e-01  1.87225580e-01 -8.85709152e-02 -3.29064354e-02 -2.84602568e-02 -1.15849502e-01 -3.79773378e-02 -1.64330732e-02  8.01586658e-02]
 [-3.80350798e-02  2.53658831e-01 -1.22808162e-02 -2.59502620e-01  2.07529873e-01  2.30945840e-01 -1.46307983e-02 -1.18415050e-01  2.78042078e-01  9.00416374e-02 -1.17885796e-02 -1.33688092e-01 -1.74109593e-01  2.77199987e-02  1.57050535e-01  5.47646582e-02]
 [-6.12331554e-04  2.33332783e-01 -1.70556977e-02 -1.39105663e-01  1.79381892e-01  2.11233303e-01 -3.20388749e-02 -8.01344961e-02  1.98971644e-01  2.06030104e-02 -3.89227942e-02 -1.79144681e-01 -1.36770949e-01  2.42605247e-02  9.69280154e-02  1.55223133e-02]
 [-1.07487261e-01  1.18777946e-01 -1.58152394e-02  4.45422202e-01  3.49195600e-01  3.74359339e-02 -1.68056920e-01 -1.29155219e-01  3.58310074e-01 -8.27115700e-02 -2.73391396e-01  3.89476344e-02 -1.64921992e-02 -7.66627816e-03  4.72219810e-02  3.90587524e-02]
 [ 8.08605924e-04  3.07820022e-01 -2.13540383e-02 -2.36991853e-01  1.53210878e-01  2.40147471e-01 -3.15289106e-03 -1.30585089e-01  2.23293692e-01  1.06363527e-01  5.13118692e-04 -1.82823017e-01 -1.65221468e-01  2.73357797e-03  1.52207419e-01  2.16573924e-02]
 [-4.90066633e-02  2.01183155e-01  1.58138014e-02  6.41891360e-02  2.59887516e-01  1.76893711e-01 -2.95893941e-02 -1.31909072e-01  2.71483958e-01 -5.14516700e-03 -6.52956516e-02 -5.76013848e-02 -9.63748246e-02  2.75270268e-02  1.01752602e-01  6.01232871e-02]
 [-3.82777229e-02  1.64105549e-01  8.83729011e-02  2.74650335e-01  2.40073293e-01  8.71023014e-02 -8.00720006e-02 -2.60407180e-01  1.95771709e-01 -5.64717948e-02 -1.46711290e-01 -4.84333411e-02 -9.00922641e-02 -4.10036109e-02 -3.48613672e-02 -5.08176908e-02]
 [-1.11805499e-01  4.16371465e-01 -9.70006883e-02 -7.22504318e-01  1.01139061e-01  2.83855975e-01  1.26991561e-02 -7.45030344e-02  4.06497270e-01  3.06687623e-01  3.48888710e-02 -3.33509237e-01 -2.76968777e-01  1.19962683e-03  3.38873476e-01  6.75974861e-02]
 [-4.06587124e-02  2.01859742e-01  1.40821775e-02  1.27586380e-01  2.19761536e-01  1.45569965e-01 -8.55168104e-02 -1.40852451e-01  2.33798251e-01 -4.30070423e-03 -1.29683763e-01 -9.99144241e-02 -8.26167315e-02  2.80415500e-03  7.02655315e-02 -1.84863829e-03]
 [ 8.21264684e-02  2.62483954e-01  1.03425905e-01  2.58497782e-02  2.12485850e-01  1.55064821e-01  1.70728132e-01 -3.27193797e-01  9.91938040e-02 -8.37838352e-02  9.62826759e-02 -1.16251580e-01 -1.66186750e-01 -9.55842957e-02 -9.01665390e-02  2.80195344e-02]
 [ 1.38329118e-02  2.47432724e-01  8.89966823e-03  1.26863867e-02  2.09440544e-01  2.06866190e-01  6.70241192e-04 -1.29322946e-01  1.89476714e-01 -2.02506781e-05 -1.65771842e-02 -1.06944054e-01 -1.27295911e-01  2.44210698e-02  7.25295618e-02  1.95038156e-03]
 [ 5.28274104e-04  3.10562193e-01 -4.01372835e-02 -3.67081165e-01  1.64011151e-01  2.39210486e-01  3.27910408e-02 -1.14778042e-01  2.44740337e-01  1.00977845e-01  3.50646973e-02 -2.12438539e-01 -2.10554689e-01 -5.02064265e-03  1.44106165e-01  4.01567928e-02]]
R_hid(hidden representaion to predict r):
[[0.0000000e+00 1.5236628e+00 0.0000000e+00 1.3317400e+00 0.0000000e+00 0.0000000e+00 1.3808904e+00 0.0000000e+00 2.1452475e-01 2.4379660e-01 0.0000000e+00 0.0000000e+00 3.9247972e-01 0.0000000e+00 0.0000000e+00 0.0000000e+00]
 [0.0000000e+00 5.3043413e-01 0.0000000e+00 1.0976517e+00 6.0141224e-01 1.2010555e-01 0.0000000e+00 1.0196106e-01 0.0000000e+00 0.0000000e+00 1.2390703e+00 0.0000000e+00 0.0000000e+00 1.5107925e+00 0.0000000e+00 1.4722366e+00]
 [6.2942043e-02 0.0000000e+00 1.1799004e+00 0.0000000e+00 1.3737841e-01 0.0000000e+00 0.0000000e+00 2.3383045e+00 3.6454834e-02 0.0000000e+00 2.4975462e-01 4.2529792e-01 0.0000000e+00 8.1074393e-01 0.0000000e+00 1.2924098e+00]
 [5.1216427e-02 0.0000000e+00 0.0000000e+00 1.4403999e+00 0.0000000e+00 7.0404017e-01 0.0000000e+00 0.0000000e+00 0.0000000e+00 0.0000000e+00 0.0000000e+00 0.0000000e+00 0.0000000e+00 1.4161006e+00 0.0000000e+00 0.0000000e+00]
 [0.0000000e+00 1.1688838e+00 2.3535725e-01 1.6666107e+00 0.0000000e+00 7.7642751e-01 1.6451180e+00 3.4845769e-01 0.0000000e+00 1.1330036e+00 0.0000000e+00 2.0269215e-01 1.5593271e-01 0.0000000e+00 0.0000000e+00 0.0000000e+00]
 [0.0000000e+00 0.0000000e+00 7.7877885e-01 8.5257757e-01 0.0000000e+00 2.1418981e-02 0.0000000e+00 1.4219511e+00 1.2596181e-01 0.0000000e+00 0.0000000e+00 0.0000000e+00 0.0000000e+00 0.0000000e+00 0.0000000e+00 0.0000000e+00]
 [1.3375090e+00 0.0000000e+00 6.4520448e-01 2.0764134e+00 0.0000000e+00 9.7996253e-01 0.0000000e+00 4.8605943e-01 0.0000000e+00 0.0000000e+00 0.0000000e+00 8.3779484e-01 0.0000000e+00 0.0000000e+00 0.0000000e+00 0.0000000e+00]
 [0.0000000e+00 6.8168938e-01 0.0000000e+00 1.9114761e+00 1.5282403e-05 2.8240146e-02 1.5991214e-01 7.3810273e-01 6.4030409e-01 1.4474393e-01 4.0686965e-01 0.0000000e+00 1.1158437e+00 0.0000000e+00 0.0000000e+00 1.2258663e+00]
 [0.0000000e+00 0.0000000e+00 6.7886394e-01 0.0000000e+00 4.1377386e-01 0.0000000e+00 0.0000000e+00 1.8081561e+00 0.0000000e+00 0.0000000e+00 0.0000000e+00 0.0000000e+00 0.0000000e+00 2.4738511e-01 0.0000000e+00 0.0000000e+00]
 [0.0000000e+00 5.1505578e-01 0.0000000e+00 3.1548911e-01 0.0000000e+00 2.1584696e-01 0.0000000e+00 2.0080049e+00 2.7914479e-01 0.0000000e+00 1.7541896e+00 0.0000000e+00 0.0000000e+00 3.1766525e-01 0.0000000e+00 7.3757768e-01]
 [0.0000000e+00 1.5514331e+00 0.0000000e+00 1.4093201e-01 8.2963890e-01 0.0000000e+00 0.0000000e+00 1.0239761e+00 7.6842129e-01 7.2813553e-01 6.5196931e-01 0.0000000e+00 0.0000000e+00 6.2684107e-01 0.0000000e+00 4.6037352e-01]
 [0.0000000e+00 0.0000000e+00 1.3742933e+00 1.0226370e+00 0.0000000e+00 5.0537044e-01 0.0000000e+00 2.1508415e+00 2.1573736e-01 9.2184776e-01 7.3411882e-01 0.0000000e+00 0.0000000e+00 0.0000000e+00 0.0000000e+00 1.0795927e-02]
 [0.0000000e+00 0.0000000e+00 0.0000000e+00 3.1651291e-01 1.3118225e+00 0.0000000e+00 0.0000000e+00 0.0000000e+00 0.0000000e+00 0.0000000e+00 3.5722259e-01 0.0000000e+00 4.1033790e-01 0.0000000e+00 0.0000000e+00 0.0000000e+00]
 [0.0000000e+00 1.8932525e+00 0.0000000e+00 0.0000000e+00 1.9987628e-01 0.0000000e+00 0.0000000e+00 2.2696235e+00 0.0000000e+00 2.7018771e+00 1.5329617e+00 0.0000000e+00 0.0000000e+00 6.7373300e-01 0.0000000e+00 0.0000000e+00]
 [0.0000000e+00 1.0899992e+00 9.4193053e-01 1.8388408e+00 3.8639873e-01 7.2558010e-01 0.0000000e+00 1.4621876e+00 0.0000000e+00 3.9715767e-01 1.5199873e+00 0.0000000e+00 8.2428259e-01 3.7219959e-01 0.0000000e+00 3.8211790e-01]
 [1.1484636e+00 0.0000000e+00 1.9211107e+00 8.7738234e-01 0.0000000e+00 1.3932130e+00 0.0000000e+00 3.8558626e-01 0.0000000e+00 0.0000000e+00 0.0000000e+00 2.7432448e-01 0.0000000e+00 3.6542377e-01 5.3986835e-01 0.0000000e+00]]
topics:
[[ 2.52702534e-01  2.51032203e-01 -3.39863777e-01  6.33416176e-02  2.05024332e-01  5.28247617e-02 -1.64851755e-01 -2.07407057e-01  6.32296056e-02 -3.96101266e-01  1.95705369e-01  1.50864169e-01  6.67108074e-02 -4.44626659e-01  5.92999645e-02  4.87068683e-01]
 [ 4.42833662e-01  1.57797769e-01  1.13270596e-01  2.13857546e-01 -2.73298770e-01  4.01673228e-01  1.09845161e-01  1.04651593e-01 -5.76635122e-01 -1.72820345e-01 -1.54181451e-01 -7.55662203e-01  5.99255741e-01 -3.86399068e-02  1.45867253e-02  3.89652818e-01]
 [ 2.09340587e-01  4.11166191e-01  2.32609108e-01  1.16743416e-01  3.56052279e-01 -5.56651428e-02  1.07184577e+00 -6.78332984e-01  7.84520507e-02 -4.96731192e-01  5.87562740e-01 -3.50180000e-01 -2.20056996e-01 -4.82202500e-01 -5.07399261e-01  4.53792155e-01]
 [ 1.15697491e+00  8.21759105e-01 -6.77994728e-01  8.53906572e-01  1.78370968e-01  7.59621501e-01 -7.01255500e-02  3.18900943e-01 -5.94687402e-01 -7.93194398e-02  3.82705957e-01  6.53179705e-01  9.35398638e-02  2.00975746e-01  2.11571723e-01 -1.72921017e-01]
 [-5.36826909e-01 -4.30487357e-02 -1.29094660e-01  9.33495760e-01  5.19928455e-01 -4.01447892e-01 -5.09589076e-01 -5.16250841e-02  8.90623212e-01 -9.36287865e-02 -9.05790806e-01 -5.84640428e-02  6.75588995e-02 -1.31528467e-01  5.51410988e-02  1.60030574e-02]
 [ 1.13059700e-01  3.17935735e-01  5.62199116e-01 -3.33033621e-01 -1.88670501e-01  2.50398219e-01  6.03949390e-02 -9.69156682e-01 -3.29173207e-01  1.99576542e-01  2.27431729e-01 -2.09920585e-01 -3.37161660e-01 -2.23470405e-01 -2.35896632e-01 -3.94852132e-01]
 [-4.18994986e-02 -1.15711428e-02  2.28045270e-01  4.57159072e-01  1.94858178e-01  2.21785843e-01 -9.89561230e-02  6.67263493e-02 -7.07318857e-02 -2.52743989e-01 -6.59300759e-02 -1.68878585e-01 -2.00094447e-01  3.46969455e-01 -2.14015499e-01 -4.75793809e-01]
 [-2.56599277e-01 -6.45934790e-02  2.32191861e-01  5.27796149e-01  4.33272302e-01  3.05184692e-01 -1.49147689e-01 -1.14796445e-01  3.78893584e-01 -6.27650470e-02 -5.61494194e-02  3.69086564e-01  1.45857289e-01  2.94876873e-01  3.07025582e-01  2.65700996e-01]
 [-1.40017614e-01  4.56993043e-01 -1.17697954e-01 -8.34556818e-01  7.47757405e-02  2.96947509e-01  1.51318228e-02 -5.87174408e-02  4.46720302e-01  3.64505976e-01  4.36453559e-02 -3.84864360e-01 -3.04225266e-01  1.18476404e-04  3.90519232e-01  6.60894364e-02]
 [ 5.37178695e-01 -4.17698711e-01 -3.80628318e-01 -1.06087017e+00  9.15254951e-01  2.28680730e-01 -5.63073695e-01  8.94340649e-02  2.29069829e-01 -1.34857923e-01 -3.96719545e-01  9.10744250e-01 -4.94369417e-01  2.00512633e-01 -2.68066585e-01  8.61788467e-02]]
R:
[[0.0240321  0.01462919 0.1409411  0.05498708 0.45016357 0.0443072  0.04293989 0.09749983 0.06141406 0.06908598]
 [0.02534401 0.02451179 0.08334734 0.09110512 0.2965538  0.06714087 0.0593719  0.21290958 0.10225724 0.03745839]
 [0.02046096 0.02840277 0.0699385  0.07076227 0.1348751  0.07470904 0.1180392  0.0683452  0.3722381  0.04222883]
 [0.08477186 0.05694426 0.05344176 0.05719295 0.23418662 0.10055615 0.12723534 0.09409329 0.13863595 0.0529418 ]
 [0.04585689 0.04788278 0.1604904  0.06307635 0.14052628 0.06904857 0.09569152 0.10506532 0.17918557 0.09317627]
 [0.0193652  0.02914436 0.06392954 0.02788026 0.06145537 0.04939811 0.09027166 0.13337718 0.4698437  0.05533457]
 [0.05726001 0.07211227 0.05185133 0.03019935 0.0811957  0.03463101 0.18892369 0.05340956 0.3879641  0.04245298]
 [0.01953913 0.02283602 0.07209506 0.08390976 0.37421057 0.07045934 0.06793239 0.18439674 0.07062779 0.03399319]
 [0.01562607 0.047874   0.05616032 0.06012979 0.07795513 0.08411791 0.08447202 0.07010864 0.47593    0.0276261 ]
 [0.01624046 0.03007311 0.09179842 0.05417821 0.14512834 0.05133365 0.10036258 0.19773975 0.27982    0.03332552]
 [0.01485322 0.02987577 0.08608275 0.06494758 0.27130598 0.20909241 0.11564054 0.10700208 0.07158997 0.02960974]
 [0.00456584 0.00953425 0.01616619 0.00634642 0.01127777 0.01265813 0.01271559 0.02379571 0.88849664 0.01444346]
 [0.02500369 0.05585633 0.05212925 0.06299393 0.2108723  0.1023062  0.12214391 0.10897727 0.23671931 0.02299778]
 [0.01409496 0.02301177 0.23885295 0.06428047 0.09726333 0.17831877 0.10533018 0.07324741 0.16417821 0.04142199]
 [0.01588485 0.03645268 0.09235319 0.07684407 0.11037131 0.07041646 0.15631133 0.11069034 0.30412772 0.02654809]
 [0.03702043 0.03441235 0.08168    0.03167471 0.03505207 0.04134772 0.11687788 0.03230331 0.5422665  0.04736508]]
cosine similarity of topic:
[[ 9.99999940e-01  3.05030553e-05 -3.64105836e-05 -5.73142097e-05 -1.21432759e-05  5.75657123e-06 -1.41300497e-05 -1.18329162e-05  2.49213754e-05  1.19039339e-06]
 [ 3.05030553e-05  1.00000000e+00  2.60554880e-05 -8.55357121e-06 -5.47346417e-06 -7.29695148e-06  1.33821932e-05  5.39904067e-05 -1.41740702e-05 -1.49149573e-05]
 [-3.64105836e-05  2.60554880e-05  9.99999762e-01  3.31465671e-05  2.36340584e-05  3.02731678e-05  1.16344545e-05 -4.40756094e-06 -4.90286839e-05 -8.32483056e-06]
 [-5.73142097e-05 -8.55357121e-06  3.31465671e-05  9.99999940e-01  1.55822033e-06 -3.94382223e-05 -5.11701655e-05  2.44183502e-06  2.19946778e-05 -2.37021868e-06]
 [-1.21432759e-05 -5.47346417e-06  2.36340584e-05  1.55822033e-06  1.00000000e+00 -3.14028402e-05  3.35584155e-05  1.45787017e-05  4.90539787e-06  4.48103538e-06]
 [ 5.75657123e-06 -7.29695148e-06  3.02731678e-05 -3.94382223e-05 -3.14028402e-05  9.99999940e-01  3.92477232e-05 -4.30472355e-05  1.12020471e-05  6.35222477e-06]
 [-1.41300497e-05  1.33821932e-05  1.16344545e-05 -5.11701655e-05  3.35584155e-05  3.92477232e-05  1.00000036e+00  4.38542912e-07  2.45644314e-05 -2.40858026e-05]
 [-1.18329162e-05  5.39904067e-05 -4.40756094e-06  2.44183502e-06  1.45787017e-05 -4.30472355e-05  4.38542912e-07  1.00000012e+00 -1.73050939e-05 -7.23728590e-06]
 [ 2.49213754e-05 -1.41740702e-05 -4.90286839e-05  2.19946778e-05  4.90539787e-06  1.12020471e-05  2.45644314e-05 -1.73050939e-05  1.00000012e+00 -2.53358248e-05]
 [ 1.19039339e-06 -1.49149573e-05 -8.32483056e-06 -2.37021868e-06  4.48103538e-06  6.35222477e-06 -2.40858026e-05 -7.23728590e-06 -2.53358248e-05  1.00000024e+00]]
