hidden representaion(r*topic):
[[ 8.00834894e-02  1.06067374e-01 -2.25158036e-01  4.03509140e-02  2.65756726e-01  1.17784776e-02 -2.38052428e-01 -9.75769162e-02  2.10149348e-01 -1.98224932e-01 -8.87575373e-02  1.09026089e-01 -1.59997866e-02 -2.14724243e-01  6.12853095e-02  2.46409789e-01]
 [ 3.15699667e-01  3.54805440e-01  2.95165624e-03  2.40165010e-01  1.07103221e-01  3.09477806e-01 -2.75317095e-02 -2.26345137e-01 -1.37020394e-01 -9.54895839e-03  1.15250185e-01  1.01058073e-01 -5.45743890e-02 -1.24929668e-02  2.33982578e-02 -9.00825486e-02]
 [ 8.12643170e-02  2.42798030e-01  2.64479220e-01 -5.47848083e-03  1.53525770e-01  5.75096235e-02  2.71972448e-01 -5.87188601e-01  3.21979485e-02 -1.17190585e-01  1.88630655e-01 -1.84666336e-01 -2.06376821e-01 -2.40869015e-01 -2.43595287e-01  4.93383147e-02]
 [ 4.99439269e-01  3.74166459e-01 -3.54337245e-01  3.91142815e-01  1.49912551e-01  2.77231485e-01 -1.37785733e-01  2.25352328e-02 -1.60820141e-01 -2.06632033e-01  1.18823528e-01  2.20210180e-01  1.13814101e-01 -1.39341995e-01  1.06188625e-01  1.55486092e-01]
 [ 4.95250002e-02  5.12211844e-02 -1.64660782e-01 -2.42769554e-01  3.43239427e-01  8.32127482e-02 -2.30861694e-01 -3.23264524e-02  2.72363365e-01 -3.72273140e-02 -1.76880658e-01  8.97089168e-02 -1.52501360e-01 -2.45776996e-02  4.71002944e-02  9.43158045e-02]
 [ 2.25809574e-01  2.83588171e-01 -1.64009988e-01  5.45611084e-01  2.53558904e-01  1.34543508e-01 -7.71038309e-02 -8.50378871e-02  7.36210868e-02 -1.11170992e-01 -8.72491971e-02  1.12541363e-01  1.82919800e-02 -5.20055667e-02 -8.24293960e-03 -8.93095788e-03]
 [ 4.30831373e-01  2.49312714e-01 -6.20653778e-02  1.63520232e-01 -8.07177275e-02  3.71867687e-01  7.66981952e-03  4.78407741e-02 -3.36302936e-01 -1.21497452e-01 -3.88103686e-02 -3.94059747e-01  3.27045411e-01 -4.94630076e-02  5.55972084e-02  2.61629909e-01]
 [ 2.07741022e-01  2.48186156e-01  7.63685927e-02  2.58570969e-01  1.15722410e-01  2.98185259e-01 -4.17894907e-02 -1.90823793e-01 -8.85526389e-02 -3.93672958e-02  5.00113852e-02  4.54382673e-02  3.08948494e-02  3.38029824e-02  6.48522004e-02  1.22342566e-02]
 [-4.70876843e-02  1.45799369e-01 -4.83324155e-02 -1.20275959e-01  3.10209394e-01  3.64772156e-02 -1.14116929e-02 -1.73407704e-01  3.28405052e-01 -2.03265119e-02 -1.13045171e-01 -1.01167969e-01 -1.59571245e-01 -8.49618092e-02 -6.00434095e-03  1.01334147e-01]
 [-3.60062122e-02  1.72990367e-01  2.05997139e-01 -2.62558460e-05  1.58843741e-01  1.27332494e-01 -2.00284049e-02 -3.96018058e-01  1.22880287e-01  1.89507473e-02 -2.78786011e-03 -5.23342341e-02 -1.45843163e-01 -6.18377402e-02 -2.32826807e-02 -2.69548558e-02]
 [ 4.44664471e-02  2.03484893e-01  3.31914544e-01  4.88698296e-02  1.21094026e-01  1.67872161e-01  1.59797013e-01 -5.24559319e-01 -1.83792599e-02 -7.47445375e-02  1.88117161e-01 -7.00201169e-02 -1.57942772e-01 -9.45028961e-02 -1.19836487e-01 -3.00846528e-03]
 [-2.16691196e-02  2.82720715e-01 -6.26032474e-03 -2.81063974e-01  1.44339681e-01  2.15166718e-01  2.20179595e-02 -1.48374662e-01  2.08206505e-01  1.05199978e-01  1.80007424e-02 -2.16036052e-01 -1.25302687e-01 -2.39286907e-02  1.54945731e-01  7.37128481e-02]
 [ 4.63271409e-01  4.46635038e-01 -2.52255291e-01  9.53836218e-02  9.15881544e-02  4.02520984e-01  4.19942103e-03  4.38216515e-02 -1.63064212e-01 -1.74164474e-02  1.41947374e-01 -8.12461786e-03  4.14415747e-02 -8.50561261e-03  1.46212906e-01  6.16862327e-02]
 [ 1.10189103e-01  2.98635632e-01  3.33337843e-01 -1.68303937e-01  3.42223123e-02  1.55421853e-01  2.26962700e-01 -6.38360202e-01 -8.11657533e-02 -1.27966180e-02  2.45847538e-01 -2.14257911e-01 -2.40881398e-01 -2.11534679e-01 -1.94892302e-01 -5.28297760e-02]
 [ 9.42582339e-02  3.09044570e-01  3.00590277e-01 -2.54098803e-01  7.63782125e-04  1.83439836e-01  1.56401694e-01 -5.77645540e-01 -7.60698691e-02  5.21939322e-02  2.00719535e-01 -2.45454550e-01 -2.50062287e-01 -1.75911427e-01 -1.43565774e-01 -1.05464451e-01]
 [-1.90396443e-01 -2.26660557e-02 -1.30865753e-01  3.27303082e-01  4.37017858e-01 -1.67123467e-01 -2.68237531e-01 -8.86224210e-02  5.20226896e-01 -7.20392019e-02 -4.81943190e-01  2.27057114e-02 -4.78561297e-02 -8.39017257e-02 -4.06481735e-02  7.98372626e-02]]
R_hid(hidden representaion to predict r):
[[ 1.2252238  -0.8772229  -1.4477941  -1.166131   -1.4566174  -1.2741735  -1.1942565  -1.4432383   4.829675   -0.8418082  -1.4095707   0.44528148  1.3885322  -1.3620967   0.417238    1.8238606 ]
 [-0.96588135 -1.3839133  -0.28997442 -1.3736796  -1.4577388  -1.3958889  -0.9476851  -1.140436   -1.4007717  -1.4577388   4.721776   -1.0478477  -1.3889402  -1.4091944   0.86399513 -1.341087  ]
 [-0.90355074 -1.286767   -1.1086594  -1.0553043   1.5258172  -1.3101867  -1.4287665  -1.4575738  -0.17290121 -1.137596    5.1769257  -0.78050023  1.1095072  -1.3934203  -1.4577388   0.72296673]
 [ 0.21519253 -1.2905718  -0.30589604  2.2456694  -1.0579357   0.34513688  0.23788238 -1.0876106   1.6957749  -0.60221136 -0.6127121   1.5636156  -1.4577388  -0.25066563 -0.9923897   2.7012277 ]
 [ 0.1695373  -0.86763656 -1.4088893   0.2632948  -1.4523772  -0.01037839 -1.3239017  -1.4124849  -1.4577388   0.3431052  -1.1981087  -0.54722625 -0.33129883 -1.0677205   1.290431   -0.19485345]
 [-0.5062812  -1.4008011  -0.78330165  0.07390598  0.96225506 -0.33522445 -1.2795978  -0.90762484 -1.420796   -0.48622632  2.9613514   2.967464    1.2089827  -1.1732194  -1.1687263  -0.66917   ]
 [-0.5394034   0.4390681   1.5192807  -1.1971164  -0.17466742 -1.4577388   1.2675233   1.5840498   4.035425    0.47385907 -0.3410142  -1.2979     -0.41260308 -0.56953734 -0.44424164 -1.2422266 ]
 [-0.52287596 -0.700921    0.18156362 -1.4577388   1.4984426  -1.0723361   0.5220697   0.6124934  -1.4577388  -0.18247625  3.8596916   0.65662634 -1.4434184  -0.17334977  0.51849943 -1.0088451 ]
 [-1.0891095  -1.4577388  -1.355397   -0.9017714  -0.02402866 -0.8612888  -1.339921   -1.2760394  -1.4577388  -1.2523516   1.2292088  -1.374731   -1.2091845  -1.4526002  -0.7676983  -1.313895  ]
 [ 0.58362937 -1.3112942  -1.4496956  -0.91130066  0.74434    -1.2117251  -1.3905213   0.37266105 -0.9226564  -0.80033976  3.4939485  -1.1365343  -1.449979   -1.3741589   1.2998219   0.10306907]
 [-1.4182899  -0.48823375  2.1470494   0.82004756  4.920418   -0.5324882   1.5672039  -1.2272416  -1.4335996  -1.3597022  -1.4577388   0.5200937   1.9192456   2.084971   -0.8306086  -1.254385  ]
 [-0.8929874  -1.0605286   0.36784893 -1.2793039   2.6378174  -1.1524154   0.4214299  -1.4577388  -1.3269323  -1.3337711   1.7716014  -1.0736058  -1.4142451  -1.3337775  -0.7684552   0.9748405 ]
 [-0.5672015  -0.34485668  0.4121108  -0.536315   -1.3132561   1.5759043  -0.27110323  4.015071    1.1694323  -1.4577388  -1.0933625  -1.3723631  -1.3305144  -0.77827007 -0.66702616 -1.155255  ]
 [-0.47124624  0.55812955 -1.1369439  -1.4262937   1.9539323   1.0825465   0.7058299  -1.4577388  -0.05440626 -1.4194117   2.065679   -1.4203371  -1.3408675   1.287205   -1.1046778  -1.4509356 ]
 [-0.91805303  2.308796   -1.4577388  -1.3931704   3.1299362   0.30683345  0.43751633  0.8573024  -0.9245149  -1.1935202   2.1279907  -1.4577388  -0.47433704 -1.4204776   1.0775876  -1.4577388 ]
 [-1.0189894  -1.2805355  -1.2876202  -1.2844305  -1.3700459  -1.40288    -1.3686422  -1.3574865  -0.42970073  2.888949    1.4101363  -1.292719   -0.20362484 -1.4569501  -0.93688107  0.12733002]]
topics:
[[ 2.06126854e-01  2.16929302e-01 -2.89637327e-01  5.69013581e-02  1.50092378e-01  4.05747034e-02 -1.78695753e-01 -1.70455128e-01  6.14459589e-02 -3.30522716e-01  1.45907477e-01  1.20487273e-01  6.93961903e-02 -4.01414782e-01  1.07756048e-01  4.27539289e-01]
 [ 4.18989629e-01  1.44866750e-01  7.23385885e-02  1.77293003e-01 -1.92573249e-01  3.79503548e-01  4.12272811e-02  5.43378852e-02 -4.52264816e-01 -1.54401943e-01 -1.45134330e-01 -6.62468195e-01  4.93247122e-01 -4.69368435e-02  5.67877214e-05  3.63216460e-01]
 [ 1.77083954e-01  3.15951407e-01  2.28133008e-01  7.27308020e-02  2.98800200e-01 -3.97991911e-02  7.98193693e-01 -6.65403843e-01  8.79177377e-02 -4.03078943e-01  4.85509038e-01 -3.41141313e-01 -2.00111464e-01 -4.30925727e-01 -4.29310888e-01  4.00362462e-01]
 [ 1.05369735e+00  6.90441489e-01 -5.54294229e-01  7.66066015e-01  1.50525510e-01  6.53959453e-01 -6.55333251e-02  2.51839131e-01 -5.51720738e-01 -1.13538176e-01  3.14968795e-01  5.54692686e-01  1.18774056e-01  1.28607944e-01  1.43508464e-01 -1.59772158e-01]
 [-4.65714902e-01 -4.21860963e-02 -1.57660335e-01  8.11527133e-01  4.19507593e-01 -3.43467921e-01 -4.27260906e-01 -4.30199578e-02  7.38744020e-01 -4.19037975e-02 -7.73004174e-01 -7.97591656e-02  8.71993825e-02 -1.11818574e-01  2.48349290e-02  2.54896060e-02]
 [ 1.51418388e-01  3.31042677e-01  4.88255233e-01 -3.03644061e-01 -1.57367781e-01  2.14028612e-01  3.10113374e-02 -8.33659947e-01 -2.81098962e-01  1.56395927e-01  2.16223612e-01 -1.90831557e-01 -3.34336281e-01 -2.18086541e-01 -2.36616701e-01 -3.46496344e-01]
 [-5.23209125e-02 -2.18633953e-02  2.15889469e-01  4.00072396e-01  1.61407501e-01  1.90937206e-01 -6.57382086e-02  5.34635559e-02 -5.43777421e-02 -2.23224789e-01 -5.55754602e-02 -1.23175561e-01 -1.74977675e-01  3.06454897e-01 -1.86144695e-01 -4.10830617e-01]
 [-2.20161662e-01 -4.38122898e-02  2.26948068e-01  4.70878512e-01  3.81717235e-01  2.53205746e-01 -1.08787596e-01 -7.55584762e-02  2.95528561e-01 -1.30483836e-01 -4.10706252e-02  3.20947647e-01  1.23964436e-01  2.84083158e-01  2.97749281e-01  2.45951101e-01]
 [-1.26384035e-01  3.99303377e-01 -9.81806517e-02 -7.55231380e-01  1.22361682e-01  2.46845096e-01  6.98339194e-02 -9.25872400e-02  3.70357931e-01  2.83715993e-01  6.58435971e-02 -3.83211344e-01 -2.66522199e-01 -2.91978680e-02  2.88031697e-01  6.18337542e-02]
 [ 4.80987966e-01 -3.62506866e-01 -2.83295959e-01 -9.82150018e-01  7.70238340e-01  2.04041272e-01 -5.24804592e-01  1.29291028e-01  1.75660163e-01 -3.04357447e-02 -3.39931935e-01  7.71908104e-01 -4.10023272e-01  2.50081837e-01 -1.44068226e-01  6.48895577e-02]]
R:
[[5.88223457e-01 6.49872818e-04 7.32140732e-04 9.23521657e-06 1.79460302e-01 9.23592142e-06 5.24583049e-02 2.58063346e-06 6.76525682e-02 1.10802248e-01]
 [6.53731913e-05 2.58815773e-02 3.74692157e-02 3.15392375e-01 8.32315162e-02 3.12515140e-01 4.14393435e-04 1.53690919e-01 7.10182786e-02 3.21175117e-04]
 [4.52835928e-04 1.27472263e-03 4.06670451e-01 1.99613464e-03 1.01598926e-01 3.72899055e-01 1.15754809e-02 6.01423010e-02 1.58919133e-02 2.74981055e-02]
 [4.49771643e-01 6.90169260e-02 8.40208595e-05 3.90413553e-01 7.52354339e-02 6.75276942e-06 5.13864774e-03 4.38688185e-05 5.29148662e-03 4.99762641e-03]
 [2.17096806e-01 7.63071049e-03 1.93884154e-03 3.21057450e-04 1.75442398e-01 6.23989268e-04 9.31344926e-02 5.20353671e-04 2.54508376e-01 2.48782918e-01]
 [1.62014905e-02 7.51664303e-03 1.31113529e-01 3.34912568e-01 3.46382111e-01 7.66748637e-02 2.84757186e-02 4.45624255e-02 4.27901465e-03 9.88166407e-03]
 [8.44758451e-02 6.70608461e-01 2.19793466e-04 1.39154181e-01 4.77435440e-03 4.39809402e-04 4.47928160e-03 1.35344846e-04 9.52304229e-02 4.82359435e-04]
 [1.39136373e-05 1.29219472e-01 1.73672438e-02 2.01510981e-01 6.19007461e-02 2.49393404e-01 2.46951095e-04 2.95620561e-01 4.47188020e-02 7.94352309e-06]
 [3.15588377e-02 2.86754151e-03 1.86468467e-01 7.06673972e-03 2.46072978e-01 2.81601399e-02 3.90542671e-02 2.19931733e-02 3.09719622e-01 1.27038226e-01]
 [8.81520100e-04 1.92900468e-03 8.41206163e-02 6.65891962e-03 1.45117074e-01 3.74268085e-01 2.29887338e-03 2.30175823e-01 1.17782041e-01 3.67680863e-02]
 [3.62896462e-05 2.20208615e-03 2.28664324e-01 5.73960878e-03 2.38075713e-03 4.25053865e-01 4.53773774e-02 2.90250361e-01 2.01498522e-04 9.38805679e-05]
 [1.62595902e-02 7.20541105e-02 4.23389040e-02 3.97435166e-02 6.53633773e-02 8.71936157e-02 1.13751870e-02 1.19512223e-01 5.32024503e-01 1.41350506e-02]
 [8.28567818e-02 1.64826289e-01 2.42157038e-02 3.91696095e-01 2.13070237e-03 4.97186324e-03 1.20653631e-03 6.22122735e-03 3.17813635e-01 4.06116853e-03]
 [4.72899235e-04 1.71168670e-02 2.66870290e-01 2.30548414e-03 5.98313985e-04 5.38271070e-01 8.32172111e-03 7.55890459e-02 8.96050930e-02 8.49250646e-04]
 [1.17973694e-04 3.28238085e-02 1.66234732e-01 1.73092866e-03 1.82483962e-03 5.41863739e-01 3.75093333e-02 3.21896374e-02 1.84814274e-01 8.90746946e-04]
 [2.10466534e-02 2.60875188e-03 1.11948170e-01 4.60798945e-03 6.30303442e-01 2.28227000e-03 9.11694393e-03 1.55001110e-03 5.04536554e-02 1.66082114e-01]]
cosine similarity of topic:
[[ 9.9999970e-01  3.0858901e-05 -2.8149627e-05  1.0140192e-04 -1.1414127e-05  3.9373779e-05  4.5194429e-07  2.9376903e-05 -1.0674874e-04  6.2708299e-05]
 [ 3.0858901e-05  1.0000001e+00  1.8004042e-05  3.3909299e-05 -4.2023468e-05  2.7300586e-05 -1.9980433e-05  6.5495144e-05 -1.4947520e-05 -2.5611564e-05]
 [-2.8149627e-05  1.8004042e-05  1.0000002e+00  1.7964565e-05  2.4922954e-05  8.0269047e-06 -3.2305652e-05  1.1021226e-05  2.3257673e-05 -3.5625315e-05]
 [ 1.0140192e-04  3.3909299e-05  1.7964565e-05  1.0000000e+00 -6.4112559e-05 -2.4125617e-05  7.1183706e-05  8.8125613e-05  5.3954696e-05  1.1330438e-05]
 [-1.1414127e-05 -4.2023468e-05  2.4922954e-05 -6.4112559e-05  9.9999988e-01  1.1841922e-05 -6.1617793e-06  3.2410822e-05 -6.4339079e-06  1.7885746e-05]
 [ 3.9373779e-05  2.7300586e-05  8.0269047e-06 -2.4125617e-05  1.1841922e-05  9.9999976e-01 -5.1666459e-05 -1.3222465e-05 -1.9789253e-05  3.3000921e-05]
 [ 4.5194429e-07 -1.9980433e-05 -3.2305652e-05  7.1183706e-05 -6.1617793e-06 -5.1666459e-05  9.9999958e-01  8.6259897e-06 -1.2079180e-05 -5.5205339e-05]
 [ 2.9376903e-05  6.5495144e-05  1.1021226e-05  8.8125613e-05  3.2410822e-05 -1.3222465e-05  8.6259897e-06  1.0000002e+00  4.5250090e-05  5.2034807e-06]
 [-1.0674874e-04 -1.4947520e-05  2.3257673e-05  5.3954696e-05 -6.4339079e-06 -1.9789253e-05 -1.2079180e-05  4.5250090e-05  9.9999994e-01  7.1697550e-06]
 [ 6.2708299e-05 -2.5611564e-05 -3.5625315e-05  1.1330438e-05  1.7885746e-05  3.3000921e-05 -5.5205339e-05  5.2034807e-06  7.1697550e-06  1.0000002e+00]]
