hidden representaion(r*topic):
[[ 0.04431709 -0.11296403  0.28803256  0.10802656 -0.08650308  0.11694857 -0.07161252  0.36652184 -0.01336146 -0.18753901 -0.04274891 -0.26468492]
 [ 0.02598628 -0.019825    0.21231845 -0.01398633 -0.18580276  0.30005455  0.00261919  0.48366883  0.07151106 -0.2906308   0.00758108 -0.21331857]
 [ 0.0477557  -0.04199647  0.15354766  0.24547985  0.02400291  0.19135942  0.03655603  0.7865034   0.3753147   0.05159838 -0.12953034 -0.23559293]
 [-0.00826624  0.09070974  0.09042575 -0.04131785 -0.21519192  0.4036617   0.09606797  0.7348967   0.22793332 -0.2081856  -0.05539871 -0.20327118]
 [-0.04059759  0.14087954 -0.01169572 -0.01786994 -0.169749    0.39095742  0.11235519  0.96837395  0.3471176  -0.03167208 -0.1856255  -0.23671156]
 [-0.05389468  0.19088235 -0.07903302 -0.00437772 -0.14640145  0.40791243  0.14156799  1.1258385   0.44861338  0.05588436 -0.2648451  -0.23808843]
 [ 0.03594432 -0.05665506  0.16594157  0.2550456   0.02812711  0.11589588  0.00958614  0.7376497   0.28974995  0.09645707 -0.16939573 -0.27377737]
 [-0.01156113  0.06602575  0.06806933  0.04578509 -0.12975569  0.3298369   0.07793998  0.83928996  0.29996422 -0.05457867 -0.1280005  -0.23513083]
 [ 0.04862093 -0.0154945   0.10879571  0.29860103  0.06448211  0.21287318  0.07446042  0.93053603  0.50667197  0.1363078  -0.16811192 -0.22437035]
 [ 0.11991592 -0.08204326  0.37084556  0.10481727 -0.18557712  0.35566247  0.07658797  0.23706189  0.10759742 -0.49645653  0.24220845 -0.10602694]
 [-0.00676955  0.1411398   0.10920801 -0.1633727  -0.33642516  0.49890634  0.12977435  0.60736376  0.12862423 -0.40294108  0.02097173 -0.1627004 ]
 [ 0.02584762  0.07067908  0.18872927 -0.1024866  -0.30228323  0.4548876   0.10384147  0.47957203  0.09533204 -0.44174838  0.09081676 -0.15236723]]
R_hid(hidden representaion to predict r):
[[0.00000000e+00 0.00000000e+00 1.66858107e-01 5.68721853e-02 6.40386268e-02 1.57344878e-01 2.49070972e-02 0.00000000e+00 0.00000000e+00 0.00000000e+00 0.00000000e+00 2.59751201e-01]
 [0.00000000e+00 1.33393168e-01 4.63085137e-02 2.03157902e-01 0.00000000e+00 0.00000000e+00 0.00000000e+00 0.00000000e+00 0.00000000e+00 0.00000000e+00 0.00000000e+00 0.00000000e+00]
 [0.00000000e+00 1.27461448e-01 4.30966690e-02 7.92785361e-02 2.41395146e-01 1.48262978e-01 8.10097829e-02 1.09823518e-01 8.10622051e-02 1.64615229e-01 1.28548723e-02 1.59726709e-01]
 [0.00000000e+00 7.12236583e-01 0.00000000e+00 5.40557265e-01 2.49091133e-01 6.46929964e-02 1.70586750e-01 4.83153015e-02 3.22359651e-01 0.00000000e+00 6.97524667e-01 0.00000000e+00]
 [0.00000000e+00 5.04289746e-01 0.00000000e+00 4.92636710e-01 3.25664759e-01 0.00000000e+00 0.00000000e+00 0.00000000e+00 7.97402635e-02 1.08741984e-01 4.62456405e-01 2.94782758e-01]
 [0.00000000e+00 8.21270406e-01 0.00000000e+00 8.37403774e-01 5.57603717e-01 6.95595369e-02 3.41604382e-01 2.12207243e-01 1.67034194e-01 0.00000000e+00 4.22426045e-01 2.32060537e-01]
 [0.00000000e+00 1.13863535e-01 4.44501974e-02 1.14912167e-01 3.27780157e-01 0.00000000e+00 1.45256609e-01 1.32083029e-01 1.32871762e-01 8.57314169e-02 0.00000000e+00 1.07412569e-01]
 [0.00000000e+00 3.46225977e-01 0.00000000e+00 3.64577204e-01 1.39008865e-01 0.00000000e+00 1.61724880e-01 1.35781974e-01 2.22724050e-01 0.00000000e+00 3.89928669e-01 3.36462110e-01]
 [0.00000000e+00 2.33057797e-01 1.68653771e-01 5.87111056e-01 3.10560584e-01 0.00000000e+00 3.39990795e-01 3.91310066e-01 2.46621907e-01 1.42504334e-01 1.52204558e-01 2.10908309e-01]
 [0.00000000e+00 9.96484876e-01 3.48188996e-01 5.24839461e-01 0.00000000e+00 4.49664772e-01 0.00000000e+00 0.00000000e+00 0.00000000e+00 0.00000000e+00 4.86476690e-01 5.43908298e-01]
 [0.00000000e+00 6.74775779e-01 1.02530010e-01 9.81796622e-01 2.20111191e-01 5.36263704e-01 9.66451019e-02 0.00000000e+00 0.00000000e+00 2.76388600e-04 6.33916914e-01 3.86684150e-01]
 [0.00000000e+00 6.82240784e-01 2.49253884e-01 7.28050053e-01 9.89160687e-02 0.00000000e+00 1.62717944e-03 0.00000000e+00 5.36349118e-02 0.00000000e+00 6.67002738e-01 4.29485083e-01]]
topics:
[[-0.16865642  0.35723335 -0.45168325  0.10963076  0.06054597  0.3432276   0.1831985   2.0097184   0.9162274   0.7333628  -0.761208   -0.36101335]
 [ 0.07292422 -0.01367428  0.4127646  -0.2597551   0.8198525   0.0854376  -0.30827522  0.66841644  0.11117081 -0.672094   -0.24843296  0.11460919]
 [-0.39110786  0.12073126  0.23502134  0.08620722 -0.7729038   0.7206016   0.31004417  0.65612704 -0.84636307 -0.06574801 -0.54920787  0.07039945]
 [-0.59121877  0.24096133  0.41837737  0.9234396   0.06263822 -0.7052585   0.30392772 -0.28354457 -0.76555043  0.01910735 -0.21577281 -1.2644955 ]
 [-0.21339135 -0.49502394  0.355807    0.08320341 -0.2993954   0.16380966 -0.1251512   0.21395643 -0.42669383  0.02917565  0.6501438  -0.6146518 ]
 [-0.35686123 -0.1066683   0.29417834  0.24327    -0.22220472 -0.14354157 -0.6541187   0.9514454  -0.5623317   0.10065489  0.16428573 -0.64232093]
 [ 0.5604029   0.14881921  0.24138798 -0.12199277 -0.41684106 -0.6296236   0.59239197 -0.644635   -0.4527512   0.33668372 -0.40285128 -0.2912871 ]
 [ 0.37606895 -0.6139453   0.73094434  1.1372682   0.59368116 -0.22493535 -0.06659666  0.20028925  0.6446129   0.13047428  0.29846492 -0.10476461]
 [ 0.02102838  0.15643577  0.28305164 -0.45666403 -0.6436716   0.6796878   0.1478765   0.02542661 -0.28401926 -1.0068254   0.34426147 -0.06674074]
 [ 0.4575211  -0.4933598   0.1630112  -0.26474804 -0.17777887 -0.02703667 -0.9000124   0.14666189  0.26062247 -0.25932485 -0.68238115 -0.19806322]]
R:
[[1.01052254e-01 9.09392536e-02 4.76406999e-02 5.80833256e-02 1.04867972e-01 5.21341190e-02 5.86128645e-02 1.56056240e-01 2.15613216e-01 1.15000106e-01]
 [1.83222264e-01 5.50075695e-02 1.89686809e-02 2.31098626e-02 8.33457187e-02 2.30494048e-02 2.01782733e-02 1.28330022e-01 3.94623607e-01 7.01646209e-02]
 [3.42066646e-01 2.94706710e-02 1.18906312e-02 1.72066484e-02 4.47789207e-02 1.73692498e-02 2.14013103e-02 2.64366686e-01 2.12102532e-01 3.93466949e-02]
 [3.35987717e-01 1.45618394e-02 3.79059417e-03 4.46511479e-03 4.62759696e-02 4.36932454e-03 3.72873899e-03 1.13638297e-01 4.54581469e-01 1.86009239e-02]
 [4.58130360e-01 1.10568572e-02 3.28497519e-03 4.21504024e-03 4.24479581e-02 4.85366117e-03 5.30269044e-03 8.69207680e-02 3.68439525e-01 1.53481234e-02]
 [5.45168102e-01 1.74895301e-03 4.16711409e-04 6.12939883e-04 1.13222441e-02 8.60990840e-04 9.63479863e-04 8.43626708e-02 3.51219773e-01 3.32414010e-03]
 [3.08387667e-01 4.59399521e-02 3.05690169e-02 3.68824787e-02 6.17540441e-02 3.97423059e-02 5.00364564e-02 2.32870311e-01 1.34169936e-01 5.96478842e-02]
 [3.81479800e-01 2.19772682e-02 8.40299297e-03 8.96139722e-03 6.06775135e-02 1.05779404e-02 1.17269065e-02 1.35569155e-01 3.34637552e-01 2.59894542e-02]
 [4.23517168e-01 9.20655206e-03 4.26711841e-03 5.66394441e-03 1.64809562e-02 6.78482931e-03 9.45870206e-03 3.03615719e-01 2.06788078e-01 1.42169520e-02]
 [7.70606175e-02 1.41517119e-03 2.48328346e-04 4.19769669e-04 6.63425727e-03 2.31872007e-04 3.13499360e-04 3.21541399e-01 5.89605510e-01 2.52963323e-03]
 [2.83800036e-01 3.24732414e-03 5.51628822e-04 9.52289614e-04 1.39350230e-02 6.93613314e-04 9.54911578e-04 7.57680163e-02 6.13706470e-01 6.39062421e-03]
 [2.11199671e-01 8.17751046e-03 1.56457757e-03 2.42710696e-03 2.59272140e-02 1.69645355e-03 2.15706509e-03 1.32098064e-01 6.02742136e-01 1.20101217e-02]]
cosine similarity of topic:
[[ 9.9999976e-01 -6.6166444e-06  1.8961129e-05 -5.1080349e-08  1.7543063e-05  7.9261790e-06 -1.0809330e-07  8.9438008e-06  1.8419477e-06 -1.5081555e-05]
 [-6.6166444e-06  9.9999994e-01  1.6736252e-05  3.5496425e-05 -4.7279245e-05  5.3411088e-07  2.1386595e-05  1.9033987e-05  5.0125509e-06 -8.5392248e-06]
 [ 1.8961129e-05  1.6736252e-05  1.0000000e+00 -3.0532054e-05 -2.2093434e-06 -2.0607116e-05 -1.7513004e-05 -3.6540019e-05  3.2445863e-05 -6.3166495e-05]
 [-5.1080349e-08  3.5496425e-05 -3.0532054e-05  9.9999988e-01 -1.4307313e-05  1.3068194e-05  2.6306498e-05 -2.4163333e-05  1.7655218e-05 -2.3282912e-06]
 [ 1.7543063e-05 -4.7279245e-05 -2.2093434e-06 -1.4307313e-05  1.0000002e+00  2.0541247e-06  2.1646698e-05  8.6161663e-06 -5.8489633e-05  8.9540081e-06]
 [ 7.9261790e-06  5.3411088e-07 -2.0607116e-05  1.3068194e-05  2.0541247e-06  9.9999982e-01  3.0558942e-07 -1.7382859e-05 -6.9402695e-06 -9.4193556e-06]
 [-1.0809330e-07  2.1386595e-05 -1.7513004e-05  2.6306498e-05  2.1646698e-05  3.0558942e-07  1.0000001e+00  1.9642246e-05 -2.8698747e-05  2.0464171e-05]
 [ 8.9438008e-06  1.9033987e-05 -3.6540019e-05 -2.4163333e-05  8.6161663e-06 -1.7382859e-05  1.9642246e-05  1.0000001e+00  2.8809609e-05 -5.8032532e-05]
 [ 1.8419477e-06  5.0125509e-06  3.2445863e-05  1.7655218e-05 -5.8489633e-05 -6.9402695e-06 -2.8698747e-05  2.8809609e-05  9.9999988e-01  1.2361374e-05]
 [-1.5081555e-05 -8.5392248e-06 -6.3166495e-05 -2.3282912e-06  8.9540081e-06 -9.4193556e-06  2.0464171e-05 -5.8032532e-05  1.2361374e-05  9.9999988e-01]]
