hidden representaion(r*topic):
[[ 0.07570621 -0.06286827  0.25518924  0.1569469   0.14398777 -0.01154405 -0.10900948  0.616501    0.1249836  -0.01512273 -0.19684854 -0.24098845]
 [ 0.24363281 -0.28591263  0.509449    0.54120857  0.24147013  0.05523063 -0.00966934  0.27476338  0.3308768  -0.15711305  0.20233645 -0.13253935]
 [ 0.05166736  0.03910366  0.1391255  -0.01826527 -0.0753066   0.16386192 -0.01628048  0.62812793  0.12188586 -0.08175002 -0.23204464 -0.22842842]
 [ 0.23769349 -0.28145108  0.5183056   0.4919669   0.23884639 -0.00338414 -0.04605232  0.21974857  0.24271783 -0.17116034  0.1631068  -0.14947823]
 [ 0.02787428  0.13385363  0.22138295 -0.2752296  -0.46767953  0.56960255  0.13840795  0.23112756 -0.08716039 -0.66066027  0.20752896 -0.10700826]
 [ 0.0159102   0.12655616  0.11009998 -0.09054124 -0.27487633  0.46574754  0.14246428  0.6182383   0.17789026 -0.2904334   0.00366976 -0.16857584]
 [-0.02166117  0.15151015  0.0361334  -0.03975011 -0.20305248  0.2290039   0.09339705  0.7701474   0.13146244  0.00659686 -0.22074775 -0.2948445 ]
 [ 0.01626685  0.08503349  0.12033415 -0.03067884 -0.18561763  0.3090079   0.06586179  0.6426941   0.14565831 -0.1623166  -0.09589387 -0.22382456]
 [-0.0834654   0.22656159 -0.22468509  0.05924608  0.00891673  0.32961115  0.12947264  1.5085211   0.62533045  0.4051811  -0.51746047 -0.30586615]
 [ 0.4119004  -0.57871914  0.73283637  1.0924066   0.6759351  -0.22861233 -0.07774407  0.22241083  0.6234989   0.09734937  0.29009956 -0.11956831]
 [ 0.24740732 -0.26982108  0.5334181   0.46988913  0.14454016  0.1389932   0.01636417  0.15483709  0.26861697 -0.30049002  0.29709625 -0.10238952]
 [ 0.26515907 -0.3097854   0.54423213  0.574793    0.23947987  0.06462561  0.00178633  0.2122695   0.33897185 -0.19156188  0.26153225 -0.1190583 ]]
R_hid(hidden representaion to predict r):
[[0.47987935 0.1055904  1.0323395  0.         0.         0.09522223 0.         0.         0.         1.7662759  1.2401288  0.51273364]
 [0.         0.         0.         0.         0.         0.         2.0586598  1.1788605  0.         0.12613212 0.         0.        ]
 [0.         0.         0.         0.41379938 0.7888329  0.         0.         0.         0.59876245 0.47662678 0.         0.14565091]
 [0.         0.7934083  0.54884076 0.         0.         0.81391263 0.         0.         1.752816   0.         0.00273887 1.9018667 ]
 [0.28995472 0.6369246  0.         0.83346635 1.9444517  0.6572821  0.         0.         0.         0.         0.         0.        ]
 [0.82477444 0.37037838 0.27811906 0.         0.         0.         0.         0.90692085 1.5898087  0.         0.         0.        ]
 [0.         0.         0.         0.         0.6257808  0.         0.5252448  0.39358434 0.         0.23654997 2.2020485  0.        ]
 [0.         0.         0.5599147  0.         0.6300437  0.16672283 0.72705317 0.         0.26124302 0.3452348  0.         0.        ]
 [1.0461564  0.3514088  1.320076   0.40662172 0.66288936 0.96000665 0.         0.01343919 0.         1.6111463  0.8111627  0.57648516]
 [1.79261    1.9966828  1.1470504  1.8215945  0.         2.05878    1.3737012  1.3228945  0.         0.         0.         0.4801953 ]
 [0.6505621  0.6484007  0.         1.1491628  0.7784444  0.         0.         1.3962442  0.756448   0.62852496 0.         0.67885655]
 [0.         0.27304715 0.10842421 0.99075305 0.         0.11532027 0.29554906 0.11622488 0.         0.         0.5602372  0.989642  ]]
topics:
[[-1.47891745e-01  3.29813898e-01 -4.49622869e-01  1.12539798e-01  4.84551527e-02  3.87764096e-01  2.22971782e-01  2.00324845e+00  9.15535748e-01  7.43856490e-01 -7.33515024e-01 -3.66163880e-01]
 [ 7.49890357e-02  1.26657693e-03  4.21595901e-01 -2.66079187e-01  7.88838506e-01  7.90346786e-02 -3.09099436e-01  6.61780953e-01  1.10212274e-01 -6.77760065e-01 -2.52206832e-01  1.11115612e-01]
 [-3.93615752e-01  1.25706345e-01  2.51449943e-01  1.01592094e-01 -7.66340256e-01  7.14491963e-01  3.02076131e-01  6.50526583e-01 -8.38802755e-01 -6.93224221e-02 -5.49068093e-01  7.73855746e-02]
 [-5.99937558e-01  2.50433713e-01  4.19038624e-01  9.15945888e-01  5.18370867e-02 -6.81472540e-01  3.01744491e-01 -2.82578528e-01 -7.66903937e-01  1.96823124e-02 -2.11076915e-01 -1.27125037e+00]
 [-2.20732227e-01 -4.90296185e-01  3.65913242e-01  8.65640640e-02 -3.03268194e-01  1.69779733e-01 -1.25625312e-01  2.20667869e-01 -4.22858685e-01  2.07436197e-02  6.47303641e-01 -6.15964353e-01]
 [-3.66762757e-01 -9.72927287e-02  3.07114035e-01  2.33931437e-01 -2.32875273e-01 -1.55595869e-01 -6.50336146e-01  9.59894955e-01 -5.64494789e-01  8.30620527e-02  1.61154002e-01 -6.41120076e-01]
 [ 5.46821892e-01  1.63646832e-01  2.52763301e-01 -1.26875952e-01 -4.46796894e-01 -6.56915963e-01  5.82717061e-01 -6.42428517e-01 -4.55927670e-01  3.29267800e-01 -4.10044432e-01 -2.95649439e-01]
 [ 4.25315410e-01 -6.01311386e-01  7.49121487e-01  1.13704705e+00  7.11929917e-01 -2.50695586e-01 -8.17123428e-02  2.21571311e-01  6.49859726e-01  1.20048039e-01  2.94596344e-01 -1.18239611e-01]
 [ 1.65626779e-02  1.68165416e-01  2.70778477e-01 -4.39763099e-01 -6.42916977e-01  6.84426367e-01  1.51574031e-01 -6.32161787e-03 -2.73567170e-01 -9.31008697e-01  3.49574447e-01 -6.62303716e-02]
 [ 4.45909530e-01 -4.91220266e-01  1.67061493e-01 -2.62627006e-01 -1.77262396e-01 -3.39529589e-02 -9.05725420e-01  1.47604421e-01  2.58037210e-01 -2.57275522e-01 -6.73294067e-01 -1.97810724e-01]]
R:
[[1.77995846e-01 2.12263271e-01 2.49606315e-02 2.66880933e-02 1.69415511e-02 1.34899095e-01 1.09358475e-01 1.67867169e-01 5.48867844e-02 7.41391033e-02]
 [5.88156804e-02 2.87426207e-02 6.77982392e-03 5.86339040e-03 4.38131113e-03 1.75799448e-02 1.63022410e-02 5.77603340e-01 2.73459435e-01 1.04721189e-02]
 [2.49392554e-01 1.32686853e-01 3.16576250e-02 2.51711011e-02 1.78363230e-02 6.16616979e-02 1.00695625e-01 6.92954361e-02 2.11406961e-01 1.00195765e-01]
 [2.02898476e-02 7.21913353e-02 1.08647179e-02 1.72272567e-02 1.05527667e-02 3.94238979e-02 4.73327450e-02 5.23958445e-01 2.26308346e-01 3.18507105e-02]
 [1.09362729e-01 9.00923647e-03 1.73181668e-03 1.21535000e-03 1.41643500e-03 2.72154622e-03 9.98118706e-03 5.92418425e-02 8.00425112e-01 4.89464076e-03]
 [2.96764225e-01 5.22629451e-03 2.29408382e-03 1.45341153e-03 1.70786690e-03 5.45896823e-03 1.17060486e-02 1.09355547e-01 5.63064814e-01 2.96864752e-03]
 [3.55556935e-01 4.37907912e-02 9.14145540e-03 3.26507650e-02 8.16022232e-03 9.83592570e-02 1.11539915e-01 2.29069572e-02 2.88311630e-01 2.95821261e-02]
 [2.81991899e-01 4.78519984e-02 1.03672938e-02 1.90582052e-02 1.39660845e-02 5.27972877e-02 5.16422987e-02 9.34699327e-02 3.88683021e-01 4.01720256e-02]
 [7.19247520e-01 5.67597337e-02 5.64405182e-03 5.18653635e-03 1.48925895e-03 3.21768299e-02 2.00558491e-02 3.11045162e-02 1.05532721e-01 2.28029750e-02]
 [2.29820027e-03 1.89810595e-03 1.36222894e-04 3.04597866e-04 4.14723851e-04 2.80309538e-03 1.33175973e-03 9.68669951e-01 2.12846491e-02 8.58712534e-04]
 [1.40138846e-02 2.86639505e-03 6.22070336e-04 3.87189386e-04 5.01499686e-04 2.52435380e-03 2.62983516e-03 5.69225788e-01 4.06075448e-01 1.15350855e-03]
 [3.49663012e-02 5.21210674e-03 1.31778291e-03 2.75495555e-03 1.20889314e-03 8.37427005e-03 8.89074896e-03 6.21798813e-01 3.13375771e-01 2.10029865e-03]]
cosine similarity of topic:
[[ 9.99999881e-01 -1.22381225e-05  2.55076066e-05 -1.33688591e-05 -2.84908383e-05 -8.17770433e-06 -7.00801252e-07  7.07810386e-06 -3.13504324e-06  1.35971959e-05]
 [-1.22381225e-05  1.00000000e+00  1.38716960e-05  1.87416408e-05  2.24992004e-06 -6.22091284e-06  1.22961465e-05  2.43390296e-05  2.44557123e-05  1.45928107e-05]
 [ 2.55076066e-05  1.38716960e-05  9.99999881e-01  1.64033299e-05  2.16335866e-05 -7.62312902e-06  5.07701316e-07 -3.68705003e-07 -3.72265276e-05  1.74874513e-05]
 [-1.33688591e-05  1.87416408e-05  1.64033299e-05  1.00000000e+00 -2.15404671e-05  4.03073363e-06  4.18695054e-05  1.59822121e-05 -1.10247165e-05 -6.22479718e-07]
 [-2.84908383e-05  2.24992004e-06  2.16335866e-05 -2.15404671e-05  9.99999940e-01  1.14871000e-05  7.78289541e-06  5.27614566e-06  2.08025886e-05 -2.81366192e-05]
 [-8.17770433e-06 -6.22091284e-06 -7.62312902e-06  4.03073363e-06  1.14871000e-05  1.00000024e+00  1.86257557e-06  8.13302813e-06 -3.40195184e-05 -2.62130052e-05]
 [-7.00801252e-07  1.22961465e-05  5.07701316e-07  4.18695054e-05  7.78289541e-06  1.86257557e-06  9.99999881e-01  5.17901435e-06 -1.48168347e-05  3.37849051e-05]
 [ 7.07810386e-06  2.43390296e-05 -3.68705003e-07  1.59822121e-05  5.27614566e-06  8.13302813e-06  5.17901435e-06  1.00000024e+00  2.37852892e-05  5.07339701e-06]
 [-3.13504324e-06  2.44557123e-05 -3.72265276e-05 -1.10247165e-05  2.08025886e-05 -3.40195184e-05 -1.48168347e-05  2.37852892e-05  1.00000000e+00 -2.15732030e-06]
 [ 1.35971959e-05  1.45928107e-05  1.74874513e-05 -6.22479718e-07 -2.81366192e-05 -2.62130052e-05  3.37849051e-05  5.07339701e-06 -2.15732030e-06  1.00000024e+00]]
