hidden representaion(r*topic):
[[-1.48978420e-02  1.29328771e-02  5.09116538e-02  2.63708346e-02 -4.33328897e-02 -1.82982534e-02  8.74048099e-03  1.63242163e-03 -5.91725335e-02 -3.50843258e-02 -1.21994335e-02 -8.47013667e-02]
 [ 2.41285190e-02 -1.99937169e-02  4.17062715e-02 -1.85614489e-02 -4.97095361e-02  2.02163905e-02 -4.05199677e-02  2.58000828e-02 -1.13292057e-02 -5.14636934e-02 -3.00637428e-02 -3.37063372e-02]
 [-5.91743365e-03 -2.28743386e-02  4.21805903e-02  3.43804657e-02 -1.85162257e-02 -2.84427442e-02 -6.64840266e-02  6.03713095e-02 -2.74332426e-02  8.55000035e-05 -3.27594802e-02 -8.17896426e-02]
 [ 1.95023511e-02  3.22434818e-03  6.03621081e-02  1.95683585e-03 -5.01536690e-02  1.04177007e-02  2.93402839e-02 -1.63902249e-02 -3.16431485e-02 -5.76051548e-02  1.58223826e-02 -3.68204489e-02]
 [ 4.77941372e-02 -6.20853305e-02  7.62492493e-02  9.15755332e-02  3.02911066e-02 -3.14328112e-02 -3.74870673e-02  2.23085545e-02  4.59654182e-02  8.16504005e-03 -3.62495775e-03 -3.68490666e-02]
 [ 4.68605980e-02 -7.08190575e-02  1.05526350e-01  1.63272947e-01  7.03120977e-02 -4.59252298e-02  2.51926947e-03  9.93753970e-03  6.32778257e-02  2.75891982e-02  3.96060683e-02 -3.49861868e-02]
 [-1.95610877e-02 -1.82163920e-02  4.73089665e-02  5.43000400e-02 -1.41170258e-02 -2.91858222e-02 -3.45308259e-02  5.50804324e-02 -3.56467701e-02  9.76249576e-03 -7.50426250e-03 -9.38776657e-02]
 [ 4.28002961e-02 -3.72418687e-02  6.46076575e-02  5.17847724e-02 -3.28281196e-03 -3.36658247e-02 -2.08835620e-02  1.03942712e-03  9.33131576e-03 -3.79446172e-03 -1.61789227e-02 -4.50295620e-02]
 [-3.73347998e-02 -1.92111265e-02  4.39678505e-02  2.69825757e-02 -2.12262478e-02 -3.16290185e-02 -1.06446818e-01  1.21203773e-01 -6.36144131e-02  1.32627757e-02  1.25298249e-02 -8.93918052e-02]
 [-8.95235687e-03  2.21155975e-02  5.36629930e-02 -7.70212114e-02 -1.01553798e-01  9.48084816e-02  1.39724705e-02 -3.73105379e-03 -5.15251122e-02 -1.59068823e-01  5.91045581e-02 -1.88802499e-02]
 [ 7.32208649e-03 -5.89120993e-03  6.65987954e-02 -8.09695385e-03 -5.15108034e-02  5.16252294e-02  5.33415098e-03  2.53196666e-03 -1.80460420e-02 -1.02186672e-01  4.72843274e-02 -2.56821625e-02]
 [ 2.14255285e-02 -7.24757835e-03  6.76441714e-02  8.49002413e-03 -4.16843109e-02  2.16903407e-02  1.99003201e-02 -1.14376741e-02 -1.71044990e-02 -6.93343878e-02  3.27169411e-02 -2.89686993e-02]]
R_hid(hidden representaion to predict r):
[[0.21158563 0.45739087 1.042116   0.         0.         0.         0.6207052  0.         0.6358916  0.         0.5438111  0.        ]
 [0.69540524 0.62436086 1.0372599  0.         0.11474571 0.12674275 0.         0.36436132 0.5208122  0.         0.         0.        ]
 [0.17547227 0.5159259  0.11285345 0.         0.46643063 0.         0.7981492  0.         0.76437604 0.         0.05863861 0.        ]
 [0.         0.2389735  0.5483181  0.         0.         0.8586478  0.         0.31333116 0.         0.         0.         0.        ]
 [0.1762895  0.22074473 0.2940406  0.         0.28764588 0.6403495  0.8602097  0.         0.         0.         0.         0.        ]
 [0.04484503 0.67682654 0.07687123 0.         0.26684287 0.         0.2930355  0.         0.         0.         0.0713538  0.        ]
 [0.58888113 0.7279602  0.660943   0.01765875 0.28710023 0.17743392 0.10122529 0.         0.83198285 0.         0.         0.        ]
 [0.         0.58805823 0.5037654  0.         0.         0.2882009  0.48514438 0.         0.6349434  0.         0.00693956 0.        ]
 [0.         0.33605123 1.4225818  0.5338998  0.2440412  0.2739081  0.04924483 0.24782255 0.15074922 0.40261137 0.         0.        ]
 [0.         0.         0.5426513  0.         0.41707683 1.2342432  0.         1.1645877  0.         1.4855552  0.         0.82294893]
 [0.         0.40154764 0.9467685  0.26939195 0.         1.0446641  0.         0.16284998 0.         0.         0.065239   0.        ]
 [0.2933272  0.45634493 0.9359498  0.         0.41217965 0.01504391 0.         0.75928134 0.         0.         0.         0.        ]]
topics:
[[-0.02094731  0.04858357 -0.07860753  0.00422108  0.00973158  0.05347254  0.02957654  0.31137994  0.14295536  0.10782561 -0.12830928 -0.05366538]
 [ 0.01030867  0.00425313  0.06269433 -0.04335443  0.12321843  0.01674566 -0.04760916  0.1267804   0.01650864 -0.10514846 -0.05760155  0.03008809]
 [-0.05843654  0.02068087  0.03529636  0.01395456 -0.10098894  0.11461769  0.05400254  0.09666131 -0.11990488 -0.0053498  -0.08634378  0.02341169]
 [-0.08573581  0.04001888  0.07508434  0.15849562  0.00294703 -0.1056764   0.04795891 -0.0464787  -0.11841629  0.00033997 -0.02174393 -0.19867292]
 [-0.03442216 -0.07381162  0.05159894  0.01536633 -0.05010379  0.02864608 -0.01732175  0.03719318 -0.06235142  0.01055822  0.10553382 -0.10111475]
 [-0.04864288 -0.01839502  0.04435463  0.02911169 -0.01910703 -0.0344538  -0.12109327  0.14522651 -0.07405387  0.021502    0.02433228 -0.09255183]
 [ 0.08823288  0.02569734  0.04057104 -0.01718009 -0.06544531 -0.11109437  0.09186404 -0.0967562  -0.06734174  0.05635987 -0.06527131 -0.04795475]
 [ 0.05071834 -0.08841408  0.11854707  0.19653854  0.09520663 -0.04183919 -0.00176375  0.01454128  0.08985882  0.02868761  0.05384675 -0.02821689]
 [-0.01000197  0.02316384  0.05315647 -0.07981034 -0.10355322  0.097092    0.01386128 -0.00348779 -0.05278584 -0.16187805  0.05985249 -0.01864597]
 [ 0.07487228 -0.07435405  0.02582322 -0.04602244 -0.03735588 -0.00697662 -0.15277068  0.02733403  0.03694057 -0.03885615 -0.10661753 -0.03041182]]
R:
[[3.61719653e-02 2.70718563e-04 3.28464545e-02 2.99774200e-01 8.36573727e-03 8.29101428e-02 1.37267604e-01 2.50758007e-02 2.80828267e-01 9.64891240e-02]
 [3.99368666e-02 1.16667994e-04 6.82822838e-02 3.31129842e-02 2.26548989e-03 4.34856601e-02 7.95033574e-02 7.93362781e-02 3.06522131e-01 3.47438276e-01]
 [5.54037057e-02 3.89617053e-04 2.61272117e-02 1.86906442e-01 2.77200826e-02 2.89832920e-01 2.96546556e-02 5.90622686e-02 2.46875100e-02 3.00215632e-01]
 [1.43345818e-02 6.98335571e-05 2.62097064e-02 5.50690256e-02 1.21289420e-04 1.66749978e-03 2.32535362e-01 1.79700136e-01 4.73647714e-01 1.66447647e-02]
 [2.31443439e-02 4.65481062e-05 2.77900835e-03 1.26417922e-02 3.28698196e-03 6.11329786e-02 8.30154866e-02 5.26321590e-01 3.46738510e-02 2.52957404e-01]
 [3.89952096e-03 4.28440544e-05 4.46069491e-04 1.32722352e-02 7.89758808e-04 4.20820080e-02 9.20925066e-02 8.28813016e-01 1.61581784e-02 2.40395591e-03]
 [7.40886554e-02 1.46065897e-04 2.00753305e-02 2.26939157e-01 1.35102272e-01 2.38899693e-01 4.38406542e-02 9.22806039e-02 2.69038454e-02 1.41723678e-01]
 [1.13017466e-02 1.36211398e-04 4.42415755e-03 5.71788661e-02 1.28827093e-03 5.45779690e-02 1.98070168e-01 3.25736940e-01 1.07259795e-01 2.40025908e-01]
 [9.94212739e-03 8.35677056e-05 2.89417541e-04 4.17102724e-02 1.46478945e-02 8.17191124e-01 1.26999225e-02 8.51287786e-03 2.28465348e-02 7.20763803e-02]
 [4.16038347e-06 4.50078346e-07 1.64747507e-05 1.03016937e-05 3.11397059e-07 4.98205627e-05 4.65189433e-03 8.92478693e-03 9.85702455e-01 6.39350095e-04]
 [4.03879071e-03 3.49929724e-05 1.90321659e-03 1.39606027e-02 1.12361013e-04 1.55659514e-02 2.47072447e-02 2.29870573e-01 6.77566528e-01 3.22397240e-02]
 [3.29698483e-03 6.64012186e-05 6.43239031e-03 1.44080222e-02 9.69332585e-04 5.22159226e-03 1.61281079e-01 2.63134152e-01 5.30233920e-01 1.49560804e-02]]
cosine similarity of topic:
[[ 9.99998987e-01  1.14094670e-04  4.63101314e-05  1.34171918e-04  2.32401537e-04  6.38916390e-05 -1.36748422e-05 -7.14240014e-06 -3.38954851e-06 -3.57935714e-05]
 [ 1.14094670e-04  9.99999583e-01 -1.86084188e-04 -9.07203648e-05 -7.52442284e-05 -6.11821888e-05 -6.90494780e-05  8.94401746e-05 -9.17161815e-05 -6.62563834e-05]
 [ 4.63101314e-05 -1.86084188e-04  1.00000000e+00 -5.75341401e-05  8.62576708e-05  5.49831893e-05 -1.46976206e-04  5.44578070e-05  6.84425177e-05  2.43791845e-04]
 [ 1.34171918e-04 -9.07203648e-05 -5.75341401e-05  9.99999583e-01 -4.28359490e-05 -1.51602086e-04 -1.62889250e-04 -4.52267122e-05  3.92019865e-05  1.94531051e-04]
 [ 2.32401537e-04 -7.52442284e-05  8.62576708e-05 -4.28359490e-05  1.00000036e+00 -2.18876638e-04 -2.00367649e-04  2.29701342e-04  3.51684866e-05 -1.56857423e-04]
 [ 6.38916390e-05 -6.11821888e-05  5.49831893e-05 -1.51602086e-04 -2.18876638e-04  9.99999940e-01 -2.38296285e-04 -1.04001665e-04 -6.87043648e-05 -1.57320523e-04]
 [-1.36748422e-05 -6.90494780e-05 -1.46976206e-04 -1.62889250e-04 -2.00367649e-04 -2.38296285e-04  1.00000095e+00 -3.24051362e-05  2.70844728e-04  8.05070158e-05]
 [-7.14240014e-06  8.94401746e-05  5.44578070e-05 -4.52267122e-05  2.29701342e-04 -1.04001665e-04 -3.24051362e-05  1.00000012e+00  5.90304844e-05  2.27827695e-05]
 [-3.38954851e-06 -9.17161815e-05  6.84425177e-05  3.92019865e-05  3.51684866e-05 -6.87043648e-05  2.70844728e-04  5.90304844e-05  9.99999762e-01 -5.35547268e-04]
 [-3.57935714e-05 -6.62563834e-05  2.43791845e-04  1.94531051e-04 -1.56857423e-04 -1.57320523e-04  8.05070158e-05  2.27827695e-05 -5.35547268e-04  1.00000012e+00]]
