hidden representaion(r*topic):
[[-0.35389772  0.17415826  0.39190724  0.64588     0.0378418  -0.3274527   0.1486945   0.1557104  -0.46252152 -0.08174913 -0.2585902  -0.87720525]
 [-0.14793923  0.11875854  0.35821372  0.10039759 -0.10708185  0.13890596  0.04678838  0.33342707 -0.30428672 -0.4536507  -0.08530207 -0.4011128 ]
 [ 0.00799812  0.03129511  0.32528567 -0.13722444  0.10892053  0.24633145 -0.13159415  0.6307569  -0.05943601 -0.4956188  -0.20681784 -0.0981633 ]
 [-0.34030902  0.23830426  0.16711417  0.40566927 -0.17877358  0.09332431  0.23193198  0.7067429  -0.2430427   0.07749159 -0.3928298  -0.5819192 ]
 [-0.44315836  0.22958426  0.32451048  0.3318295  -0.4871092   0.2517504   0.29375887  0.34396726 -0.78809273 -0.18725492 -0.3761788  -0.4389525 ]
 [-0.50953686  0.24933104  0.32230666  0.45843592 -0.45765358  0.16458286  0.32535097  0.35262793 -0.8422384  -0.0723936  -0.45611793 -0.5230366 ]
 [ 0.06108657 -0.03540571  0.29701373 -0.02028856  0.08460369  0.17529221 -0.14952098  0.6269153   0.07079666 -0.33828136 -0.22432151 -0.18166065]
 [-0.2170729   0.17468716  0.2733647   0.12922493 -0.24052015  0.2592132   0.15402268  0.50077003 -0.32375056 -0.30149412 -0.21553303 -0.3556791 ]
 [-0.19425088  0.20267491 -0.08926179  0.07163857 -0.23460238  0.5086403   0.14224716  1.4402081   0.2068496   0.27880508 -0.63788253 -0.1570951 ]
 [-0.6135022   0.3256799   0.4216167   1.0489881   0.0735344  -0.6540103   0.32773286 -0.05099563 -0.72512007  0.10488559 -0.29072186 -1.3202789 ]
 [-0.47507054  0.27173367  0.34666166  0.69702256 -0.09044269 -0.27081338  0.27749506  0.19758601 -0.5843326  -0.01430235 -0.29227507 -0.93389845]
 [-0.5285746   0.27262992  0.3564964   0.682857   -0.2287262  -0.16197222  0.31704044  0.20277397 -0.7476245  -0.00603327 -0.3700195  -0.83839166]]
R_hid(hidden representaion to predict r):
[[0.         1.3691553  0.41324243 0.         1.8059975  0.         0.         0.         0.         0.         0.         0.39799297]
 [0.         0.         0.10480003 0.         0.         0.6157721  0.         0.         0.21435015 0.         1.0770972  0.        ]
 [0.         0.         0.         0.59448564 0.51046926 1.0674586  0.         0.         1.0410964  0.         0.5189743  2.5502272 ]
 [0.6016391  0.9851153  0.24175844 0.         0.         1.5719585  0.4006952  1.2707453  0.         0.         0.         1.1592745 ]
 [0.         0.         0.         0.55815816 0.         0.         2.0182426  0.         0.         0.         0.8570393  1.3899423 ]
 [0.12155324 0.         0.         0.41445526 0.         0.         0.75567085 0.         0.         0.         0.         1.1390444 ]
 [0.         0.48900092 0.60187364 0.         0.09739754 1.4371753  0.         0.02854884 0.59798187 0.         0.         0.48793688]
 [0.         1.1795615  1.2647136  0.10930658 0.         0.5644133  0.6563748  0.         0.         0.         0.         1.2917601 ]
 [0.         0.         0.0567298  0.         0.8594402  0.57184523 0.         0.62281847 1.7224356  0.         2.061146   1.4601606 ]
 [0.         1.5203116  0.         0.08264477 0.         0.         0.         0.         0.         1.2738922  0.         0.        ]
 [0.         1.1389618  0.9466993  0.09856992 0.         1.3841134  0.         1.7272689  0.         0.         0.44320866 0.        ]
 [0.14588864 0.97166985 0.5391275  0.         0.0497962  0.         0.         2.0737183  0.         0.         0.         1.0959294 ]]
topics:
[[-0.14177084  0.3411581  -0.48776454  0.15483908  0.06722625  0.46609798  0.18674964  2.3039944   1.0692362   0.85011554 -0.8120933  -0.32627013]
 [ 0.1537019  -0.01485204  0.48710945 -0.33249173  0.92962515  0.07484092 -0.3541495   0.78997433  0.1522172  -0.80030173 -0.25434586  0.2224268 ]
 [-0.47388744  0.21044557  0.21516898  0.01404972 -0.927806    0.8639259   0.36692563  0.7583167  -0.97638416 -0.13545668 -0.6658766   0.14202267]
 [-0.69203657  0.3300027   0.55437577  1.1939787   0.07840812 -0.8308914   0.35433912 -0.40039802 -0.99438125  0.00340259 -0.21687552 -1.4830848 ]
 [-0.22976166 -0.5272569   0.4121356   0.11094083 -0.3423488   0.08075248 -0.12085316  0.27821338 -0.45086145  0.07538135  0.7975369  -0.75725955]
 [-0.412425   -0.10951774  0.34074843  0.24680889 -0.3172758  -0.18843396 -0.7288262   1.0663922  -0.68334615  0.09066692  0.20953459 -0.765101  ]
 [ 0.6755966   0.08027118  0.36468077 -0.15772991 -0.6066916  -0.72556454  0.6598051  -0.7492379  -0.5595331   0.36974162 -0.41938418 -0.35697502]
 [ 0.49447215 -0.69649374  0.7957932   1.2333183   0.7197084  -0.26767975 -0.11938266  0.2519238   0.8138946   0.13642743  0.2876117  -0.07868557]
 [ 0.03636158  0.16775444  0.33191782 -0.49724123 -0.729742    0.78236514  0.18101344  0.04089874 -0.31809065 -1.0976306   0.37656176 -0.07942667]
 [ 0.55974543 -0.6026632   0.2670091  -0.28579915 -0.20582059 -0.06320059 -1.0003434   0.1524036   0.28873026 -0.3443835  -0.76384646 -0.2648214 ]]
R:
[[1.06446870e-01 8.81122574e-02 4.44530621e-02 5.56865811e-01 7.88611546e-03 1.12485532e-02 8.04184563e-03 3.82552780e-02 7.91803822e-02 5.95098250e-02]
 [7.05940351e-02 1.89319298e-01 6.60608038e-02 2.36502707e-01 1.24613503e-02 3.98120545e-02 5.98410424e-03 2.30050758e-02 3.20236713e-01 3.60239074e-02]
 [9.13678184e-02 3.89856726e-01 9.28523317e-02 5.90346493e-02 1.08444393e-02 4.07012105e-02 8.03171657e-03 1.91971529e-02 2.12130979e-01 7.59830177e-02]
 [2.81673491e-01 3.18456925e-02 1.92661151e-01 3.33340585e-01 9.65972897e-03 1.05339438e-02 6.22109324e-03 1.95219815e-02 1.04500286e-01 1.00420332e-02]
 [3.39894556e-02 2.17481125e-02 4.75033551e-01 3.22519600e-01 1.65727257e-03 1.03708282e-02 1.36687513e-03 2.31421902e-03 1.22493431e-01 8.50666594e-03]
 [4.63037826e-02 8.88797361e-03 5.10596395e-01 3.86878908e-01 7.70410465e-04 3.87230283e-03 9.31520422e-04 1.92662887e-03 3.19891758e-02 7.84285367e-03]
 [1.40516937e-01 2.75965899e-01 5.08447140e-02 6.82617351e-02 2.19234563e-02 3.25570218e-02 1.74489859e-02 7.35010281e-02 1.87797755e-01 1.31182432e-01]
 [1.35791585e-01 1.20299615e-01 1.94193974e-01 2.15191364e-01 6.29711896e-03 1.59988105e-02 7.07017956e-03 1.93792079e-02 2.70628273e-01 1.51499333e-02]
 [4.90127474e-01 6.13883920e-02 3.17307949e-01 1.53086558e-02 6.12036232e-03 1.59746837e-02 3.16515239e-03 1.45633081e-02 3.27645652e-02 4.32794765e-02]
 [1.25514939e-01 1.75930257e-03 2.97645223e-03 8.62007082e-01 3.77135031e-04 6.14737219e-04 4.23366262e-04 2.05245381e-03 2.63805967e-03 1.63655786e-03]
 [1.38890445e-01 2.71196645e-02 1.13841906e-01 6.01595879e-01 4.70172008e-03 5.17257070e-03 3.89448926e-03 8.10816698e-03 8.94446522e-02 7.23045692e-03]
 [8.95702466e-02 6.09819172e-03 2.79563218e-01 5.67073941e-01 1.78551441e-03 2.76450929e-03 1.64260413e-03 7.96236377e-03 3.77610251e-02 5.77835599e-03]]
cosine similarity of topic:
[[ 1.00000036e+00 -2.60695997e-05 -1.34456277e-05  4.17830051e-05  1.33523727e-05  2.56898711e-05  8.95821995e-06  1.22871779e-05 -2.75305047e-06  2.31126087e-05]
 [-2.60695997e-05  9.99999940e-01  4.37641631e-07 -4.11079509e-06 -3.17485592e-06 -5.89943738e-06  5.39729854e-06 -1.31998577e-05 -1.13970254e-05  4.52732056e-05]
 [-1.34456277e-05  4.37641631e-07  9.99999762e-01 -9.32011317e-05  2.72568923e-05 -1.00649650e-05  2.31862905e-05 -2.69012835e-05 -9.25197037e-06 -1.93041833e-05]
 [ 4.17830051e-05 -4.11079509e-06 -9.32011317e-05  9.99999881e-01  1.71617125e-06  2.01463754e-05  9.83614791e-06 -4.16054445e-06 -6.70159352e-06 -1.87697810e-06]
 [ 1.33523727e-05 -3.17485592e-06  2.72568923e-05  1.71617125e-06  9.99999881e-01  3.62721767e-05  1.65426845e-05  1.59632382e-05 -6.91176137e-06  9.30328406e-06]
 [ 2.56898711e-05 -5.89943738e-06 -1.00649650e-05  2.01463754e-05  3.62721767e-05  1.00000000e+00 -1.38327769e-05 -1.28424347e-07 -7.31105558e-07  1.98412799e-05]
 [ 8.95821995e-06  5.39729854e-06  2.31862905e-05  9.83614791e-06  1.65426845e-05 -1.38327769e-05  1.00000000e+00  1.24052140e-05 -4.61105947e-06  2.24334121e-06]
 [ 1.22871779e-05 -1.31998577e-05 -2.69012835e-05 -4.16054445e-06  1.59632382e-05 -1.28424347e-07  1.24052140e-05  9.99999821e-01  1.44348805e-05  3.11322510e-05]
 [-2.75305047e-06 -1.13970254e-05 -9.25197037e-06 -6.70159352e-06 -6.91176137e-06 -7.31105558e-07 -4.61105947e-06  1.44348805e-05  9.99999881e-01 -1.12003472e-05]
 [ 2.31126087e-05  4.52732056e-05 -1.93041833e-05 -1.87697810e-06  9.30328406e-06  1.98412799e-05  2.24334121e-06  3.11322510e-05 -1.12003472e-05  9.99999821e-01]]
