hidden representaion(r*topic):
[[-2.74679691e-01 -3.48750979e-01 -2.07238227e-01 -4.59695756e-01 -3.00491512e-01  1.76425025e-01 -1.04575092e-02  2.06354231e-01  1.02591157e-01  4.82089706e-02 -1.33094087e-01  7.86743835e-02  1.02277942e-01  1.26451209e-01 -2.05312222e-02]
 [-2.76596487e-01 -3.51577491e-01 -2.06895262e-01 -4.62531328e-01 -3.01837474e-01  1.78384781e-01 -1.08400648e-02  2.07970887e-01  1.03001103e-01  4.94276956e-02 -1.34665966e-01  8.00240338e-02  1.02809750e-01  1.26161292e-01 -2.06848644e-02]
 [-2.76374102e-01 -3.51432592e-01 -2.06840396e-01 -4.62245792e-01 -3.01749647e-01  1.78329960e-01 -1.08695636e-02  2.07834169e-01  1.02921732e-01  4.94138971e-02 -1.34781763e-01  8.00358951e-02  1.02656581e-01  1.26216620e-01 -2.04934645e-02]
 [-2.36289233e-01 -2.11118281e-01 -1.55308485e-01 -3.35800141e-01 -1.96199924e-01  1.34831578e-01  1.25802252e-02  1.01692289e-01  1.32783741e-01 -2.49439478e-03 -1.04508720e-01  5.48335165e-02  7.13166371e-02  9.58720669e-02 -4.61786427e-03]
 [-2.16397494e-01 -1.64668798e-01 -1.37735695e-01 -2.89992034e-01 -1.60383672e-01  1.16601497e-01  1.59621406e-02  6.78906068e-02  1.30449951e-01 -1.30923986e-02 -9.40149426e-02  4.33959812e-02  6.46584034e-02  8.49786326e-02 -1.57844368e-03]
 [-2.27660656e-01 -9.49087515e-02 -3.22155803e-02 -2.30457768e-01 -7.92752057e-02  1.22070074e-01  2.22444478e-02 -3.58907282e-02  1.60611078e-01 -1.28627820e-02 -1.11196369e-01  8.70919228e-02  5.36747798e-02  3.79717350e-02  6.38037734e-03]
 [-2.13735104e-01 -7.23315179e-02 -8.91767442e-03 -1.93825960e-01 -5.11967763e-02  1.10659242e-01  1.61772929e-02 -6.36467263e-02  1.67086065e-01 -1.99653693e-02 -1.17761627e-01  9.29469913e-02  4.44110408e-02  1.40933832e-02  2.03726869e-02]
 [-2.06091881e-01 -2.05516100e-01 -1.75422683e-01 -3.28768015e-01 -2.06691742e-01  7.87334815e-02  6.88094739e-03  1.07725136e-01  8.62111002e-02  6.33739866e-03 -4.34753671e-02  2.89067458e-02  1.04520202e-01  1.04428910e-01 -5.19280396e-02]
 [-1.43327102e-01 -7.23489672e-02 -1.60266668e-01 -1.94492072e-01 -1.21231303e-01  3.33788991e-02  2.26954743e-02  1.36168161e-02  1.08284853e-01 -5.88882044e-02 -2.15923302e-02 -5.90874860e-03  5.28178699e-02  8.90864506e-02 -1.31884043e-03]
 [-1.93861797e-01 -3.05109713e-02  1.23705696e-02 -1.60350829e-01 -2.17880569e-02  7.28478432e-02  1.86670199e-02 -9.99033153e-02  1.49846911e-01 -2.34785620e-02 -7.30731040e-02  8.58880430e-02  5.62695712e-02  4.56687994e-04 -6.42675348e-03]
 [-2.08334908e-01 -3.73082384e-02  6.47045076e-02 -1.47442728e-01  3.85066494e-03  1.02629580e-01  7.43060373e-03 -1.26326770e-01  1.77881107e-01 -1.69230960e-02 -1.24774873e-01  1.29174292e-01  3.63785177e-02 -3.73865925e-02  2.80449577e-02]
 [-2.22683102e-01 -2.45815217e-02  1.84834912e-01 -9.69317406e-02  7.07161352e-02  1.31432921e-01 -1.29697593e-02 -2.19767183e-01  2.45917484e-01 -2.84383222e-02 -1.87262446e-01  2.34517142e-01 -1.55198751e-02 -1.34168819e-01  9.90124643e-02]
 [-2.13278651e-01 -2.29695179e-02  2.33710572e-01 -6.68589547e-02  9.88216624e-02  1.33246824e-01 -2.73584444e-02 -2.52360612e-01  2.65862256e-01 -3.41013484e-02 -2.06475943e-01  2.81335056e-01 -4.33496088e-02 -1.81914985e-01  1.31474078e-01]
 [-2.74303585e-01 -3.44791770e-01 -2.04378560e-01 -4.56202328e-01 -2.96836853e-01  1.75821453e-01 -9.89249256e-03  2.02634752e-01  1.03899769e-01  4.71900888e-02 -1.32996306e-01  7.87687153e-02  1.01568624e-01  1.24778628e-01 -2.01017633e-02]
 [-2.13873506e-01 -1.78179331e-02  1.32349357e-01 -1.16149701e-01  4.52489257e-02  1.09051079e-01  2.08597910e-03 -1.82581410e-01  2.07979292e-01 -2.15159003e-02 -1.43513739e-01  1.78865239e-01  1.58821214e-02 -8.36795121e-02  5.06302938e-02]]
R_hid(hidden representaion to predict r):
[[0.         0.5508705  0.         0.         0.         1.0455242  0.         0.78190196 0.         0.         0.         0.19233404 0.         0.         0.1431715 ]
 [0.         0.         0.         0.         0.         1.4550089  0.         0.28172895 0.         0.         0.         0.         0.         0.         0.        ]
 [0.         0.         0.         0.         0.         0.792318   0.         0.3460239  0.         0.         0.         0.19248956 0.         0.         0.08916935]
 [0.21743412 0.         0.         1.0964736  0.24023037 0.         0.         0.         0.         0.         0.18897587 0.         0.4847269  0.         0.        ]
 [0.185253   0.         0.         1.264068   0.         0.         0.         0.         0.         0.         0.56794745 0.         0.6433168  0.         0.        ]
 [0.45585734 1.8263192  0.         0.         0.         0.40828335 0.03944283 0.         0.         0.         0.7859963  0.         0.         0.         1.6894133 ]
 [0.15583724 0.         0.         0.88009644 0.07537224 0.43447068 0.         0.         0.         0.         0.6120218  0.         0.83769417 0.         0.27167132]
 [0.         0.         0.03920118 0.03665053 0.         0.9337853  0.         1.3815447  0.         0.         0.7431916  0.         0.5274093  0.         0.35536   ]
 [0.18840852 1.0623494  0.         0.         1.243759   0.8817016  0.         1.1537123  0.         0.25501004 0.         1.5877687  0.66805995 0.         0.        ]
 [0.38834953 1.8996389  0.         1.5971489  0.82962215 0.44582698 0.         0.6826061  0.         0.         0.792844   0.         0.         0.         1.2003299 ]
 [0.6022771  1.5490272  0.         1.1258453  0.         0.17842467 0.1238738  0.         0.         0.         0.63633335 0.         0.23214868 0.         1.2843431 ]
 [0.         0.58126557 0.         0.8789194  0.8271304  0.45184916 0.         0.         0.         0.         0.55555874 0.         1.6602468  0.         0.        ]
 [0.         0.         1.0637411  1.071483   1.1791252  0.         0.         0.         0.         2.0837686  0.         0.         0.95593387 0.         0.        ]
 [0.24790408 0.         0.         0.         0.         0.6174774  0.         0.         0.         0.         0.         0.         0.         0.         0.        ]
 [0.39670244 1.6635786  0.29726067 1.0326289  0.3582894  0.43549442 0.         0.         0.         0.         0.71393996 0.         0.39635992 0.         0.88607913]]
topics:
[[-0.23667207 -0.00217247  0.37353924 -0.01896477  0.17832549  0.15096876 -0.04863404 -0.35987356  0.32594058 -0.03488566 -0.25142694  0.3863514  -0.07143746 -0.29144138  0.17305803]
 [-0.00178735  0.20790276  0.12547417  0.1126954   0.24278821  0.0582596   0.00245769 -0.14599726  0.08358173 -0.10364361 -0.01836394  0.04883074 -0.11764729 -0.1504573   0.07729732]
 [-0.18939559 -0.17457305 -0.6320668  -0.39619496 -0.3308221   0.03201173  0.11727683  0.34460568  0.3354295  -0.38094103  0.20366873 -0.17976922 -0.07460348  0.15928422  0.05969031]
 [ 0.1131613  -0.13465686 -0.07277379  0.02525659 -0.22627349  0.07807916  0.06152675 -0.00970817  0.10485616 -0.01170049 -0.32915044  0.23363061 -0.28592223  0.3780483   0.3078453 ]
 [ 0.16046622 -0.0091136  -0.23064187 -0.01253653 -0.19835274  0.00153317 -0.17342709 -0.13048783 -0.47013256  0.22153436 -0.21292466 -0.12936121  0.12437807  0.316163    0.16961522]
 [-0.5441959   0.12286625  0.03948367 -0.43435547 -0.05945567  0.41376838  0.2585267  -0.18428278  0.2042672   0.09841249 -0.20496742 -0.0211864   0.17924932  0.41313723 -0.16637881]
 [-0.21563487  0.06663741  0.04399395 -0.09675805  0.09530415  0.09718674 -0.03028327 -0.08694858 -0.04988391  0.16056025 -0.11500235 -0.0874524   0.22400269 -0.11516546 -0.08218811]
 [-0.13655014 -0.09817708 -0.03445543 -0.23115331 -0.12284319 -0.24573913 -0.02793955 -0.06572216 -0.1233343   0.14098027  0.23201223 -0.03738526  0.4042119   0.04601358 -0.40801862]
 [-0.13598007  0.07665142 -0.21241619 -0.02987634 -0.00590422  0.05043984  0.08592647  0.01528624  0.25223997 -0.15819143 -0.17128961 -0.18117149  0.01094907  0.14251025  0.0667785 ]
 [-0.27771398 -0.3537609  -0.20627858 -0.46441457 -0.3028393   0.17965576 -0.01134416  0.20894153  0.1027431   0.05080589 -0.13601229  0.08122712  0.10337166  0.1260223  -0.02087315]]
R:
[[6.51564857e-04 7.77941837e-04 6.44826563e-03 2.05192296e-03 2.00042501e-03 7.04013335e-04 5.27079916e-04 3.65442503e-03 1.29711814e-03 9.81887341e-01]
 [3.57246259e-04 2.79599073e-04 3.26599972e-03 6.88473287e-04 6.62238454e-04 4.27395949e-04 3.01348948e-04 1.29051204e-03 6.41809660e-04 9.92085397e-01]
 [4.05461120e-04 3.36784346e-04 3.20805516e-03 9.34246986e-04 8.61549866e-04 3.45161126e-04 2.71599914e-04 1.19633507e-03 7.79822120e-04 9.91660953e-01]
 [8.61724317e-02 3.50350104e-02 8.65337625e-02 2.28857435e-02 1.37706669e-02 4.21073362e-02 2.04293877e-02 4.90071476e-02 6.09134026e-02 5.83145022e-01]
 [1.00534335e-01 5.73775582e-02 1.02330007e-01 2.97724102e-02 2.38000061e-02 4.76170816e-02 3.39075364e-02 6.80351704e-02 7.92667419e-02 4.57359135e-01]
 [2.39219904e-01 6.49940968e-02 8.17406550e-02 2.52326950e-02 1.85674746e-02 1.01049885e-01 2.48553213e-02 8.76892433e-02 7.11908787e-02 2.85459876e-01]
 [2.84259826e-01 6.23720400e-02 7.69433081e-02 2.39165742e-02 2.58543976e-02 8.07030201e-02 3.01534627e-02 8.90693143e-02 1.03645407e-01 2.23082706e-01]
 [2.87796762e-02 5.96746057e-02 1.12144813e-01 3.32896113e-02 2.36431304e-02 2.43616141e-02 1.55309727e-02 1.65873736e-01 1.98332593e-02 5.16868591e-01]
 [1.25265732e-01 6.36508614e-02 2.40949541e-01 6.56036139e-02 8.67526233e-02 4.31511886e-02 3.27609926e-02 1.74090132e-01 8.21002424e-02 8.56750831e-02]
 [2.93757826e-01 9.72826779e-02 1.12893380e-01 3.17012258e-02 3.02065518e-02 9.45617780e-02 3.25544104e-02 1.72215164e-01 5.80150709e-02 7.68119320e-02]
 [3.78840417e-01 8.23037401e-02 5.40789478e-02 1.94228385e-02 2.08781417e-02 7.62145147e-02 3.24250944e-02 1.08603217e-01 8.86908546e-02 1.38542235e-01]
 [6.40035272e-01 3.27596776e-02 3.87751423e-02 1.58223789e-02 1.76128913e-02 5.02624586e-02 1.95028447e-02 4.13968489e-02 6.16378151e-02 8.21947083e-02]
 [7.35756576e-01 3.65900695e-02 3.23638283e-02 2.75810435e-02 1.28807975e-02 1.52809974e-02 1.86892338e-02 2.00123470e-02 3.48963477e-02 6.59487545e-02]
 [4.55768872e-03 1.53861556e-03 7.28857890e-03 2.01224163e-03 1.77659467e-03 2.18718569e-03 1.35222857e-03 4.47445689e-03 3.22654983e-03 9.71585810e-01]
 [5.00745416e-01 7.19240680e-02 4.96246926e-02 2.40987577e-02 1.24236010e-02 7.78895840e-02 2.52008121e-02 1.02307625e-01 6.31223992e-02 7.26630539e-02]]
cosine similarity of topic:
[[ 9.99999762e-01  7.32924998e-01 -1.21012688e-01  2.08372891e-01 -9.46896374e-02 -5.36506195e-05 -1.22368984e-01 -1.12683803e-01 -1.41362548e-02 -6.63639382e-02]
 [ 7.32924998e-01  1.00000000e+00 -3.12055767e-01 -2.56119412e-04  2.06675468e-04  1.58158571e-01 -3.31172079e-04 -2.84085929e-01  1.63315440e-06 -5.45077443e-01]
 [-1.21012688e-01 -3.12055767e-01  9.99999940e-01 -8.99438892e-05 -2.46934175e-01 -2.25919217e-01 -2.66408771e-01  1.64539665e-01  3.71335179e-01  5.51819980e-01]
 [ 2.08372891e-01 -2.56119412e-04 -8.99438892e-05  9.99999881e-01  4.60943162e-01 -1.70861040e-05 -6.80132568e-01 -2.75682569e-01  1.00552807e-05  1.90917268e-01]
 [-9.46896374e-02  2.06675468e-04 -2.46934175e-01  4.60943162e-01  9.99999881e-01  3.23853225e-01  6.59377183e-05 -3.73326882e-04 -9.56146978e-05  8.72647433e-05]
 [-5.36506195e-05  1.58158571e-01 -2.25919217e-01 -1.70861040e-05  3.23853225e-01  9.99999762e-01  5.00552356e-01  1.29611537e-04  2.99775571e-01  4.87640612e-02]
 [-1.22368984e-01 -3.31172079e-04 -2.66408771e-01 -6.80132568e-01  6.59377183e-05  5.00552356e-01  1.00000036e+00 -1.06478117e-04  2.56039023e-01  2.76005216e-04]
 [-1.12683803e-01 -2.84085929e-01  1.64539665e-01 -2.75682569e-01 -3.73326882e-04  1.29611537e-04 -1.06478117e-04  1.00000012e+00 -9.58511737e-05 -1.43572266e-04]
 [-1.41362548e-02  1.63315440e-06  3.71335179e-01  1.00552807e-05 -9.56146978e-05  2.99775571e-01  2.56039023e-01 -9.58511737e-05  1.00000012e+00 -7.87757308e-05]
 [-6.63639382e-02 -5.45077443e-01  5.51819980e-01  1.90917268e-01  8.72647433e-05  4.87640612e-02  2.76005216e-04 -1.43572266e-04 -7.87757308e-05  9.99999702e-01]]
