hidden representaion(r*topic):
[[ 2.14731507e-02 -1.13435097e-01 -1.29159661e-02  4.33587357e-02 -1.52112141e-01  9.43507627e-02 -8.00451890e-05 -2.89303027e-02  1.15970492e-01 -1.35161094e-02 -3.02521706e-01  2.07979023e-01 -2.11864352e-01  2.44857892e-01  2.27328300e-01]
 [ 6.20255880e-02 -1.30626798e-01 -6.94449991e-02  5.36769405e-02 -2.04470500e-01  8.07963908e-02 -8.41902662e-03  3.04548535e-02  8.95129517e-02 -1.50497332e-02 -3.17499757e-01  1.93090826e-01 -2.35688239e-01  3.32931906e-01  2.51022100e-01]
 [ 6.45572022e-02 -1.35081857e-01 -6.23416044e-02  5.49581200e-02 -2.07359537e-01  8.37125927e-02 -9.07091051e-03  2.66466103e-02  8.67740959e-02 -1.09197022e-02 -3.21114004e-01  2.04908833e-01 -2.41446987e-01  3.34266096e-01  2.55133420e-01]
 [ 3.46412286e-02 -9.08393785e-02 -1.00307256e-01  3.65319848e-02 -1.65303573e-01  6.34869710e-02 -9.58274119e-03  2.41503213e-02  8.95258412e-02 -2.99522877e-02 -2.80679494e-01  1.08549088e-01 -1.72280356e-01  2.84727752e-01  2.11746737e-01]
 [-4.26991247e-02 -2.38100197e-02 -1.39293775e-01 -1.25605026e-02 -8.51433724e-02  2.84463763e-02 -9.82838683e-04  1.88038945e-02  1.22918896e-01 -6.43667132e-02 -1.97954118e-01 -3.20748091e-02 -4.89249900e-02  1.76461354e-01  1.13008112e-01]
 [-1.55024350e-01 -1.86070681e-01 -1.02888338e-01 -2.57602274e-01 -2.04627380e-01  9.47989374e-02 -3.74266058e-02  8.85388255e-02  6.79918379e-02  4.81700599e-02 -1.82935819e-01  1.09933287e-01 -8.52799043e-03  1.41204104e-01  8.19670558e-02]
 [-9.21059400e-02  3.61724906e-02 -1.81911379e-01 -1.75380502e-02 -2.09901128e-02  1.67221297e-02  1.97024848e-02  3.18343826e-02  1.99126258e-01 -1.25805944e-01 -1.70251712e-01 -1.43186107e-01 -1.42986106e-03  1.21180303e-01  7.56362975e-02]
 [-2.09459320e-01  6.86673634e-03  2.55185068e-01 -1.60257854e-02  1.49576798e-01  1.51134536e-01  4.78208475e-02 -3.34815711e-01  2.69939572e-01 -2.64803339e-02 -2.01517537e-01  2.21828237e-01 -4.96170782e-02 -2.41059184e-01  7.70554766e-02]
 [-1.96320154e-02 -8.86344388e-02 -2.91554052e-02 -8.13609548e-03 -1.23864807e-01  6.74350858e-02 -2.12466181e-03 -2.53083482e-02  8.34011063e-02 -7.24062324e-04 -2.26068750e-01  1.46539927e-01 -1.23192899e-01  1.87816009e-01  1.49575219e-01]
 [-1.85421035e-01 -5.26606571e-03  2.23768994e-01 -1.19185699e-02  1.15087897e-01  1.46141291e-01  4.37555835e-02 -2.99544424e-01  2.51899540e-01 -2.44812276e-02 -2.11888477e-01  2.18208209e-01 -6.58258945e-02 -1.83245018e-01  9.17718038e-02]
 [-1.00374602e-01 -2.97532063e-02 -1.87392626e-02 -6.67525306e-02 -3.88381854e-02  6.24058880e-02  1.57993212e-02 -4.00561467e-02  3.22094634e-02  5.63944019e-02 -1.55883670e-01  4.04843874e-02  2.21972428e-02  6.03968687e-02  5.21981828e-02]
 [-1.01360247e-01  4.53117490e-02 -1.85914740e-01 -2.17967927e-02 -1.00206854e-02  1.35523360e-02  2.17630938e-02  3.10621243e-02  2.04146147e-01 -1.30132690e-01 -1.61535472e-01 -1.60264343e-01  1.22804400e-02  1.07832469e-01  6.49472326e-02]
 [-2.63372898e-01  8.68196487e-02  5.56119047e-02 -1.84874520e-01  4.16055545e-02  1.72374547e-01  1.09400436e-01 -1.35851443e-01  7.70611092e-02  6.38058186e-02 -9.30087194e-02  1.52820977e-03  1.27321526e-01  7.70587772e-02 -8.72754902e-02]
 [ 6.86597303e-02 -9.13829952e-02 -1.41233727e-01 -1.51956864e-02 -1.96512863e-01  5.17890677e-02 -7.18546137e-02 -1.96624771e-02 -1.13327056e-01  6.54645935e-02 -2.44176418e-01  5.04518449e-02 -7.23337606e-02  2.74566472e-01  2.00428009e-01]
 [-1.90076947e-01 -4.69858348e-02  8.01094994e-03 -1.70331657e-01 -1.60437971e-02  7.74774179e-02  1.17346216e-02 -5.06082065e-02  4.41389009e-02  8.04031938e-02 -1.13340609e-01  3.69565412e-02  9.73711610e-02 -4.47597653e-02 -7.96462782e-03]]
R_hid(hidden representaion to predict r):
[[ 1.84817576e+00 -1.80640793e+01  5.61963797e-01  3.12153101e-01 -1.01688713e-01  6.78387117e+00  9.75172806e+00 -2.54773617e+00 -2.51134872e-01  4.46413946e+00 -3.57197928e+00 -8.30342865e+00 -1.14975433e+01 -2.31851983e+00 -1.10614657e+00]
 [ 3.45582819e+00 -1.98507290e+01  1.27618861e+00 -1.02683601e+01 -1.77267373e-01  3.39029980e+00  1.70366216e+00  8.68950114e-02 -9.33860207e+00  4.67018986e+00  8.28142929e+00 -9.22096634e+00 -1.06710129e+01 -7.50030518e+00  3.45230150e+00]
 [ 2.11683011e+00 -1.51451664e+01  3.59831274e-01 -1.63764954e+00  2.29102075e-01  9.34696007e+00  6.19248295e+00 -6.43949175e+00 -1.96456552e+00  4.22550488e+00 -1.86936378e+00 -1.46078920e+00 -1.50382881e+01 -2.93979573e+00  4.81934875e-01]
 [ 4.39549971e+00 -1.73149681e+01 -8.71766686e-01  4.27466774e+00  4.11442697e-01  1.03560600e+01  3.08183861e+00  1.53983879e+00 -5.72918940e+00  2.95522451e+00  2.16349864e+00 -3.64172592e+01  1.01777315e+00 -3.69558787e+00  7.89124131e-01]
 [ 7.69589186e-01 -6.35105991e+00  7.59418309e-01  4.75533533e+00  4.75041533e+00 -2.54250574e+00 -3.95773649e-01  1.14286959e+00 -6.46331835e+00 -4.94366407e-01  1.46087611e+00 -5.96605396e+00 -2.97110939e+00 -6.06158257e-01 -3.51720572e-01]
 [ 1.56013262e+00 -3.41404176e+00  4.16255563e-01 -5.92459822e+00  1.60141814e+00 -2.02037168e+00  3.98647141e+00 -4.14850092e+00 -3.42095017e+00  1.68636084e+00 -2.86480999e+00 -5.78660107e+00 -1.02691536e+01 -1.10980475e+00  1.77852511e-02]
 [ 1.59210193e+00 -3.68464127e+01  3.27933455e+00  1.67847900e+01 -1.14091182e+00  4.56982851e-03 -5.11487865e+00 -1.10192451e+01 -5.26052761e+00  7.73240757e+00  9.24054527e+00 -1.10367298e+01 -2.35900998e+00 -8.78603649e+00  3.35892081e-01]
 [-2.45745420e+00 -2.79510832e+00  1.24097290e+01  3.40709597e-01 -8.29025269e-01 -5.57257700e+00  1.79194736e+00  1.29112422e-01 -2.46001577e+00  4.46864653e+00 -4.33517218e-01  1.43803167e+00 -1.25898886e+00 -2.78486371e-01 -6.73321307e-01]
 [-1.45327538e-01 -1.76952600e-01  6.80127203e-01 -1.59461069e+00 -1.28847986e-01 -1.52445093e-01 -3.82923305e-01 -7.44814515e-01  6.12396449e-02 -3.65751684e-01  9.25838053e-02  4.91406322e-01 -8.10248733e-01 -9.66182411e-01  5.21030188e-01]
 [-2.85894871e-01  4.42892760e-01  6.50674820e+00  1.04043007e+00  5.74993134e-01 -5.35893250e+00  5.18472314e-01 -1.38499439e-02 -7.34018683e-01  8.59552002e+00 -1.27718103e+00  3.08614039e+00 -5.90591848e-01  8.22861671e-01 -7.80274868e-02]
 [ 4.99884993e-01  1.45376968e+00  5.92222118e+00  1.26297426e+00  6.33943939e+00 -2.10679007e+00 -3.88042629e-01 -1.51726580e+00 -8.87004471e+00  3.30918622e+00 -9.29072052e-02  5.83324134e-01 -1.02973878e+00 -2.95087695e+00  1.91237545e+00]
 [-6.96748924e+00 -6.80773640e+00  8.16257095e+00  2.45854225e+01 -9.26836580e-02 -1.65443969e+00 -3.73616552e+00 -6.85479641e+00  1.12769794e+00  5.24612713e+00  6.97093391e+00 -2.10525570e+01  4.75008190e-02 -2.49274325e+00 -1.22637618e+00]
 [ 1.06764257e-01 -3.92634153e-01 -8.90624374e-02  1.04192495e-01  6.45267367e-01 -1.70590484e+00 -8.53371906e+00 -1.42029166e+00  3.22431064e+00  2.91259980e+00 -9.46071148e-01  2.45174456e+00 -9.43157822e-04  3.28227615e+00 -3.14336181e-01]
 [ 6.00365639e-01 -1.63328171e+01 -7.67774582e+00 -1.31444283e+01  1.38801765e+00 -5.31980705e+00  8.85133171e+00 -1.31503019e+01 -1.42074203e+01  5.90423870e+00  1.36471272e-01  3.80235612e-01 -1.40976782e+01 -2.02421546e-02  1.85422093e-01]
 [ 3.74198437e-01  2.33962178e+00  6.96281242e+00 -5.11051536e-01  8.04775333e+00 -3.13175368e+00 -1.67386758e+00 -1.27910960e+00 -9.45325375e+00  7.83506060e+00  4.08774018e-02  5.41583180e-01 -1.78158784e+00 -1.51478601e+00  7.88405359e-01]]
topics:
[[-2.11932793e-01  8.14849604e-03  2.58051008e-01 -1.66694615e-02  1.52799040e-01  1.51743636e-01  4.83314283e-02 -3.38082999e-01  2.71586239e-01 -2.66179349e-02 -2.00436518e-01  2.21979007e-01 -4.78812531e-02 -2.46256083e-01  7.54478425e-02]
 [-3.62278000e-02  1.21191837e-01  7.46988058e-02  5.28220981e-02  1.65078998e-01 -8.89133476e-03 -3.85999791e-02 -8.00210834e-02  7.41172731e-02 -1.01697132e-01  3.35698074e-04  5.72574474e-02 -7.43830651e-02 -1.48038834e-01  5.71680181e-02]
 [-1.89517304e-01 -1.08471550e-01 -5.88518679e-01 -1.82860047e-01 -2.49739841e-01  8.18259642e-02  1.79285109e-01  2.34951586e-01  3.26137900e-01 -3.66801649e-01  1.58713520e-01 -1.75423101e-01 -1.10410109e-01  1.36602804e-01  9.69535932e-02]
 [ 6.76593184e-02 -1.36870012e-01 -6.51359707e-02  5.64232841e-02 -2.11254969e-01  8.32356140e-02 -9.30195395e-03  3.05327885e-02  8.59566778e-02 -1.11523457e-02 -3.23088229e-01  2.05810294e-01 -2.44682640e-01  3.40869069e-01  2.57582933e-01]
 [ 1.58533320e-01 -1.11263515e-02 -2.40141302e-01 -1.69969280e-03 -1.74891040e-01 -9.98406857e-03 -1.62521943e-01 -1.14668831e-01 -4.09649491e-01  1.60020083e-01 -1.74334869e-01 -1.44609988e-01  9.93356481e-02  2.32207313e-01  1.81660071e-01]
 [-4.60639507e-01  1.49899855e-01  4.76877280e-02 -3.90384525e-01 -3.79649065e-02  4.02850300e-01  2.53785521e-01 -1.55778334e-01  2.16363236e-01  2.89740060e-02 -1.47162721e-01  7.49368453e-03  1.31807640e-01  3.99776667e-01 -1.65760070e-01]
 [-1.78536460e-01  7.01179951e-02  6.42264709e-02 -7.98110962e-02  1.13620237e-01  3.77578139e-02  5.08391261e-02 -1.18286937e-01 -5.87800704e-02  1.52057827e-01 -4.53506187e-02 -5.39616533e-02  2.05770269e-01 -1.41757980e-01 -9.06765163e-02]
 [-1.38329715e-01 -7.91921020e-02 -9.73882561e-05 -1.97189838e-01 -8.18385258e-02 -2.33177215e-01 -4.34705988e-02 -6.88732341e-02 -1.08601294e-01  1.37870476e-01  1.65419847e-01  6.08226843e-03  3.52100581e-01  1.19973542e-02 -3.66995871e-01]
 [-1.00815974e-01  4.51461263e-02 -1.87782511e-01 -2.13644281e-02 -1.09143127e-02  1.33649595e-02  2.15645563e-02  3.22024636e-02  2.06182212e-01 -1.32274792e-01 -1.62403479e-01 -1.61085829e-01  1.08409515e-02  1.09683521e-01  6.60855025e-02]
 [-2.75144756e-01 -2.48982966e-01 -1.39944747e-01 -4.46233183e-01 -2.43357524e-01  1.14490971e-01 -5.35130538e-02  1.60409823e-01  8.19541439e-02  7.26652369e-02 -1.33435220e-01  8.71564746e-02  8.31196383e-02  7.74306133e-02  1.23293130e-02]]
R:
[[1.61863208e-01 6.96512638e-04 1.36469343e-05 8.34867239e-01 6.94554474e-05 9.03873006e-05 3.11705185e-06 5.55809174e-06 4.77373505e-05 2.34310492e-03]
 [1.47420169e-05 4.78769834e-06 3.11842609e-06 9.65178788e-01 9.97992000e-04 4.54969722e-06 2.06314184e-08 2.84684944e-07 3.36652771e-02 1.30621556e-04]
 [9.86067671e-03 4.85165569e-04 1.61964326e-05 9.86069560e-01 2.09561642e-03 1.32529778e-04 1.76869071e-05 5.31568767e-05 2.26432356e-04 1.04301318e-03]
 [3.84662017e-05 2.22882118e-05 1.52554103e-05 7.32741117e-01 4.63499427e-02 1.88836134e-06 5.52178062e-05 1.00451171e-05 2.20749319e-01 1.64256344e-05]
 [9.32134874e-03 6.54162187e-03 1.37312606e-03 3.03306460e-01 5.19127958e-02 7.73571082e-04 3.09376931e-03 3.55039984e-02 5.66027701e-01 2.21455730e-02]
 [2.47490127e-02 1.02402940e-02 6.40269544e-04 2.84604162e-01 3.05579212e-02 1.92892889e-03 2.59688254e-02 1.26828980e-02 7.75892660e-03 6.00868762e-01]
 [5.58699924e-07 1.03513809e-09 1.79498993e-09 4.86983657e-02 1.95000134e-03 4.08796219e-10 1.18312312e-06 2.69142875e-10 9.49349821e-01 8.24875741e-08]
 [9.91132796e-01 3.14505542e-06 2.32025386e-07 8.83932598e-03 1.03111927e-06 4.34335419e-07 7.90236390e-06 1.36983715e-06 9.74886188e-06 3.86088823e-06]
 [1.09514169e-01 5.19004129e-02 1.58928148e-02 6.15944684e-01 2.36202087e-02 1.33855175e-02 4.76149358e-02 5.83686307e-02 1.91288572e-02 4.46297564e-02]
 [8.91470790e-01 4.79055481e-04 5.88171788e-05 9.92912054e-02 4.30646789e-04 6.33828016e-03 1.31019216e-03 8.75941332e-05 3.76285112e-04 1.57183458e-04]
 [3.86500992e-02 1.59188081e-02 3.94788664e-03 3.04579824e-01 2.36952379e-02 1.15050133e-02 4.15925056e-01 5.22622047e-03 8.45278800e-02 9.60239321e-02]
 [3.83368970e-05 3.52224472e-09 3.06799921e-05 3.33045282e-05 1.24921004e-04 3.32065125e-10 7.40224589e-03 1.78406079e-09 9.92370486e-01 3.54399088e-09]
 [7.28786886e-02 8.73868465e-02 3.19491932e-03 9.89241153e-03 2.45500747e-02 3.74962121e-01 3.79382014e-01 2.52076350e-02 8.19457695e-03 1.43506918e-02]
 [1.00621932e-04 2.06249169e-04 6.47903107e-07 4.95420516e-01 4.05223876e-01 1.21329306e-02 2.76092451e-05 1.38787909e-05 2.44327052e-03 8.44303742e-02]
 [1.36550397e-01 1.12681929e-02 1.15315360e-03 5.64589910e-02 1.46534359e-02 5.92303090e-03 4.35277015e-01 4.99672396e-03 3.61371823e-02 2.97581911e-01]]
cosine similarity of topic:
[[ 9.99999762e-01  7.83456385e-01 -1.61598246e-06  1.40828252e-01 -3.02064960e-04 -5.26543081e-05  1.03616485e-05 -3.43409156e-05  4.39883079e-05 -1.20181729e-04]
 [ 7.83456385e-01  1.00000012e+00  1.12978079e-04 -2.46593154e-05  6.10876814e-05 -6.03670269e-05  1.63165401e-04 -1.20245159e-01  4.56165690e-05 -3.96929353e-01]
 [-1.61598246e-06  1.12978079e-04  9.99999881e-01  4.55292538e-05 -9.27160606e-02 -1.18072450e-01 -2.09878936e-01  7.05111306e-03  3.29596460e-01  5.00054479e-01]
 [ 1.40828252e-01 -2.46593154e-05  4.55292538e-05  1.00000012e+00  4.27489966e-01 -3.70116068e-05 -7.42862821e-01 -1.59808323e-01 -4.15205577e-05  1.06307246e-01]
 [-3.02064960e-04  6.10876814e-05 -9.27160606e-02  4.27489966e-01  9.99999642e-01  2.09967345e-01 -1.00616453e-05  7.28463783e-05  3.06188158e-05 -3.98494994e-05]
 [-5.26543081e-05 -6.03670269e-05 -1.18072450e-01 -3.70116068e-05  2.09967345e-01  9.99999940e-01  4.40094799e-01  2.19483827e-05  1.78317279e-01 -5.75396480e-05]
 [ 1.03616485e-05  1.63165401e-04 -2.09878936e-01 -7.42862821e-01 -1.00616453e-05  4.40094799e-01  1.00000024e+00 -2.62145302e-04  1.33750275e-01 -4.15284558e-06]
 [-3.43409156e-05 -1.20245159e-01  7.05111306e-03 -1.59808323e-01  7.28463783e-05  2.19483827e-05 -2.62145302e-04  9.99999940e-01  1.38535426e-04  8.35422616e-05]
 [ 4.39883079e-05  4.56165690e-05  3.29596460e-01 -4.15205577e-05  3.06188158e-05  1.78317279e-01  1.33750275e-01  1.38535426e-04  1.00000012e+00 -2.24228977e-04]
 [-1.20181729e-04 -3.96929353e-01  5.00054479e-01  1.06307246e-01 -3.98494994e-05 -5.75396480e-05 -4.15284558e-06  8.35422616e-05 -2.24228977e-04  9.99999881e-01]]
