hidden representaion(r*topic):
[[-4.75452870e-01  1.07800990e-01  4.23600376e-02 -3.70057136e-01 -1.53959682e-02  3.55564296e-01  2.32925266e-01 -8.50596875e-02  2.15568721e-01  5.93120325e-03 -1.48349464e-01  1.60435069e-04  8.85244161e-02  3.84025961e-01 -1.58355325e-01]
 [-4.63928521e-01  9.51477513e-02  4.03460152e-02 -3.68430197e-01 -2.28767060e-02  3.25092077e-01  2.23669693e-01 -8.40638801e-02  2.01035291e-01  1.56104779e-02 -1.30840376e-01  1.62642275e-03  1.06754482e-01  3.71994555e-01 -1.76770717e-01]
 [-4.75784928e-01  1.08085692e-01  4.35642898e-02 -3.69739920e-01 -1.45750670e-02  3.55985910e-01  2.33702958e-01 -8.59801471e-02  2.17768237e-01  4.37084865e-03 -1.48330972e-01  1.53223285e-03  8.69903937e-02  3.83548021e-01 -1.57973498e-01]
 [-1.81535214e-01 -4.87504192e-02  7.33719394e-03 -2.17087850e-01 -6.65029138e-02 -1.51550651e-01  6.20050123e-03 -7.29218498e-02 -5.40472828e-02  1.19239427e-01  1.11356765e-01  1.65003575e-02  2.97190905e-01  6.26754239e-02 -3.20955217e-01]
 [-1.18366681e-01 -2.90414244e-02 -1.55395111e-02 -1.08213015e-01 -1.14835650e-01  6.22253940e-02  7.13045150e-02 -4.12633531e-02  8.19489583e-02  2.29360480e-02 -1.34905189e-01  9.52190980e-02 -8.85257870e-03  2.72100270e-01 -1.33125316e-02]
 [-1.39317617e-01 -2.05094647e-03 -9.03856009e-04 -1.24493495e-01 -5.59125319e-02  4.20077443e-02  3.97129096e-02 -5.02021760e-02  6.78543448e-02  1.27594667e-02 -8.18585306e-02  7.08736032e-02  3.19335200e-02  1.59017980e-01 -4.30391096e-02]
 [-1.65469915e-01 -5.80386668e-02  1.33268572e-02 -2.00842723e-01 -6.22928292e-02 -1.65070802e-01 -7.48732407e-03 -8.09637159e-02 -5.40337972e-02  1.17268808e-01  1.10321224e-01  2.67356467e-02  2.90703058e-01  2.88235620e-02 -3.07318211e-01]
 [-1.68830529e-01  6.52826577e-02  2.49870848e-02 -5.25968187e-02  7.57101625e-02  4.41739745e-02 -7.85086453e-02 -1.05529308e-01 -9.31998193e-02  1.56585157e-01 -8.33258778e-02 -8.05514902e-02  2.20145091e-01 -1.48613274e-01 -6.60032779e-02]
 [ 8.59575253e-03  1.77067351e-02 -2.10228890e-01 -1.88411139e-02 -8.06719363e-02 -8.24773218e-04 -5.02759740e-02 -2.72864159e-02 -4.95376550e-02 -1.33727901e-02 -1.44505039e-01 -1.46111071e-01  5.16595133e-02  1.41952693e-01  1.09478213e-01]
 [-1.67941794e-01  6.47715107e-02  2.40152553e-02 -5.30139096e-02  7.48726577e-02  4.38338891e-02 -7.80073553e-02 -1.04252219e-01 -9.09180120e-02  1.53621852e-01 -8.28205124e-02 -7.91764185e-02  2.17182606e-01 -1.47087783e-01 -6.45786151e-02]
 [-1.61134183e-01 -1.39143005e-01 -9.00362283e-02 -2.40720809e-01 -1.68648928e-01  7.97557160e-02 -1.94190666e-02  6.98264688e-02  6.75209984e-02  4.77050468e-02 -1.46285459e-01  8.84222984e-02  1.75781902e-02  1.20212093e-01  4.85232547e-02]
 [-1.39843151e-01 -7.45091215e-02 -2.44444292e-02 -1.94535598e-01 -8.77752006e-02 -2.10469946e-01 -2.73616798e-02 -5.55871651e-02 -7.69265667e-02  1.12505071e-01  1.43992409e-01  1.01400372e-02  3.07936609e-01  2.32818853e-02 -3.20695132e-01]
 [-1.71145186e-01 -9.98323634e-02 -4.54441488e-01 -1.78900570e-01 -3.06312114e-01  1.99303627e-02 -1.13334283e-02  1.72186390e-01  1.95282340e-01 -2.72753984e-01  8.84260088e-02 -1.49883449e-01  1.54840956e-02  1.72064677e-01  1.91789810e-02]
 [ 1.44804344e-02 -8.61805007e-02 -1.05961673e-01 -6.49986416e-03 -1.93415493e-01  2.17073895e-02  1.86515972e-02  2.30965950e-02  8.79144892e-02 -3.58615220e-02 -1.76276058e-01  1.19096652e-01 -1.30469874e-01  2.79620260e-01  1.37625888e-01]
 [-1.71647966e-01 -1.75639704e-01 -1.05470091e-01 -2.88617581e-01 -2.03993335e-01  8.78403336e-02 -1.63706988e-02  1.02958106e-01  8.40218365e-02  4.37139794e-02 -1.54750690e-01  1.11846849e-01  8.58899206e-04  1.47400349e-01  5.89383170e-02]]
R_hid(hidden representaion to predict r):
[[ 2.7422175  -0.95616114 -1.4109118  -1.4110668  -0.4714464  -0.26468876 -1.0040073   0.30061734 -1.0873868   1.8715411  -1.2520865  -1.26585     4.1728754  -1.1327876   0.3900292 ]
 [ 0.87825537 -1.3148378  -0.16627014 -0.96479774 -1.4577388   0.95155513 -0.46763927 -1.2016033   3.3952699  -1.4577388   2.3832674   2.9604125  -1.095173    0.54777396 -1.2509292 ]
 [ 1.6497531  -1.3608158  -1.3489943  -1.2619789   0.08671653 -0.10835525  0.9158817   0.25187534 -0.6118108   1.6397356   1.2738615   2.3690581   3.1779704  -1.2881876  -1.4577388 ]
 [ 2.155826   -0.8263948  -1.240406   -0.02389418 -1.3967378   3.472331   -0.24480936 -1.1499667   2.84135     2.7522845   3.6174588   3.3381777  -1.4577388   2.6353564   1.0274515 ]
 [ 2.88055    -0.32435423 -1.1522136  -1.4202869  -1.1844254   2.8569918  -1.3494089  -1.3284137  -1.4577388   3.0559263   3.2915888   3.1662512  -1.3982806   1.0717134  -1.2736081 ]
 [ 1.3953869   0.25100553 -1.4350982  -1.1773956   0.86026096  1.321232    1.0449995  -0.7960555   0.23376623  2.9179416   0.21028575  2.0046167  -1.3130323   0.78264934  1.3627149 ]
 [ 3.5522308   1.1789352  -1.3964777  -0.50658244  0.69754773 -1.4577388  -1.0823154  -1.4134318   3.013095    6.5317383   4.6376762   3.074377   -1.4570799   1.8977616  -0.25696307]
 [ 0.17021145 -1.4176576   2.4870157  -1.4577388  -1.1715647  -1.412515    1.8446225  -1.1487715  -1.4577388  -0.91798854 -1.3806177  -1.4310358   5.8271894  -1.3804839   3.527102  ]
 [ 0.4274214  -1.4577388   0.16908866  2.6190014   0.9395071  -1.4399042   2.2918668   2.7324119  -1.4577388  -0.53723913 -1.4364519  -1.399404    2.4245152   0.6575279  -1.0579916 ]
 [-1.3604356  -1.3294135   1.8485489  -0.63473094  2.460246   -1.3205492   0.7971664  -1.1308253  -0.8605678  -1.2746356  -1.3015746  -1.209106    5.3133216  -1.1874042   2.3120599 ]
 [-0.54113877 -1.4435236  -0.32999575 -1.3530604  -0.10671347  0.76764035  0.95440704 -1.4228921   2.9890618   2.0844998  -1.4577388   1.3416404  -0.8902199  -0.8295856   1.2424692 ]
 [ 2.2902098   2.0367713  -1.4365826   1.4213107  -0.86715543  4.093055   -0.89205086 -1.4577388   2.9114494   6.3020334   1.5799432   5.0003204  -1.4569138   0.9190812  -0.12003058]
 [ 0.99177754  3.0772548  -1.0802854   1.6612619   0.9952495   3.2149897   0.10227478 -0.8547715   0.15578063 -1.4577388   1.7138393   1.7369621  -1.340199    1.461606   -1.3902636 ]
 [ 0.8251204   0.43257928 -1.2997199  -0.35617697  2.7954373   0.42736208  0.6821947  -1.4577388   0.86974686  2.8149438  -0.10837537  3.8363967  -1.111407    1.7910769   0.5608834 ]
 [ 1.0961082  -1.4153961  -1.4577388  -1.3317722   1.0595818   3.1793938  -0.7023241  -1.3577757   1.142057    0.47114775  0.7697669  -1.4577388  -1.003563   -0.6534103   1.0501401 ]]
topics:
[[-2.07001776e-01  9.21649020e-03  2.52606988e-01 -1.19367847e-02  1.45783290e-01  1.59750298e-01  3.46183591e-02 -3.43758732e-01  2.63239205e-01 -3.89516428e-02 -2.01134533e-01  2.11153492e-01 -5.18225618e-02 -2.37440109e-01  8.33349153e-02]
 [-5.19287065e-02  1.20266169e-01  7.09356368e-02  2.02997029e-02  1.50233999e-01 -2.25246791e-02 -5.95339388e-02 -8.05934966e-02  6.92534670e-02 -9.07863230e-02 -1.80936593e-03  7.10594580e-02 -4.03791517e-02 -1.50722608e-01  3.74299176e-02]
 [-1.95813268e-01 -1.08989038e-01 -5.90214372e-01 -1.93894342e-01 -3.71985823e-01  7.62815252e-02 -1.00562936e-02  2.43589416e-01  2.68882424e-01 -3.84775698e-01  9.77520347e-02 -2.11335570e-01 -4.21913415e-02  2.02626720e-01  9.05109048e-02]
 [ 9.61290002e-02 -7.86015913e-02 -5.58252968e-02  8.34770426e-02 -1.86416805e-01  1.72811560e-02  2.65272427e-02 -4.44409810e-03  7.51828179e-02 -1.44142741e-02 -2.46236876e-01  1.76783383e-01 -2.06500903e-01  3.34476680e-01  2.04417497e-01]
 [ 1.66964099e-01 -1.56826954e-02 -2.50111759e-01  1.47196627e-03 -1.86104402e-01 -1.12507902e-02 -2.00136974e-01 -1.11876957e-01 -4.25099969e-01  1.56979278e-01 -1.80558488e-01 -1.52349651e-01  1.06313325e-01  2.25451082e-01  1.89920515e-01]
 [-4.91100878e-01  1.09141774e-01  4.34363037e-02 -3.83223534e-01 -1.86405778e-02  3.69159102e-01  2.44478062e-01 -8.52743685e-02  2.24387899e-01  6.29588310e-03 -1.52308181e-01 -5.34815481e-04  9.04888213e-02  4.01619852e-01 -1.65322185e-01]
 [-1.68855444e-01  6.53133988e-02  2.50256173e-02 -5.25729209e-02  7.57510662e-02  4.41824682e-02 -7.85314441e-02 -1.05581045e-01 -9.32849199e-02  1.56678513e-01 -8.33309740e-02 -8.05985332e-02  2.20243439e-01 -1.48677006e-01 -6.60524294e-02]
 [-1.35743275e-01 -7.23644570e-02  3.58243496e-03 -1.95802033e-01 -7.21418038e-02 -2.41884992e-01 -3.15503180e-02 -7.21099451e-02 -1.05245128e-01  1.43019930e-01  1.62721977e-01  1.54615268e-02  3.43305439e-01  7.74761941e-03 -3.60947281e-01]
 [-8.27375203e-02  4.41876799e-02 -1.82306707e-01 -2.26223748e-02 -2.77897669e-03 -4.13542526e-04  5.89387491e-02  2.73684617e-02  2.10344493e-01 -1.31223261e-01 -1.35724440e-01 -1.45207286e-01  4.69148438e-03  1.02055646e-01  6.54764920e-02]
 [-2.80054301e-01 -2.40763769e-01 -1.40398979e-01 -4.62068796e-01 -2.32741565e-01  1.12084463e-01 -4.40238640e-02  1.68504074e-01  8.39202628e-02  7.35853165e-02 -1.20190136e-01  9.15611088e-02  8.58537033e-02  6.88018724e-02  6.94945594e-03]]
R:
[[2.25946016e-04 2.21688412e-02 6.03275585e-05 5.70321630e-04 4.20740573e-03 9.63952780e-01 6.54077157e-03 9.42847459e-04 1.42446588e-05 1.31657044e-03]
 [2.11573322e-03 4.06405597e-04 1.61275108e-04 2.34874850e-03 1.01103331e-04 9.23816562e-01 2.60517263e-05 6.86084777e-02 3.09612574e-06 2.41253851e-03]
 [3.83905903e-03 2.49945577e-02 3.59941158e-04 3.13882629e-04 3.24805337e-03 9.64656353e-01 1.00734876e-03 1.11033686e-03 9.36384458e-06 4.61083575e-04]
 [8.42147786e-03 1.13250979e-04 3.59549653e-03 1.19012278e-02 4.83358526e-05 1.32241100e-01 7.75387207e-07 8.38359237e-01 5.03431556e-06 5.31417690e-03]
 [1.59146432e-02 2.84494337e-04 2.76320404e-03 4.97053385e-01 1.14878549e-05 2.64834106e-01 5.62580244e-05 2.01808080e-01 9.97426559e-06 1.72643866e-02]
 [2.15804335e-02 1.91178009e-01 6.10427279e-03 2.78097123e-01 1.53439557e-02 2.24362701e-01 1.26092613e-03 2.09593594e-01 2.65025976e-03 4.98287529e-02]
 [5.40198945e-02 1.36177245e-04 5.71135804e-03 1.13272751e-02 5.25825380e-05 7.22295269e-02 1.85446979e-07 8.39038253e-01 1.28870961e-05 1.74717642e-02]
 [4.06315439e-06 1.83881188e-04 2.03583422e-05 3.22640444e-05 9.36573940e-07 5.37072140e-07 9.99580801e-01 1.09579741e-08 7.66757439e-05 1.00465062e-04]
 [5.32505335e-04 3.58355767e-03 2.66351681e-02 1.86740683e-04 3.91450316e-01 1.41407545e-05 4.00156304e-02 9.57468073e-05 5.37377417e-01 1.08694614e-04]
 [5.79218140e-05 7.58144353e-03 9.34096461e-04 3.74482421e-04 4.55208588e-04 2.01490038e-04 9.86829340e-01 4.98372174e-06 1.33401272e-03 2.22707586e-03]
 [1.50343692e-02 8.77585448e-03 1.48261189e-02 2.78977215e-01 1.77342386e-04 2.52725221e-02 1.20111510e-01 8.59990343e-03 1.42593437e-03 5.26799202e-01]
 [8.89146794e-03 2.19578214e-05 4.64673378e-02 1.58323236e-02 2.86639442e-05 6.72102813e-03 3.53870284e-08 9.08360183e-01 2.79994929e-05 1.36489943e-02]
 [7.93422386e-03 1.53236091e-04 7.68448710e-01 4.88652885e-02 2.61320209e-04 3.65831656e-04 3.29246614e-05 1.69662744e-01 3.29350284e-03 9.82300844e-04]
 [5.86248375e-03 6.15361752e-03 9.82884169e-02 7.43718803e-01 7.07716565e-04 2.02488080e-02 1.88606660e-04 5.89391664e-02 3.98707605e-04 6.54936135e-02]
 [6.11314410e-03 1.22478437e-02 2.10488751e-03 2.88823128e-01 6.84201368e-05 2.47702487e-02 8.86503048e-03 3.21817352e-03 4.30041226e-04 6.53359115e-01]]
cosine similarity of topic:
[[ 9.9999970e-01  7.9121000e-01 -1.5070953e-05  8.8080637e-02  4.0582287e-05  4.5260829e-05  7.6313365e-05 -3.2244527e-05  2.2729143e-04 -1.0153852e-05]
 [ 7.9121000e-01  1.0000000e+00 -5.4606848e-05  4.4196804e-06  7.4328753e-05  7.1365641e-05  2.0273164e-04 -4.4250768e-02 -1.3810802e-05 -3.4977183e-01]
 [-1.5070953e-05 -5.4606848e-05  1.0000001e+00 -1.6748421e-04 -6.0067192e-02 -2.3214255e-01 -2.5206763e-01  2.2457438e-03  3.4170917e-01  5.2652925e-01]
 [ 8.8080637e-02  4.4196804e-06 -1.6748421e-04  9.9999964e-01  3.9246804e-01 -5.0512890e-06 -7.7381361e-01 -6.3050851e-02  7.6061742e-06  1.4517178e-02]
 [ 4.0582287e-05  7.4328753e-05 -6.0067192e-02  3.9246804e-01  9.9999982e-01  1.5656863e-01 -1.7076236e-05 -8.4811603e-07 -2.5658201e-06 -8.5955886e-05]
 [ 4.5260829e-05  7.1365641e-05 -2.3214255e-01 -5.0512890e-06  1.5656863e-01  1.0000004e+00  3.6737618e-01  6.9572226e-05  1.3926759e-01  3.9005987e-05]
 [ 7.6313365e-05  2.0273164e-04 -2.5206763e-01 -7.7381361e-01 -1.7076236e-05  3.6737618e-01  9.9999976e-01  1.4849701e-04  7.3093645e-02  2.1149027e-04]
 [-3.2244527e-05 -4.4250768e-02  2.2457438e-03 -6.3050851e-02 -8.4811603e-07  6.9572226e-05  1.4849701e-04  9.9999958e-01  7.0121801e-05  7.6022247e-05]
 [ 2.2729143e-04 -1.3810802e-05  3.4170917e-01  7.6061742e-06 -2.5658201e-06  1.3926759e-01  7.3093645e-02  7.0121801e-05  1.0000001e+00 -7.1701485e-05]
 [-1.0153852e-05 -3.4977183e-01  5.2652925e-01  1.4517178e-02 -8.5955886e-05  3.9005987e-05  2.1149027e-04  7.6022247e-05 -7.1701485e-05  1.0000000e+00]]
