hidden representaion(r*topic):
[[-9.35071260e-02 -2.37143442e-01  1.77569851e-01 -1.45069167e-01  6.40659034e-02 -1.40204743e-01 -1.59661978e-01 -3.56646150e-01  1.91926196e-01  3.07013467e-02  1.04834884e-01 -1.80070534e-01 -1.17032848e-01  2.51587689e-01  1.09266020e-01]
 [-2.44597942e-02 -2.20457856e-02 -1.16672330e-02 -7.33827753e-03  4.34334353e-02  4.03285446e-03 -1.51135921e-02 -1.94255542e-02  4.87063453e-02  9.48005542e-03 -3.40139028e-04  4.19162028e-03  5.01121907e-03  9.93096307e-02  7.84182623e-02]
 [-1.00077994e-01 -2.37260282e-01  1.75468549e-01 -1.50001809e-01  8.10688585e-02 -1.36195898e-01 -1.55926779e-01 -3.61518621e-01  2.10886225e-01  3.76004092e-02  1.01703785e-01 -1.71929479e-01 -1.20816588e-01  2.52362579e-01  1.22287221e-01]
 [-1.07274409e-02 -4.45439816e-02  1.26916021e-02  1.37517843e-02  3.71645065e-03 -1.60141662e-02 -4.01766878e-03 -3.17554064e-02  1.07887192e-02 -2.14365479e-02  1.13815479e-02 -4.83275577e-02  3.01392167e-03  9.02380720e-02  7.83392116e-02]
 [ 5.12939990e-02  3.55283208e-02 -5.70456535e-02  9.95585099e-02 -9.51888040e-02  2.79663112e-02  4.69637811e-02  1.10902384e-01 -1.31059811e-01 -7.19137490e-02 -2.19069552e-02 -4.65881526e-02  6.88146576e-02  2.67086532e-02  1.91238560e-02]
 [-4.70613614e-02 -1.06890835e-01  6.39670119e-02 -5.39587103e-02  4.69190739e-02 -5.29897027e-02 -6.45257905e-02 -1.43315330e-01  9.56301689e-02  9.77945328e-03  4.06530164e-02 -7.08653778e-02 -4.22615483e-02  1.47120118e-01  9.10357311e-02]
 [-2.82155424e-02  1.10497484e-02 -6.26124740e-02  4.41891067e-02  5.13500944e-02  5.82024306e-02  6.25956655e-02  7.72437230e-02  4.60684672e-02  6.82751276e-03 -2.32720394e-02  5.09944111e-02  3.53330933e-02  2.80719455e-02  1.02285162e-01]
 [ 2.41709258e-02  6.10019825e-02 -8.73794556e-02  7.45052397e-02 -2.21164208e-02  6.09157793e-02  5.82060106e-02  1.35206401e-01 -6.83207512e-02 -2.18794495e-02 -3.72617394e-02  4.70158421e-02  7.17083663e-02  1.18842022e-02  2.25434043e-02]
 [ 6.41897693e-03 -1.54482778e-02 -1.58425961e-02  5.18733896e-02 -2.84305047e-02  5.83853014e-03  2.91504506e-02  2.88574509e-02 -3.65367234e-02 -3.54888774e-02 -1.33334938e-03 -3.96609567e-02  3.07177845e-02  5.95890209e-02  6.35536164e-02]
 [ 1.39123186e-01  1.01076677e-01 -8.34072754e-02  2.00953081e-01 -2.68915743e-01  2.15459485e-02  6.81022927e-02  2.38244265e-01 -3.62265378e-01 -1.58230364e-01 -2.62691621e-02 -1.01815961e-01  1.38279900e-01 -6.05392875e-03 -7.79271275e-02]
 [ 6.21509105e-02  3.01323608e-02 -3.78910527e-02  1.17571265e-01 -1.30936503e-01  7.16965087e-03  4.71310057e-02  1.15345977e-01 -1.77692920e-01 -9.30129513e-02 -7.49166170e-03 -7.10254908e-02  7.44890720e-02  3.17231603e-02  9.24635492e-03]
 [ 4.05499563e-02  3.76357026e-02 -5.60516566e-02  1.07694499e-01 -7.81987384e-02  3.20951715e-02  7.19164237e-02  1.20237790e-01 -1.21327534e-01 -6.52730018e-02 -2.07865499e-02 -2.77296137e-02  7.12013468e-02  1.66326389e-02  3.62520739e-02]
 [ 9.11028758e-02  8.54894444e-02 -8.84092078e-02  1.67156368e-01 -1.55462667e-01  4.52555493e-02  9.25825760e-02  2.17667997e-01 -2.39382297e-01 -1.10174455e-01 -3.63680981e-02 -3.23169641e-02  1.12687267e-01 -2.32358500e-02 -7.64423842e-03]
 [ 2.69073397e-02  1.33539438e-02 -3.56658809e-02  8.68995190e-02 -6.05063029e-02  1.79630723e-02  5.53229116e-02  8.10927004e-02 -8.97848010e-02 -5.55998087e-02 -1.08377431e-02 -3.68363820e-02  5.39197698e-02  3.53316665e-02  4.98455912e-02]
 [ 1.28445193e-01  1.08396135e-01 -9.43181291e-02  2.02287540e-01 -2.42718324e-01  3.53995264e-02  8.55476707e-02  2.50239342e-01 -3.38601798e-01 -1.48998916e-01 -3.21106687e-02 -7.79977590e-02  1.39352322e-01 -1.71623304e-02 -5.87604567e-02]]
R_hid(hidden representaion to predict r):
[[1.8480823  0.         0.         1.6275791  0.         0.8555527  1.4135274  0.         2.3576825  0.         0.         0.         0.04929588 0.90199053 0.        ]
 [0.         0.         0.         0.9109683  1.1347681  1.3633983  0.         0.         0.22960517 0.66278464 0.         0.         0.31850472 1.269939   0.        ]
 [0.3598447  1.3409994  0.29823104 0.6131931  0.         0.         0.9221237  0.134874   0.04985103 0.         0.         0.         1.0080954  0.26177996 0.        ]
 [0.         0.17562695 0.41163182 0.         0.20360912 0.         0.58051723 0.51045704 0.         0.         0.         0.31211054 0.7133299  0.         0.        ]
 [0.         0.         0.         0.         1.8481228  0.47755513 0.         0.         0.         0.5915174  0.02605709 0.         0.         0.         1.57465   ]
 [0.         0.4817817  0.         0.13894328 0.16809902 0.09514117 0.73436403 0.20968223 0.         0.55946136 0.         0.552829   0.06531805 0.         0.        ]
 [0.         2.2309463  0.         0.         1.8621708  1.9103731  0.         0.         0.         2.0854876  0.65486974 0.         0.8537254  0.05992034 2.2248476 ]
 [0.         0.         1.2221521  0.56285435 0.         0.         0.46049717 0.4114085  0.15570107 0.         0.76656103 0.96383595 0.         2.1301067  0.        ]
 [0.32260427 0.54907453 0.         0.403546   0.         0.         0.7309804  0.53798395 0.78400606 0.80758625 0.         0.         0.14593357 0.         0.        ]
 [1.3214306  0.         0.         1.4432777  0.9982765  1.2193357  0.         0.         0.49189645 0.         0.         2.5414689  0.         1.5053158  0.91936517]
 [0.46299297 0.         0.7668488  0.         0.         0.         0.         0.9979307  0.3671508  0.         0.49229503 0.         0.8256404  0.         0.        ]
 [0.26415518 0.65912676 0.36327296 0.         0.         0.         0.53706914 1.0597973  0.21191962 0.6361257  0.7715703  0.         0.6902997  0.         0.        ]
 [1.2715145  0.         1.6478441  0.5552494  0.         0.9932617  0.03361986 0.51375484 0.83415896 0.         1.9913692  1.6001297  0.         0.         0.        ]
 [0.10921611 0.77723485 0.13086551 0.         0.         0.         0.66579074 0.950255   0.2749081  0.71135914 0.         0.         0.4523951  0.         0.        ]
 [0.6973217  0.         1.2913024  0.         0.         0.         0.05046212 1.0203586  0.28876218 0.         1.8393149  0.         0.7969124  0.         0.7849841 ]]
topics:
[[-0.25062174 -0.04955289 -0.13643858  0.22632687  0.01884599  0.23134035  0.48519102  0.17092462  0.2200539   0.11993425  0.04235056  0.06731521  0.14322609 -0.09957957  0.19616179]
 [-0.03130893 -0.03111069 -0.07518815 -0.10660014  0.15863104  0.06151893 -0.11014628 -0.08892737  0.22995347  0.0263963  -0.05410276 -0.00430616 -0.0504887   0.1055929   0.13346164]
 [-0.00776873  0.05971274 -0.13141482  0.10187963  0.03247116  0.14174727  0.27134523  0.02240193  0.00301332  0.02374297 -0.07544648  0.00494207  0.11764078 -0.06468282  0.03396817]
 [ 0.05401074  0.19678721 -0.08981968  0.2889457  -0.3609587  -0.02225967  0.03466299  0.25705236 -0.426919   -0.1887638   0.06922566 -0.1845733   0.21686818  0.3231724   0.09890477]
 [-0.11664049 -0.28624997  0.21892801 -0.18201254  0.08655039 -0.1696551  -0.19114828 -0.4371203   0.2440388   0.04241922  0.12680796 -0.21234576 -0.14888379  0.28834638  0.129992  ]
 [ 0.28368887  0.0380341   0.01786106 -0.0592192   0.03135433 -0.06512718 -0.01521868 -0.17106965 -0.1439557  -0.03553005 -0.2634786  -0.08863461 -0.08629365 -0.03295309 -0.03430256]
 [-0.04637649 -0.17354506  0.14058828  0.04621351  0.24169393 -0.08828513  0.06811243  0.03264914  0.12828077 -0.04526822  0.01121883  0.08891924 -0.09879211 -0.04615828  0.41251808]
 [-0.03712857  0.23591551 -0.27344045 -0.00806409  0.21820936  0.23006141  0.08986106  0.31115538  0.11502899  0.16344678 -0.13665152  0.43769956  0.11510938 -0.06691264 -0.03551076]
 [ 0.18327565  0.15696315 -0.12338807  0.26419657 -0.3393768   0.04347949  0.10437993  0.33896023 -0.4712079  -0.19693568 -0.0449966  -0.0992595   0.18363757 -0.04702125 -0.11599595]
 [-0.04541142 -0.05102086  0.04956924  0.00375145  0.08428744 -0.03039738 -0.00886083  0.03854677  0.05892319 -0.09646796  0.07395991  0.00565409 -0.04572478 -0.01076258  0.11146349]]
R:
[[1.30664313e-03 2.46102526e-03 4.93016152e-04 9.32948664e-04 8.90422523e-01 1.73091516e-03 3.60296038e-03 3.48763652e-02 6.38223514e-02 3.51225201e-04]
 [3.10977418e-02 9.85896885e-02 1.37682231e-02 8.27495232e-02 3.12364697e-01 3.96751016e-02 6.57749102e-02 2.10736349e-01 1.08041853e-01 3.72019298e-02]
 [9.60252713e-03 2.18382590e-02 7.60036893e-03 1.74587239e-02 8.66093397e-01 1.29304258e-02 1.17168454e-02 3.56339365e-02 9.29608755e-03 7.82951806e-03]
 [4.41096164e-02 7.83919767e-02 3.60772610e-02 5.60745671e-02 3.17141593e-01 4.42320518e-02 7.44534135e-02 9.63064283e-02 1.88048184e-01 6.51649535e-02]
 [5.34307100e-02 1.46329314e-01 2.90838145e-02 2.34385971e-02 1.36332214e-01 2.83223707e-02 4.77481037e-02 5.94071187e-02 4.46571678e-01 2.93361247e-02]
 [2.29761433e-02 5.63770980e-02 1.15461806e-02 3.75656933e-02 5.16780138e-01 2.69210283e-02 4.94179800e-02 1.21222042e-01 1.09731294e-01 4.74624038e-02]
 [1.22945391e-01 1.99617147e-01 1.46469232e-02 5.06706201e-02 1.02411240e-01 2.38747634e-02 1.25845581e-01 1.81028903e-01 1.40282467e-01 3.86769325e-02]
 [3.93401235e-02 9.02843252e-02 4.90893051e-02 2.07978934e-02 1.31568119e-01 1.21903149e-02 6.55093789e-02 2.38469943e-01 3.31956387e-01 2.07942203e-02]
 [6.60694018e-02 9.09332633e-02 3.77507396e-02 4.16649096e-02 2.42348805e-01 3.46606448e-02 8.24520066e-02 8.78391266e-02 2.78765857e-01 3.75153087e-02]
 [4.27446282e-03 1.48430122e-02 1.60918047e-03 1.62580749e-03 1.14790179e-01 2.98139500e-03 4.56075557e-03 1.33432588e-02 8.39878380e-01 2.09345948e-03]
 [3.31230760e-02 4.24773544e-02 3.65636796e-02 3.19481939e-02 1.83773488e-01 1.92049686e-02 5.91541268e-02 4.12647240e-02 5.05899727e-01 4.65906598e-02]
 [6.84264004e-02 7.76960775e-02 6.01178929e-02 4.77852039e-02 1.11737035e-01 3.87592465e-02 7.83294216e-02 7.75195062e-02 3.78378719e-01 6.12505227e-02]
 [3.80003862e-02 7.14816079e-02 4.80207801e-02 1.52319912e-02 2.95908190e-02 1.18425991e-02 9.05450359e-02 6.14797659e-02 6.02442205e-01 3.13648656e-02]
 [6.89931735e-02 7.28380829e-02 5.06284162e-02 4.96749096e-02 1.67587742e-01 3.97819057e-02 8.48981664e-02 7.39972144e-02 3.36350471e-01 5.52499667e-02]
 [1.77619029e-02 3.43356654e-02 2.45167911e-02 1.94053296e-02 5.44435643e-02 6.52738754e-03 2.61187796e-02 2.36761440e-02 7.68403828e-01 2.48105992e-02]]
cosine similarity of topic:
[[ 1.0000001e+00  3.0470832e-05  7.4489540e-01 -3.2097534e-05 -6.5957305e-05 -5.4955626e-01  5.1947591e-05 -6.9038741e-02  4.2833028e-05 -5.4586929e-04]
 [ 3.0470832e-05  1.0000001e+00 -6.0341175e-04  1.6407167e-04  6.2334454e-01  1.5632420e-04 -4.6289788e-05  1.1596637e-04 -6.7982817e-01  2.6169425e-04]
 [ 7.4489540e-01 -6.0341175e-04  9.9999976e-01 -1.0210271e-05 -8.1878170e-05  3.3412962e-05 -2.6366577e-05 -1.9673449e-05 -5.1377077e-02  5.1649607e-04]
 [-3.2097534e-05  1.6407167e-04 -1.0210271e-05  1.0000001e+00  1.2776571e-04 -2.1445425e-05 -9.8725999e-05  1.2554515e-04  4.7076789e-01  5.2416122e-05]
 [-6.5957305e-05  6.2334454e-01 -8.1878170e-05  1.2776571e-04  1.0000002e+00 -6.7605102e-04 -9.6965909e-05 -6.5971792e-01 -6.2049407e-01  2.0993469e-04]
 [-5.4955626e-01  1.5632420e-04  3.3412962e-05 -2.1445425e-05 -6.7605102e-04  9.9999988e-01  2.5221220e-01 -1.2413658e-03  9.4651179e-05  8.3625877e-05]
 [ 5.1947591e-05 -4.6289788e-05 -2.6366577e-05 -9.8725999e-05 -9.6965909e-05  2.5221220e-01  1.0000002e+00  7.5349395e-05  1.7641186e-04  6.9028348e-01]
 [-6.9038741e-02  1.1596637e-04 -1.9673449e-05  1.2554515e-04 -6.5971792e-01 -1.2413658e-03  7.5349395e-05  1.0000000e+00  2.0858015e-06 -1.0221545e-04]
 [ 4.2833028e-05 -6.7982817e-01 -5.1377077e-02  4.7076789e-01 -6.2049407e-01  9.4651179e-05  1.7641186e-04  2.0858015e-06  9.9999994e-01 -7.1471222e-05]
 [-5.4586929e-04  2.6169425e-04  5.1649607e-04  5.2416122e-05  2.0993469e-04  8.3625877e-05  6.9028348e-01 -1.0221545e-04 -7.1471222e-05  1.0000001e+00]]
