hidden representaion(r*topic):
[[-0.127885   -0.1445395  -0.5172745  -0.22433475 -0.25698668  0.03660714  0.04781456  0.30961722  0.21723816 -0.29373497  0.09127554 -0.15949818 -0.06737189  0.13922846  0.0789052 ]
 [-0.18354069 -0.09968417 -0.33942118 -0.22676492 -0.17942756  0.06217965  0.06196648  0.19581795  0.19781257 -0.18772073  0.03396127 -0.10275634 -0.00236068  0.12010715  0.01030844]
 [-0.1569473  -0.15933135 -0.5475785  -0.24422099 -0.26565495  0.04084751  0.0675152   0.3542285   0.27176422 -0.33978176  0.11786335 -0.16941935 -0.08359908  0.12771167  0.07126486]
 [-0.15736039 -0.05376204 -0.163658   -0.17252657 -0.1056012   0.05144507  0.03253888  0.05106695  0.10821172 -0.05073087 -0.04955624 -0.04031931  0.0527655   0.10085928 -0.01250894]
 [-0.17433496 -0.00284927 -0.09470994 -0.1502047  -0.0458141   0.0691729   0.03190108 -0.00591574  0.08003663 -0.00580125 -0.07012293 -0.04585186  0.08858664  0.07524963 -0.03681638]
 [-0.00463001 -0.04401716 -0.20853667 -0.10326836 -0.15382479  0.03656659 -0.03582969 -0.00697766 -0.05104691  0.00726203 -0.10517393 -0.03008918  0.02011051  0.18518054  0.09560578]
 [-0.09432147 -0.01329216 -0.12102203 -0.11954917 -0.08463422  0.05882664  0.00291341 -0.03273212  0.02620339  0.01200926 -0.11493142 -0.02988163  0.05615348  0.13511968  0.03021317]
 [-0.08846873 -0.03631189 -0.22990085 -0.12815845 -0.11337644  0.04436764 -0.0134732   0.05121927  0.0308492  -0.04069187 -0.06771003 -0.09106966  0.04903939  0.10263788  0.04946101]
 [ 0.01131311 -0.04464641 -0.2920703  -0.11335614 -0.17794234  0.02408449 -0.05749321  0.02742622 -0.08903584 -0.00548141 -0.07544152 -0.0916056   0.04482781  0.18868539  0.09980722]
 [ 0.0453337  -0.00312782 -0.18919693 -0.06928502 -0.1269718   0.01915726 -0.09829527 -0.07690934 -0.19602695  0.10865408 -0.13662371 -0.07069948  0.09889152  0.17158118  0.09515281]
 [ 0.003533   -0.05348464 -0.24278158 -0.10148905 -0.1722636   0.0387703  -0.02821843  0.02353842 -0.03345969 -0.01961823 -0.1013448  -0.03690927 -0.0051057   0.20265652  0.11442344]
 [ 0.05217497  0.00186187 -0.14880078 -0.06462461 -0.12169088  0.01787478 -0.09593838 -0.11596271 -0.20158757  0.13093916 -0.1585206  -0.04421259  0.10181633  0.190756    0.09089311]
 [ 0.19375338  0.01324011 -0.2120259  -0.01934833 -0.17919417 -0.00928739 -0.16954641 -0.16856773 -0.38750952  0.20537756 -0.19341502 -0.06268166  0.11381499  0.28483307  0.16418251]
 [-0.0357292  -0.02897157 -0.18221617 -0.11191009 -0.12392306  0.04678782 -0.03967999 -0.02649953 -0.04896228  0.02580484 -0.11410809 -0.04446584  0.05233365  0.15037909  0.07516992]
 [ 0.0065518  -0.04499141 -0.18995048 -0.08739005 -0.15325221  0.04141089 -0.02910119 -0.01218225 -0.04216108  0.00930691 -0.12620413 -0.00879578 -0.00366873  0.19880877  0.11288463]]
R_hid(hidden representaion to predict r):
[[2.0763083  0.         0.         0.65689003 0.         0.         0.47818843 0.         0.         0.24401127 1.2979984  1.1669297  1.3419819  0.         0.        ]
 [0.         0.         0.         0.6215415  0.         0.         0.         0.         0.         1.5833479  0.         2.2259457  1.7009534  0.         0.        ]
 [0.8783705  0.         0.         0.8780377  0.         0.         0.         0.         0.         0.3420828  1.5626231  0.8802417  1.4570227  0.03803544 0.        ]
 [0.         0.         0.         0.47227216 0.         0.         0.         0.1731857  0.25184432 0.         0.         0.88149774 0.51555604 0.         0.        ]
 [0.         0.         0.         0.         0.         0.         0.         0.         0.6173215  0.88160557 0.         0.65175444 0.18412563 0.         0.        ]
 [0.         0.         0.07890905 0.6554866  1.0388857  0.         1.2153807  0.         0.         0.         0.         0.         0.25510836 0.02653582 0.        ]
 [0.         1.468642   0.         1.1714524  0.8585313  0.         0.         0.         0.         0.2936112  0.         0.05035176 0.         1.736279   0.41171128]
 [1.3136834  0.12667325 1.371784   0.         0.         1.3661095  0.05684537 1.2404995  0.41431665 0.         0.         0.         0.         0.         0.5338752 ]
 [0.         0.         0.6400828  0.         0.03169104 1.4269934  0.49237314 2.58047    1.3497611  0.         0.71671414 0.         0.         0.         0.        ]
 [1.2468591  1.0608648  1.9762026  0.         0.46460998 0.         1.5062588  0.691045   0.12537871 0.         0.8006226  0.01889562 0.         0.         1.5828558 ]
 [0.4511563  0.         0.11164633 0.         1.2158794  0.725236   0.7906209  0.         0.07042683 0.         0.         0.         0.         1.2436004  0.        ]
 [0.         2.5512462  1.0485656  1.3157861  1.2355919  0.         0.0269578  0.         0.         0.33946633 0.         0.         0.         1.4670322  2.0185893 ]
 [0.31211308 0.38599893 0.03099558 0.         0.         0.57715404 0.         1.1715499  2.685465   0.58901787 1.943591   0.         0.         0.28406784 0.        ]
 [0.5182715  0.         0.         1.306541   0.         1.545856   0.         0.         0.         2.3065233  0.19167896 0.125883   1.0441645  0.88015795 0.14139125]
 [0.06021297 0.         0.256365   0.         1.9755313  0.846476   1.017272   0.         0.24616246 0.         0.         0.         0.         0.5901653  0.36803174]]
topics:
[[-0.21051176  0.00143698  0.26876035 -0.01804669  0.15375689  0.1394966   0.01304113 -0.3344947   0.25909725 -0.00435858 -0.21657294  0.23436286 -0.04578563 -0.24779557  0.07133052]
 [-0.01981549  0.13852912  0.08940265  0.07133261  0.18349451  0.01809804 -0.0289599  -0.09947459  0.07445557 -0.10129155 -0.00835346  0.06457147 -0.09866749 -0.13907082  0.07110524]
 [-0.16512087 -0.16628806 -0.56622994 -0.2511278  -0.27174824  0.04054954  0.07398774  0.37512076  0.2921083  -0.3609793   0.13068831 -0.17609987 -0.09138121  0.12392438  0.07050408]
 [ 0.10011304 -0.10062692 -0.06208101  0.03358308 -0.19000019  0.04738765  0.05242007  0.01381007  0.08414219 -0.01755547 -0.26212367  0.19228336 -0.2358478   0.3307032   0.24211098]
 [ 0.20375174  0.01455304 -0.2144309  -0.01571742 -0.18216069 -0.01119001 -0.1755949  -0.17430317 -0.40200412  0.21283777 -0.19750622 -0.06378868  0.11602962  0.29054946  0.16920604]
 [-0.4668085   0.11659162  0.01806763 -0.36582157 -0.04611865  0.39993918  0.25140718 -0.09083258  0.19789132  0.04134807 -0.16195986 -0.0161512   0.13303098  0.3718163  -0.15078314]
 [-0.18755706  0.05655867  0.05248985 -0.08075095  0.08976215  0.06331268 -0.04837613 -0.09376033 -0.06300476  0.1518312  -0.10827482 -0.06081257  0.19936058 -0.12253661 -0.07125264]
 [-0.12605426 -0.08212997 -0.01719903 -0.20062666 -0.09446105 -0.22929196 -0.03025877 -0.0686501  -0.1091466   0.128947    0.17792909 -0.00930009  0.3516667   0.02152438 -0.35465777]
 [-0.11007949  0.05432794 -0.18826711 -0.02955139 -0.01100317  0.04423638  0.05975711  0.00346839  0.21381222 -0.12859955 -0.15520714 -0.16086732  0.01462313  0.12149249  0.06056137]
 [-0.26485434 -0.26083672 -0.14907715 -0.42446265 -0.25859132  0.12744989 -0.03920487  0.14021233  0.07596315  0.07464207 -0.13900548  0.09069091  0.07340445  0.09009188  0.0251793 ]]
R:
[[0.00243341 0.00109751 0.8758806  0.00515132 0.10011341 0.00280152 0.00689821 0.00150062 0.00157644 0.00254692]
 [0.01222443 0.02190591 0.56295294 0.02137232 0.00778628 0.09479953 0.04962707 0.07654853 0.07993286 0.0728502 ]
 [0.00122711 0.00107915 0.9571409  0.0026979  0.02388854 0.0038914  0.00281884 0.00142815 0.00198831 0.00383967]
 [0.03273219 0.03402977 0.21390353 0.07604842 0.02987146 0.08984363 0.10917422 0.13357961 0.16446246 0.11635468]
 [0.02057574 0.06346732 0.11416315 0.03940926 0.02802071 0.13570204 0.22729191 0.11677545 0.18464063 0.06995378]
 [0.04949076 0.03653864 0.21603164 0.11803421 0.38532296 0.04767285 0.02168097 0.04019617 0.03724901 0.04778282]
 [0.04628742 0.0504276  0.07403098 0.0764446  0.19142252 0.09774739 0.0750265  0.07943229 0.21703649 0.09214421]
 [0.01042181 0.01135288 0.2871783  0.02061048 0.20868292 0.01957363 0.22272836 0.01274214 0.15539916 0.05131025]
 [0.00861038 0.00916224 0.32733545 0.0145503  0.48646328 0.02242163 0.07039256 0.01221638 0.03184915 0.01699863]
 [0.00544277 0.00425989 0.11213581 0.01200003 0.5785641  0.00866681 0.19688635 0.00720405 0.04973707 0.02510309]
 [0.03253881 0.02717868 0.27377814 0.15555423 0.37586245 0.0416186  0.01820656 0.01520361 0.02996752 0.03009133]
 [0.03049021 0.01595291 0.0125798  0.02741993 0.5909723  0.02932571 0.08982625 0.04695147 0.10163375 0.05484771]
 [0.00138903 0.00216543 0.00578378 0.00319878 0.9721106  0.00298567 0.00390957 0.00354105 0.00342205 0.00149397]
 [0.05698305 0.03004649 0.16210689 0.03980081 0.36614788 0.0490295  0.08164274 0.02625064 0.10557747 0.08241455]
 [0.04890529 0.03502157 0.1851203  0.19558732 0.3594405  0.04640059 0.02170155 0.02595195 0.03861329 0.04325766]]
cosine similarity of topic:
[[ 1.00000036e+00  7.66807258e-01 -9.24734399e-02  1.44178018e-01 -6.64222986e-03  3.84875093e-05  8.08161916e-04  1.20234945e-05  5.49139040e-05  3.96420539e-04]
 [ 7.66807258e-01  1.00000000e+00 -1.59854174e-01  2.18731766e-05  1.18876618e-04  6.79973364e-02 -2.06715940e-03 -2.00927690e-01 -1.18647440e-04 -4.33839977e-01]
 [-9.24734399e-02 -1.59854174e-01  9.99999762e-01 -1.63064087e-05 -3.46258670e-01 -2.38178432e-01 -3.07381302e-01  1.17680967e-01  3.34810793e-01  5.14648497e-01]
 [ 1.44178018e-01  2.18731766e-05 -1.63064087e-05  1.00000000e+00  4.59956199e-01 -3.29099712e-05 -7.19016492e-01 -1.57745615e-01  7.31412656e-05  1.57313228e-01]
 [-6.64222986e-03  1.18876618e-04 -3.46258670e-01  4.59956199e-01  1.00000036e+00  2.65896857e-01  1.75273162e-05  3.49651673e-05 -2.12632585e-06 -1.86627367e-05]
 [ 3.84875093e-05  6.79973364e-02 -2.38178432e-01 -3.29099712e-05  2.65896857e-01  9.99999881e-01  4.48568076e-01  2.79900196e-05  2.86254466e-01 -6.51287846e-05]
 [ 8.08161916e-04 -2.06715940e-03 -3.07381302e-01 -7.19016492e-01  1.75273162e-05  4.48568076e-01  1.00000048e+00 -6.36568366e-05  2.20863670e-01  8.02946597e-05]
 [ 1.20234945e-05 -2.00927690e-01  1.17680967e-01 -1.57745615e-01  3.49651673e-05  2.79900196e-05 -6.36568366e-05  1.00000012e+00  6.61008889e-05  4.47193124e-05]
 [ 5.49139040e-05 -1.18647440e-04  3.34810793e-01  7.31412656e-05 -2.12632585e-06  2.86254466e-01  2.20863670e-01  6.61008889e-05  9.99999881e-01  5.00031229e-06]
 [ 3.96420539e-04 -4.33839977e-01  5.14648497e-01  1.57313228e-01 -1.86627367e-05 -6.51287846e-05  8.02946597e-05  4.47193124e-05  5.00031229e-06  1.00000012e+00]]
