hidden representaion(r*topic):
[[-1.75462738e-01 -1.06349647e-01 -7.91869871e-03  1.09384820e-01  9.82748121e-02  9.10502225e-02  3.23032051e-01  1.19101018e-01  1.51270077e-01  5.99084049e-02 -2.25917380e-02  1.05009586e-01 -3.31725292e-02 -5.08126356e-02  2.62294501e-01]
 [-3.21310349e-02  1.33312449e-01 -1.52358115e-01  9.55228657e-02 -5.68069778e-02  6.44707680e-02  1.80044010e-01  2.09684074e-01 -6.49998412e-02 -2.04232056e-04 -4.93269600e-02  1.01365626e-01  8.89168382e-02  3.07962578e-02  7.82294869e-02]
 [-2.13550568e-01 -9.18213949e-02 -5.80780730e-02  1.12640560e-01  2.36017816e-02  1.37583852e-01  4.30994332e-01  1.35244250e-01  1.61599651e-01  6.42086491e-02 -4.70355749e-02  7.28285536e-02 -2.91014016e-02 -6.92771971e-02  1.50701851e-01]
 [-1.19492196e-01 -1.82180449e-01  1.55651510e-01 -9.83973742e-02  1.13432584e-02 -1.09321751e-01  1.53381275e-02 -1.76114559e-01  1.26208588e-01 -7.27530941e-02  1.16762176e-01 -5.71434647e-02 -2.85299141e-02  1.64837241e-01  7.02085420e-02]
 [-1.49719678e-02  1.30323634e-01 -1.36340111e-01  7.58391097e-02 -4.07783613e-02  5.47409318e-02  1.22203231e-01  1.80772111e-01 -6.22498840e-02 -1.27658546e-02 -3.79523300e-02  9.02761817e-02  9.05739143e-02  4.40056585e-02  6.15198910e-02]
 [-1.25518247e-01 -1.94671243e-01  1.70371860e-01 -1.03471935e-01  6.37096027e-03 -1.14861757e-01  4.52813227e-03 -1.78004682e-01  1.27567813e-01 -7.84964561e-02  1.20510124e-01 -5.98550960e-02 -3.69309783e-02  1.79065794e-01  7.50138611e-02]
 [-9.66989696e-02  2.96308473e-02 -8.51894841e-02  2.36868318e-02  7.93027580e-02  9.31991637e-02  1.79138362e-01  1.55556321e-01  9.54789966e-02  1.14332214e-02 -4.12202142e-02  1.66887388e-01  2.06932649e-02 -5.39099388e-02  3.65194269e-02]
 [-3.13562565e-02  6.28190562e-02 -1.18299343e-01  1.16680935e-01  3.07195373e-02  1.30445391e-01  2.08924577e-01  2.06486601e-02 -8.48440453e-04  2.91820876e-02  2.87500466e-03 -1.05169853e-02  1.66152596e-01 -2.13563535e-02 -2.70161536e-02]
 [-9.75036472e-02 -1.34246513e-01  1.23536423e-01 -3.98611743e-03  8.08855705e-03 -9.55049135e-03 -1.07920365e-02 -4.09556888e-02  5.49497977e-02 -7.48398006e-02  7.48932883e-02 -4.08250503e-02  7.31283333e-04  1.61418095e-01  8.21372941e-02]
 [ 2.17489511e-01 -4.22532624e-03  7.60665834e-02 -2.98351888e-02  1.63935814e-02 -4.95240428e-02  4.13783751e-02 -1.37586400e-01 -1.48725525e-01 -2.90947109e-02 -3.43058884e-01 -8.03199336e-02 -1.16520755e-01 -2.60576662e-02 -1.12172574e-01]
 [-8.33747014e-02 -7.63581544e-02  5.35950288e-02  2.94357073e-02 -8.28826334e-03  3.44085358e-02  5.80311604e-02 -1.24179879e-02  2.95242146e-02 -5.71579784e-02  5.36367223e-02 -4.06064987e-02  4.73047607e-02  1.12113163e-01  1.98025126e-02]
 [-7.76783675e-02 -6.80109262e-02  3.83092761e-02  2.60928869e-02  1.35902772e-02  3.87882628e-02  6.25588074e-02 -3.05587947e-02  4.72451486e-02 -3.89362499e-02  4.87645566e-02 -3.55406888e-02  5.21643162e-02  1.01120286e-01  3.16765532e-02]
 [-8.49066377e-02 -8.00081417e-02  7.11637437e-02  5.74768931e-02 -2.43547857e-02  8.67400840e-02 -9.20309685e-03  4.75871563e-02  3.94334644e-03 -7.40447566e-02  3.48987654e-02 -4.93794903e-02  3.73541452e-02  1.61545604e-01  2.03492846e-02]
 [-8.20896924e-02 -7.50864521e-02  4.57943194e-02  2.88962908e-02  1.69969294e-02  6.14584573e-02  3.00570764e-02 -1.59708261e-02  5.57108298e-02 -3.92798297e-02  3.76067609e-02 -3.84041853e-02  3.75078730e-02  1.23279780e-01  4.19770554e-02]
 [-7.57009611e-02 -4.97197285e-02  3.70214805e-02  7.94097185e-02 -3.28357443e-02  8.10971037e-02  6.04792498e-02  7.01685622e-02 -2.18627639e-02 -7.18688220e-02  3.50469127e-02 -3.70397717e-02  6.36636093e-02  1.05096579e-01 -2.52625439e-04]]
R_hid(hidden representaion to predict r):
[[ 4.6889896   0.8785793  -1.4225055  -0.8369674   0.01381172  0.01989374  0.9167736   0.7737648  -1.4231628  -1.209987   -0.53750426  0.4276907  -1.2151214  -1.4504777  -1.2082266 ]
 [ 6.9338923  -1.3112874  -1.1850224  -1.2061012  -1.4577388   2.6149535  -0.56299186 -0.8950652   1.312587   -1.4577388   2.1135461  -1.0085208  -0.357556   -1.3243072  -0.8915938 ]
 [ 4.1403403  -1.0398325  -1.408713   -1.4356757   0.9221224  -0.9994893   0.22383852 -1.1011175  -1.1653736   0.31810763  2.2239466  -0.70923257 -0.44120443 -1.4490163  -1.4577388 ]
 [ 1.8555288  -1.1449329  -1.4326501  -1.4226068   0.5787611  -0.8069448  -0.42018265 -1.1489642  -1.3934463   1.6433449   2.1407385  -1.2058183  -1.4577388  -1.4085327   1.1004636 ]
 [ 5.293391   -1.2618016  -0.256616   -1.3564007   0.4775459   2.0529602  -1.2213441  -1.2187274  -1.4577388  -1.3708962   2.1016564  -1.2619065  -1.3329178  -1.1830248  -1.3431189 ]
 [ 1.4877083  -1.0098795  -1.4254451  -1.1556745   0.43385097 -0.01587568  0.5055441  -0.62186587 -1.3581535   2.7422953   0.41947973 -1.1208168  -1.3950998  -1.4517087  -0.01643556]
 [ 3.538354    0.33351308 -1.4283919   0.7930178   0.8001701  -1.4577388   0.21442199 -1.1924897  -0.90413344 -1.4377085   1.5482684   0.2024148   3.1862464   0.1545348   0.23021278]
 [-1.2551326  -1.240397   -0.72173303 -1.4577388   0.99707067 -1.4271945  -1.3822044  -1.33528    -1.4577388   2.1059003   1.5243752  -0.37104023 -1.3600953  -0.43860716  2.2154102 ]
 [-0.801306   -1.4577388  -1.214139   -0.99154043 -0.9762832  -0.12073952 -0.88989437  1.0930756  -1.4577388  -1.16655    -1.0068649  -0.62502444 -0.84057415 -1.266091   -0.46953046]
 [ 4.822978    3.8181653   3.654335    5.179592   -0.565993    3.2166867   3.0345306   1.6070191  -1.3242552  -0.5855322  -1.4514488   3.7673197   2.4814582   2.7425494  -1.4430352 ]
 [-0.64730465 -1.4001819  -0.99707806 -1.4532728   0.16288538 -1.3587977  -0.18506753 -0.9930302  -0.80152655  0.7711722  -1.4577388  -1.3642247  -0.9823055  -1.4445913   0.7652283 ]
 [-1.3199104  -1.392838   -0.9115144  -1.4120059  -1.3467138  -1.3635451  -1.3033003  -1.4577388  -1.3889773   0.12819624 -0.02547018  0.9082861  -1.2124875  -1.4150685   0.17174645]
 [-1.4462049   2.100504    0.79849213 -0.9496267  -0.9021784  -1.4401524  -0.3151452  -0.68775016  2.1428218  -1.4577388  -0.8625108  -0.27037877 -1.0140961  -1.2369905   1.3420985 ]
 [-0.62540466  0.48606688 -1.2578355  -1.2828715  -1.1577383  -1.4254586   0.12734562 -1.4577388  -0.9627998  -1.2886839  -0.06104937 -0.9706948  -1.2004004  -1.3914287   0.7400895 ]
 [-0.3932888  -1.4435922  -1.4577388  -1.4545013   0.55815554 -1.3378028  -1.2325503  -1.2990055  -0.8398193   0.10719209  1.546902   -1.4577388  -0.8995036  -1.4475248   1.7288784 ]]
topics:
[[-0.24817236 -0.09103677 -0.09146708  0.15463343  0.0196308   0.18572591  0.53376514  0.18577288  0.17805474  0.09845068 -0.07671363  0.09428217 -0.0326507  -0.1059123   0.17564636]
 [-0.06109237 -0.03434515 -0.01924355  0.04527564  0.11197535  0.20974672 -0.09489716  0.02367877  0.1472544   0.02196816 -0.05180816 -0.03189443 -0.00438637  0.14530094  0.09880858]
 [-0.02085824  0.07885294 -0.13645272  0.11787648  0.03655035  0.12785096  0.22564149  0.00133871 -0.00425023  0.04001065  0.00581495 -0.01161963  0.18800487 -0.03535264 -0.03844117]
 [ 0.14694385  0.23350316 -0.13684435  0.1705075  -0.31336725 -0.11083581 -0.00906097  0.16134518 -0.37297332 -0.14516112  0.03119441 -0.19468564  0.15779768  0.22895797  0.13666387]
 [-0.13632122 -0.27633038  0.272905   -0.2057462   0.00714664 -0.23369618 -0.09032291 -0.30449298  0.16941907 -0.11897674  0.18305507 -0.08934252 -0.08591876  0.25145894  0.08815091]
 [ 0.21880189 -0.0041544   0.07639974 -0.03034287  0.01586635 -0.04972764  0.04124481 -0.13881047 -0.1496348  -0.02926907 -0.34484926 -0.08136891 -0.11719686 -0.02632678 -0.11421581]
 [-0.0888734  -0.16191854  0.12965707  0.07426826  0.22922175 -0.04168756  0.06331794  0.02827223  0.12921616  0.01550257  0.05784664  0.11213751 -0.05188134  0.00727997  0.45273384]
 [-0.07153919  0.24331012 -0.26960653 -0.02813655  0.18725833  0.20741841  0.14936656  0.34022906  0.09071888  0.12244346 -0.15248868  0.52000415  0.132196   -0.1032211  -0.0765973 ]
 [-0.09221523 -0.01931998  0.08378811  0.27959424 -0.27378303  0.14833792  0.15184253  0.3765967  -0.35250747 -0.20643644  0.05619803 -0.05113351  0.17901702  0.14809513 -0.15003796]
 [-0.00920482 -0.02888907  0.03222392 -0.02108655  0.06184041 -0.03516319 -0.02841711  0.03646218  0.05638893 -0.12752847  0.0478553  -0.02048057 -0.03784665 -0.02531177  0.02448492]]
R:
[[5.58496177e-01 9.52350255e-03 3.21977190e-03 7.90437311e-03 2.37779710e-02 5.01380186e-04 3.59087944e-01 3.12880836e-02 3.78704804e-04 5.82211418e-03]
 [2.64160872e-01 1.16356986e-03 3.58201913e-03 3.83368850e-01 9.62292496e-03 2.35064908e-05 1.47919942e-04 2.94071734e-01 3.90949617e-06 4.38547432e-02]
 [8.11382651e-01 7.28698215e-03 2.41867639e-02 2.47264653e-03 7.34944195e-02 3.63254985e-05 1.80180650e-03 9.89348162e-03 1.00537576e-03 6.84395432e-02]
 [8.24816674e-02 4.89393212e-02 1.47703230e-01 4.03680187e-03 6.68154716e-01 5.07537743e-06 2.14793748e-04 9.65590705e-04 2.33358555e-02 2.41629221e-02]
 [1.53576761e-01 4.47922237e-02 4.01443020e-02 3.53011310e-01 2.53128428e-02 5.04903961e-04 2.81506614e-03 2.89008677e-01 6.69202651e-04 9.01647285e-02]
 [8.57352987e-02 6.76150247e-02 9.74576101e-02 4.87566227e-03 6.95940733e-01 7.57484522e-05 1.93902268e-03 7.95836269e-04 3.96385901e-02 5.92643861e-03]
 [2.66903192e-01 4.49684495e-03 2.12189462e-02 8.86240881e-03 4.23736945e-02 1.09866913e-03 1.96509203e-03 2.98143089e-01 8.90481938e-03 3.46033216e-01]
 [2.80303918e-02 5.27478047e-02 8.62647414e-01 1.15507329e-03 9.93057736e-04 1.33810317e-05 1.72076179e-04 1.68954057e-03 3.13392952e-02 2.12119780e-02]
 [7.94489775e-03 2.54535854e-01 4.78932932e-02 4.54976596e-03 3.93322140e-01 3.97497410e-04 1.07952692e-01 5.12775267e-04 1.78361624e-01 4.52942075e-03]
 [3.36149860e-05 1.58582925e-08 1.02954774e-08 8.88823008e-04 3.23453496e-05 9.95025098e-01 3.12228175e-03 8.97705148e-04 2.16043827e-09 6.96926250e-08]
 [4.29682136e-02 1.93848476e-01 2.50186682e-01 1.41612953e-03 2.94522524e-01 3.57646932e-05 1.14431568e-04 9.15979210e-04 1.64466619e-01 5.15252426e-02]
 [3.23638096e-02 2.03326494e-01 3.21330160e-01 6.55970536e-04 2.80899405e-01 2.06103927e-04 2.06871014e-02 1.48635835e-03 1.10187091e-01 2.88574453e-02]
 [4.51771542e-04 4.41066474e-01 4.49705310e-02 8.44150374e-04 2.27569416e-01 4.13850124e-04 1.15411938e-03 2.19540962e-05 2.81759828e-01 1.74792949e-03]
 [3.15022767e-02 3.38612437e-01 2.14656234e-01 3.15697951e-04 2.61981636e-01 2.32391234e-04 1.64157748e-02 5.97181090e-04 1.29389405e-01 6.29697088e-03]
 [3.51493135e-02 2.48493999e-01 1.82014555e-01 1.77003362e-03 1.62258863e-01 1.02535174e-04 3.97675962e-04 8.10949772e-04 2.73140848e-01 9.58612263e-02]]
cosine similarity of topic:
[[ 1.00000012e+00  7.52269480e-05  5.46395302e-01 -1.81395008e-05 -2.40084519e-05 -2.67497152e-01  4.70667292e-05 -5.54234589e-07 -3.75744930e-05 -6.67603017e-05]
 [ 7.52269480e-05  1.00000000e+00 -5.85218118e-07  3.23900895e-05  1.35521395e-05  4.64464138e-05 -2.61043479e-05  9.36461493e-06  2.51269521e-05  1.33862239e-04]
 [ 5.46395302e-01 -5.85218118e-07  1.00000000e+00 -4.84261291e-05 -8.96446945e-05 -8.90792289e-05 -1.56698406e-05  5.62805326e-05  1.87784230e-04  1.99962305e-04]
 [-1.81395008e-05  3.23900895e-05 -4.84261291e-05  1.00000012e+00  9.96736126e-05  5.77377432e-05 -4.56428425e-05 -1.12672969e-04  5.43084927e-02  5.48902717e-05]
 [-2.40084519e-05  1.35521395e-05 -8.96446945e-05  9.96736126e-05  9.99999881e-01  5.52486490e-05  1.09571432e-04 -6.26582026e-01 -7.14986771e-02 -5.18449524e-05]
 [-2.67497152e-01  4.64464138e-05 -8.90792289e-05  5.77377432e-05  5.52486490e-05  9.99999702e-01 -4.63075230e-05  8.53351521e-05 -3.06706097e-05  9.95099108e-05]
 [ 4.70667292e-05 -2.61043479e-05 -1.56698406e-05 -4.56428425e-05  1.09571432e-04 -4.63075230e-05  9.99999821e-01  8.28284901e-05  1.74627654e-04 -2.37647677e-04]
 [-5.54234589e-07  9.36461493e-06  5.62805326e-05 -1.12672969e-04 -6.26582026e-01  8.53351521e-05  8.28284901e-05  9.99999404e-01 -6.85025734e-05  2.04883281e-06]
 [-3.75744930e-05  2.51269521e-05  1.87784230e-04  5.43084927e-02 -7.14986771e-02 -3.06706097e-05  1.74627654e-04 -6.85025734e-05  9.99999881e-01 -5.32542726e-05]
 [-6.67603017e-05  1.33862239e-04  1.99962305e-04  5.48902717e-05 -5.18449524e-05  9.95099108e-05 -2.37647677e-04  2.04883281e-06 -5.32542726e-05  1.00000012e+00]]
