hidden representaion(r*topic):
[[-0.29926682 -0.03462884 -0.19680904  0.20679507  0.09017785  0.20727564  0.5655776   0.19868398  0.2087193   0.09900656  0.12413923  0.0915904   0.16858107 -0.09882187  0.21809661]
 [-0.19606623 -0.02052394 -0.14259969  0.13982376  0.08308826  0.1421806   0.39299807  0.1298057   0.15757091  0.06187571  0.07715299  0.0758149   0.11995345 -0.05000835  0.17070484]
 [-0.22606611 -0.02946722 -0.152664    0.16056626  0.08422551  0.15767887  0.4377955   0.14782085  0.17345473  0.06870458  0.09796393  0.07843656  0.13328996 -0.05601935  0.19203222]
 [-0.15100586 -0.00159656 -0.11416566  0.16882427  0.01565323  0.10422146  0.32530066  0.13274528  0.06593648  0.02319274  0.06332647  0.02550497  0.12573     0.015664    0.17099942]
 [-0.0421994   0.03004175 -0.0688443   0.14107016 -0.04391551  0.03499588  0.17561734  0.08697577 -0.04366591 -0.02629056  0.01207246 -0.02413537  0.10113672  0.0765296   0.11050691]
 [-0.1399312  -0.00169792 -0.10574025  0.16666251  0.01320757  0.09478776  0.31113002  0.13095996  0.05567294  0.01599283  0.06177367  0.02502268  0.12147899  0.01980986  0.17245546]
 [-0.00599893  0.02066819 -0.04938765  0.08509659 -0.0013918   0.01894952  0.12538666  0.0370265  -0.01699143 -0.02245495 -0.01003162 -0.00685017  0.06544112  0.05757709  0.08782285]
 [-0.06098896  0.00332378 -0.06989916  0.10610789  0.01906993  0.04894901  0.2043051   0.05697176  0.02968637  0.00287865  0.01305244  0.00311721  0.07765313  0.03753453  0.12553483]
 [-0.10610546  0.07386181 -0.1190258   0.2571179  -0.13229647  0.07450156  0.2627339   0.20096625 -0.11637948 -0.02441861  0.02236605 -0.05338169  0.1731689   0.11686025  0.15075335]
 [-0.00642052  0.17231409 -0.10201216  0.3381509  -0.3390343   0.00776893  0.10375061  0.24713185 -0.3690241  -0.10845252 -0.03231408 -0.17053613  0.22226328  0.27803475  0.08660212]
 [-0.12675211  0.0263122  -0.11066787  0.20167372 -0.04612673  0.08635341  0.29306173  0.15280849 -0.01135981  0.00060258  0.04603035 -0.01253087  0.14150879  0.05939592  0.1608595 ]
 [-0.12008358  0.05086043 -0.1152276   0.23403345 -0.09637994  0.08082758  0.2748123   0.18098603 -0.06641732 -0.01526267  0.04019573 -0.03559136  0.16179347  0.09669005  0.1571146 ]
 [-0.13716967  0.0660839  -0.1356144   0.26482302 -0.12496378  0.09433124  0.3093212   0.20940895 -0.08864672 -0.01153003  0.03952666 -0.04721829  0.18520953  0.09971973  0.15408085]
 [-0.13191418  0.0757891  -0.13548282  0.27172023 -0.13948457  0.09121049  0.2929188   0.2170699  -0.10649519 -0.01720724  0.03431347 -0.05317895  0.18901895  0.11513905  0.1524136 ]
 [-0.08847426  0.03857253 -0.08904289  0.19979073 -0.07758682  0.05764129  0.22680196  0.1411824  -0.05980425 -0.02315943  0.03101498 -0.03682372  0.13492694  0.09970914  0.15021017]]
R_hid(hidden representaion to predict r):
[[0.         0.01766554 1.6258943  0.         0.79754    1.3410164  0.         0.60042214 0.65294385 1.9648561  0.         1.0825651  0.99102336 0.         0.        ]
 [0.         1.4146899  2.3732443  0.17703716 0.16829129 0.20814566 0.         0.18006292 1.2347763  0.         0.         0.94090873 1.4102643  1.6483061  0.        ]
 [0.         0.         1.0960904  0.         0.         0.24319445 0.         0.47173    0.6300834  0.         0.         0.7675172  2.551982   1.4577794  0.        ]
 [0.         0.         0.         0.8728456  0.         1.1856381  0.12357561 0.7565598  0.         0.         0.24544705 0.69417495 1.889673   1.5821762  0.        ]
 [0.         0.6200864  0.         1.3083433  0.0173443  0.8870415  0.         0.1431762  0.         0.         0.         0.5545329  1.3365911  1.8134758  0.        ]
 [0.         0.         0.         1.047505   0.         0.88990813 0.         0.21732117 0.         0.         0.6316798  0.9038719  1.3513414  1.6866761  0.        ]
 [0.         1.45055    1.2844481  1.654726   0.93202335 0.63367426 0.         0.         0.         0.         0.         0.         1.4074713  2.0764666  0.        ]
 [0.         0.58838135 1.2003448  0.64065176 1.2130258  1.2357537  0.         0.         0.         0.         0.62510073 0.14613463 0.28167215 0.86375886 0.        ]
 [0.         0.         0.         0.7281665  0.         1.2605919  0.         0.9441485  0.         0.         1.4412793  1.067362   1.5817993  0.63488734 0.        ]
 [0.         1.292457   1.0375462  2.208049   0.         0.5452207  0.         0.17495452 0.         0.         0.         0.         0.48878932 0.06856853 0.        ]
 [0.         0.         0.         0.89642006 0.         1.322413   0.31973332 0.7285982  0.         0.         0.7754562  0.6038077  1.4884973  1.3859749  0.        ]
 [0.         0.         0.         0.80771524 0.         1.7014523  0.         1.1472528  0.         0.         0.578218   0.47993577 1.1989756  1.1293975  0.        ]
 [0.26902336 0.         0.         1.1979969  0.21066555 1.6070601  0.         1.2903172  0.         0.         0.8890752  0.5972789  1.3004367  1.2690732  0.        ]
 [0.         0.         0.         0.48286435 0.         1.4448534  0.         1.4291432  0.         0.         0.8585964  0.83717525 1.4675559  0.5702925  0.        ]
 [0.         0.         0.         0.4800395  0.         1.0971639  0.22780897 0.7787629  0.         0.         0.40887415 0.1603707  1.7307607  1.4599009  0.        ]]
topics:
[[-0.31244996 -0.03685339 -0.20367     0.21263333  0.09312199  0.21551953  0.5856439   0.20576172  0.2179446   0.10437234  0.12981047  0.09466688  0.17346893 -0.10556582  0.22315657]
 [-0.01651544 -0.04472296  0.00087123 -0.05090905  0.1721986   0.01163313 -0.14914228 -0.08457924  0.21133132  0.00304347 -0.00432704 -0.00577472 -0.07717025  0.20589863  0.17180401]
 [-0.03544269  0.04108303 -0.11425509  0.12796226  0.02594764  0.14315009  0.30186933  0.00840656  0.01683247  0.05445451 -0.05530214  0.00205164  0.13257273 -0.05135415  0.02658358]
 [ 0.00795512  0.2558616  -0.1238679   0.4493794  -0.51182276 -0.00416392  0.05862992  0.3319245  -0.55151194 -0.15016188 -0.06431977 -0.26402873  0.2921783   0.4007712   0.06983563]
 [-0.01080493 -0.3202095   0.28374842 -0.23659924  0.05462306 -0.22934403 -0.20234182 -0.4977501   0.26771227 -0.12005685  0.20187667 -0.2076656  -0.11735582  0.24846809  0.16136749]
 [ 0.31656542  0.04251761  0.04687428 -0.0772738   0.03452655 -0.15033491 -0.0303331  -0.20524739 -0.18361503 -0.02136608 -0.25911632 -0.10303673 -0.09847245 -0.02146903 -0.07011383]
 [-0.03234108 -0.20570768  0.18461141  0.04294456  0.28402656 -0.08656301  0.08703452  0.01066105  0.16386284 -0.06820992  0.07376271  0.09592397 -0.13128167 -0.01706401  0.5014388 ]
 [-0.02461415  0.31394115 -0.35202265  0.01039772  0.18366866  0.2715902   0.13598174  0.3682446   0.08698744  0.13845812 -0.14161375  0.5206256   0.16741341 -0.1253807  -0.0781452 ]
 [ 0.26657137  0.0909441   0.01385022  0.31310466 -0.32557806 -0.1402883   0.09259435  0.22004911 -0.5038772  -0.28849512  0.16076632 -0.06729624  0.20625748  0.1784951  -0.00604582]
 [-0.06062146 -0.03467534  0.0221624   0.00187769  0.06833917 -0.02763212 -0.02348178  0.05535503  0.06189064 -0.10526989  0.02411857  0.00795174 -0.0156191  -0.03013879  0.07302199]]
R:
[[0.96296805 0.00404772 0.00584226 0.00392211 0.00437915 0.00476531 0.0039361  0.00514367 0.00290582 0.00208984]
 [0.67192614 0.05543454 0.02972558 0.01385983 0.05171975 0.0518737  0.01392608 0.06068908 0.01497529 0.03587   ]
 [0.74835515 0.0515051  0.02324575 0.01229991 0.04573552 0.02119324 0.02265934 0.04210033 0.02103683 0.01186891]
 [0.53047115 0.05932451 0.05214578 0.12354132 0.05584629 0.03816706 0.05668451 0.03902742 0.03244346 0.01234856]
 [0.27083609 0.07146104 0.07065576 0.18744878 0.07902201 0.111729   0.03635594 0.05383687 0.06049896 0.05815553]
 [0.503606   0.04991079 0.04458977 0.12771703 0.05957561 0.04125983 0.07463049 0.04481402 0.04026806 0.01362843]
 [0.18304813 0.09055018 0.10468607 0.11705715 0.0953935  0.1578251  0.0339342  0.08237042 0.05456989 0.08056542]
 [0.33780432 0.09060023 0.06957954 0.10970888 0.08444569 0.14397822 0.04801349 0.05756314 0.02899153 0.029315  ]
 [0.39680344 0.02541967 0.02152056 0.379069   0.01885405 0.04514349 0.06497461 0.02456625 0.01862908 0.0050199 ]
 [0.10057463 0.0182465  0.01624674 0.6916225  0.02512022 0.03979615 0.02298118 0.02355317 0.04011563 0.02174331]
 [0.46728173 0.0488686  0.04210051 0.2245597  0.04351449 0.04786126 0.0578898  0.02522319 0.03106271 0.01163791]
 [0.4292406  0.04441473 0.03029805 0.31089225 0.03734056 0.02691496 0.05707116 0.02518426 0.03074083 0.00790257]
 [0.48685583 0.01996225 0.01755328 0.3548458  0.02009129 0.03068833 0.03235553 0.01148157 0.01985027 0.00631585]
 [0.4558709  0.02625336 0.01577811 0.38652986 0.0185809  0.02111404 0.0363927  0.01792846 0.0149213  0.00663031]
 [0.35005346 0.06397501 0.04810612 0.27732068 0.05840338 0.04935301 0.07257836 0.03126444 0.03834726 0.0105983 ]]
cosine similarity of topic:
[[ 1.0000000e+00  6.9228889e-05  7.2661388e-01 -8.3376501e-05 -3.6175804e-06 -4.7174507e-01 -9.8566081e-05 -8.8402296e-05 -9.9839643e-05 -1.4339994e-04]
 [ 6.9228889e-05  9.9999994e-01 -9.1426904e-05  7.8814832e-05  3.9062470e-01  1.6413555e-04 -9.7469048e-05 -4.7682861e-05 -3.6073300e-01  8.1302343e-05]
 [ 7.2661388e-01 -9.1426904e-05  1.0000001e+00  6.8649177e-05  4.8033657e-05  5.9719066e-05 -8.8177141e-05 -1.1232176e-04 -1.2461716e-04 -5.9991580e-06]
 [-8.3376501e-05  7.8814832e-05  6.8649177e-05  1.0000002e+00 -3.9831451e-05 -7.3341912e-06  6.4815104e-05  5.4382970e-05  5.6070805e-01  8.2404105e-05]
 [-3.6175804e-06  3.9062470e-01  4.8033657e-05 -3.9831451e-05  1.0000000e+00  7.9510428e-05  1.9891462e-05 -7.6207477e-01 -2.9692009e-01 -1.3563894e-04]
 [-4.7174507e-01  1.6413555e-04  5.9719066e-05 -7.3341912e-06  7.9510428e-05  9.9999994e-01 -4.0347652e-05  7.9704216e-05 -8.6414235e-05  1.4385967e-04]
 [-9.8566081e-05 -9.7469048e-05 -8.8177141e-05  6.4815104e-05  1.9891462e-05 -4.0347652e-05  1.0000000e+00 -8.5143896e-05  6.2193329e-05  2.6295155e-01]
 [-8.8402296e-05 -4.7682861e-05 -1.1232176e-04  5.4382970e-05 -7.6207477e-01  7.9704216e-05 -8.5143896e-05  1.0000001e+00  5.5410710e-06  1.4501666e-04]
 [-9.9839643e-05 -3.6073300e-01 -1.2461716e-04  5.6070805e-01 -2.9692009e-01 -8.6414235e-05  6.2193329e-05  5.5410710e-06  9.9999994e-01  7.5269845e-06]
 [-1.4339994e-04  8.1302343e-05 -5.9991580e-06  8.2404105e-05 -1.3563894e-04  1.4385967e-04  2.6295155e-01  1.4501666e-04  7.5269845e-06  9.9999976e-01]]
