hidden representaion(r*topic):
[[ 0.00076295  0.10560234 -0.09664678  0.01944305  0.04369306  0.06314331  0.10128475  0.08242222  0.03764458  0.0671536  -0.1172294   0.21559775  0.08990259 -0.02036842 -0.00041559]
 [ 0.03381645  0.04346958 -0.03715859  0.02336286  0.01202505  0.00976708  0.0548096   0.00545745 -0.00887863  0.02596525 -0.08271467  0.03148188  0.02914552 -0.01185298  0.00143968]
 [ 0.01115849  0.09492583 -0.08472722  0.00551322  0.04186594  0.04356294  0.065377    0.06551081  0.0223035   0.04671822 -0.10351717  0.1787293   0.06934904 -0.01475646 -0.00930902]
 [-0.01346096  0.02851611 -0.03201656  0.00087887  0.03260701  0.0078674   0.01530344  0.03520225  0.03164346 -0.00471711 -0.01925733  0.06437074  0.01989271 -0.00421215  0.010442  ]
 [-0.00088793  0.0512695  -0.05870559  0.02198037  0.02593308  0.03754206  0.07238133  0.03658007  0.02178906  0.0276428  -0.05982107  0.08710971  0.04967318 -0.00937958  0.00490744]
 [-0.00885255  0.03514337 -0.03691355  0.00478664  0.02903781  0.01545021  0.03243851  0.02891195  0.03667563  0.00888827 -0.03673214  0.08975656  0.03607799  0.01001428  0.01785943]
 [ 0.00590132  0.0343371  -0.04142411  0.02256013  0.01577067  0.02172557  0.05484112  0.01893961  0.00803335  0.01375198 -0.04586729  0.0363933   0.0323162  -0.00503611  0.00727569]
 [ 0.00325032  0.07352374 -0.06921224  0.02386674  0.01633243  0.04237737  0.07896019  0.05151503  0.00376759  0.0365295  -0.07407829  0.11647619  0.06491745 -0.00626627  0.0008657 ]
 [-0.00781641 -0.00997027  0.01397334 -0.00891491  0.01616655 -0.02010985  0.03274974 -0.03924151  0.04729303 -0.00905759 -0.01534649  0.07905011  0.0312819   0.04991908  0.03172477]
 [-0.01290598  0.04932996 -0.05373174  0.03721328  0.02359833  0.04648617  0.11265139  0.04067994  0.0422928   0.04635162 -0.06990309  0.12071298  0.06816015 -0.01063082  0.02164094]
 [-0.01533667  0.04503075 -0.0500375   0.01908694  0.02905231  0.03204366  0.06258948  0.04727457  0.03335256  0.02074036 -0.04292089  0.09442329  0.0449623  -0.01155732  0.01230944]
 [-0.01996949  0.01903506 -0.02734384  0.01504757  0.02674104  0.01468445  0.04427076  0.02927493  0.03622134  0.00213166 -0.01663949  0.05286947  0.0252853  -0.00842739  0.01710683]
 [-0.0309779   0.01860235 -0.03832549  0.04797947  0.01883803  0.04681166  0.1209385   0.02922677  0.05008288  0.03306252 -0.03243206  0.06348088  0.0538088  -0.01605103  0.02994871]
 [-0.01737812  0.01128831 -0.01650048  0.00479159  0.02631513  0.00154183  0.02658829  0.01715408  0.03466236 -0.00858067 -0.00862955  0.04860758  0.01817901  0.00102258  0.01618885]
 [-0.02045463  0.02740744 -0.03538962  0.02230539  0.02499776  0.0234576   0.05746822  0.03880836  0.0337183   0.01070673 -0.02470988  0.05991741  0.03235332 -0.01416437  0.01710489]]
R_hid(hidden representaion to predict r):
[[0.         0.07813231 1.8996388  0.3647341  0.17972079 0.40917206 0.10823852 0.75674516 1.823668   0.         0.         0.         0.16819178 0.         0.        ]
 [0.         0.         0.         0.         0.6647115  0.6053981  0.         0.4058725  0.66000694 0.         0.         0.33483395 0.930818   0.         0.        ]
 [0.         0.         0.         0.         0.02402786 0.         0.         0.         2.0296855  0.5350715  0.         1.6636425  0.         0.         0.        ]
 [0.82915473 0.         0.         0.         0.05133097 0.         0.         0.         2.6229634  0.         0.         0.1906345  0.         0.         0.        ]
 [0.         0.         0.         0.         0.38978377 0.44694692 0.10357157 0.19673464 1.8717263  1.3361584  0.         0.         1.1240853  0.         0.        ]
 [0.02351107 0.27235213 0.         0.         0.62811416 0.         0.         0.41574532 2.2862873  0.         0.         0.         0.         0.         0.        ]
 [0.         0.         0.         0.         0.         0.126713   0.         0.         0.15616895 1.0875     0.         0.         1.4658506  0.         0.        ]
 [0.         0.         0.5001144  0.         0.36008295 0.         0.         0.         0.         0.         0.         0.06252099 0.         1.1549816  0.4528133 ]
 [0.         0.         0.         0.         0.         0.37240028 0.16810063 0.38858268 2.7247605  0.         0.751551   0.         0.         0.         0.        ]
 [0.         0.         1.1694392  0.         0.780264   0.8432307  1.77982    0.13681014 0.6727066  0.         1.2536072  0.         0.86072135 0.         0.        ]
 [1.2480718  0.612685   0.         0.         0.         0.         0.         0.         1.2432816  0.         0.         0.95283353 0.08943143 0.04881749 1.026153  ]
 [0.14856066 0.45807332 0.         0.         0.         0.         0.         0.         2.544707   0.         0.         0.         0.         0.         0.21199721]
 [0.         0.3403394  0.         0.         0.         0.11548492 0.09990347 0.         2.2422993  0.         0.         0.         0.9326454  0.16863881 0.        ]
 [0.         0.49240845 0.         0.         0.         0.9590307  0.         0.1043563  3.201657   0.         0.         0.         0.         0.         0.        ]
 [1.5242659  0.9566461  0.         0.         0.06161645 0.03365375 0.         0.         2.18247    0.         0.         1.0872997  0.50025433 0.         1.4112091 ]]
topics:
[[-0.07666223  0.00979679 -0.02735912  0.12971807  0.02075244  0.08860157  0.25602007  0.08324154  0.13083385  0.11081316 -0.07225136  0.10617802  0.08744638 -0.07582414  0.10151171]
 [ 0.01735201  0.02260279 -0.08755226 -0.00277862  0.07300998  0.05537721 -0.06292447  0.0164947   0.10265918  0.01267087 -0.04810084 -0.01672202 -0.00480083  0.05241996  0.05769948]
 [-0.01242185  0.02170227 -0.06991573  0.02696104  0.01054853  0.05859362  0.09174295  0.00043668 -0.01072252 -0.00457649  0.0019758  -0.01422644  0.04154457 -0.00135859 -0.02462712]
 [-0.03004449  0.08023948 -0.03532158  0.09356466 -0.15472735  0.02233087  0.01688032  0.12023146 -0.1844996  -0.02876265  0.06709242 -0.10579145  0.05974968  0.06220241  0.04516309]
 [ 0.00623919 -0.13478062  0.15795532 -0.06482011 -0.01650739 -0.13658455 -0.02868447 -0.2258857   0.06408131 -0.07951514  0.05536958  0.01592651 -0.0076568   0.16746876  0.06659795]
 [ 0.12513258  0.03630358  0.007455    0.00778044  0.00593606 -0.05816876  0.02435087 -0.07644466 -0.0617249   0.03605916 -0.17007384 -0.03921216 -0.01378714 -0.03553509 -0.02685572]
 [-0.02098328 -0.0811865   0.0656955   0.0246685   0.10944637 -0.00774309  0.0527752   0.01086074  0.05915818 -0.02788776  0.02064005  0.05325303 -0.03373018  0.0074531   0.21797039]
 [-0.00227872  0.13812262 -0.12812117  0.0039439   0.05874594  0.0805045   0.0975135   0.10918742  0.04182767  0.07396424 -0.13109536  0.2878083   0.10983464 -0.01787468 -0.01622812]
 [ 0.13747132  0.02969204 -0.01464599  0.09593892 -0.0903861  -0.07096178  0.02805169  0.0320566  -0.13814615 -0.12626636 -0.07646351  0.01141732  0.07722384  0.12779209 -0.01943258]
 [-0.02221134 -0.0139306   0.01468411 -0.0094734   0.02508465 -0.03419685 -0.03136074  0.01434861  0.02378869 -0.0451322   0.03302637 -0.01244892 -0.022538   -0.00827956  0.01398304]]
R:
[[0.10954992 0.01505482 0.01119003 0.0205955  0.01096788 0.08919413 0.00159944 0.72926915 0.00252423 0.01005489]
 [0.08014834 0.06693766 0.16747043 0.06228221 0.01158447 0.34980875 0.00480195 0.16426887 0.00901846 0.08367889]
 [0.00680291 0.0252132  0.02642429 0.01810104 0.00323871 0.1310152  0.00179821 0.6510232  0.00156933 0.13481385]
 [0.02723709 0.06607205 0.06151684 0.01115392 0.01762983 0.00947621 0.00116482 0.24865696 0.00155887 0.5555334 ]
 [0.10079667 0.05570554 0.23683445 0.02822241 0.01995745 0.1003705  0.0025274  0.3087343  0.00624233 0.1406089 ]
 [0.05911633 0.10453303 0.0417306  0.03678483 0.09170804 0.01825806 0.00187683 0.3224624  0.0037104  0.31981942]
 [0.08615017 0.07334185 0.25361386 0.05395685 0.02001989 0.15426487 0.00474475 0.15808077 0.00867664 0.18715034]
 [0.06935276 0.01221445 0.1767226  0.09988374 0.02760161 0.12118211 0.00437584 0.44130746 0.0022833  0.04507614]
 [0.08022392 0.0485981  0.06684181 0.01868921 0.3463866  0.00624509 0.00109442 0.24720702 0.00393687 0.18077697]
 [0.24876097 0.01937906 0.17565687 0.02887655 0.07920049 0.06659747 0.0021574  0.3527411  0.00933592 0.01729418]
 [0.11924192 0.03705851 0.13677152 0.02654348 0.01776494 0.0244354  0.0022892  0.31825364 0.00199187 0.31564957]
 [0.12203585 0.03822334 0.15083016 0.0084573  0.03242645 0.00875595 0.00104197 0.17070803 0.00217709 0.4653439 ]
 [0.32605222 0.01397811 0.34183958 0.00982099 0.06381866 0.0031045  0.00140294 0.1230612  0.0027366  0.11418515]
 [0.0751354  0.0349111  0.11958579 0.00471526 0.07091928 0.00403812 0.00105992 0.16955198 0.00260426 0.5174788 ]
 [0.14911202 0.03018345 0.16101371 0.0230764  0.00998576 0.02000698 0.00176971 0.19098957 0.00153587 0.4123266 ]]
cosine similarity of topic:
[[ 1.0000002e+00  2.9585534e-04  2.2222069e-01 -9.6350908e-05  1.0075420e-04 -9.4922259e-05 -2.5684814e-04  8.7816268e-05  4.7579408e-05  5.4959580e-04]
 [ 2.9585534e-04  1.0000000e+00  2.0029861e-04 -8.2921237e-05 -3.7832186e-05 -7.9849269e-05  5.5605196e-05 -6.0062855e-05 -1.6883388e-04 -1.3952143e-04]
 [ 2.2222069e-01  2.0029861e-04  1.0000000e+00 -9.1467053e-05  4.9772905e-04 -4.9110688e-04  7.2721916e-05  1.1553615e-04  3.9286911e-05 -6.0508493e-05]
 [-9.6350908e-05 -8.2921237e-05 -9.1467053e-05  9.9999964e-01  9.2154369e-05 -8.6640473e-05  1.0111928e-04  2.8328970e-05 -1.3262779e-04 -3.0636694e-04]
 [ 1.0075420e-04 -3.7832186e-05  4.9772905e-04  9.2154369e-05  1.0000002e+00  1.4113961e-04  9.0982765e-05 -5.4421216e-01  6.9337431e-05  2.1521607e-04]
 [-9.4922259e-05 -7.9849269e-05 -4.9110688e-04 -8.6640473e-05  1.4113961e-04  9.9999982e-01 -1.9866414e-04  2.1290034e-05  5.2030897e-05 -4.3670833e-04]
 [-2.5684814e-04  5.5605196e-05  7.2721916e-05  1.0111928e-04  9.0982765e-05 -1.9866414e-04  9.9999958e-01 -1.2386683e-04  1.0188855e-04 -2.7314620e-04]
 [ 8.7816268e-05 -6.0062855e-05  1.1553615e-04  2.8328970e-05 -5.4421216e-01  2.1290034e-05 -1.2386683e-04  9.9999988e-01  2.1518208e-05 -5.2332878e-05]
 [ 4.7579408e-05 -1.6883388e-04  3.9286911e-05 -1.3262779e-04  6.9337431e-05  5.2030897e-05  1.0188855e-04  2.1518208e-05  9.9999982e-01  1.6660430e-04]
 [ 5.4959580e-04 -1.3952143e-04 -6.0508493e-05 -3.0636694e-04  2.1521607e-04 -4.3670833e-04 -2.7314620e-04 -5.2332878e-05  1.6660430e-04  9.9999994e-01]]
