hidden representaion(r*topic):
[[-2.41909206e-01 -1.71727408e-02 -3.24471503e-01 -2.33194038e-01 -1.63389012e-01  1.53516188e-01  1.19533926e-01  1.20853901e-01  1.75700009e-01 -2.61396199e-01  7.70663619e-02 -9.17028263e-02 -5.52833155e-02  1.04333021e-01  2.55899206e-02]
 [-2.22311184e-01 -5.70727279e-03 -2.60471463e-01 -2.16774866e-01 -1.18967466e-01  1.03506982e-01  8.55173841e-02  1.12087153e-01  1.01426557e-01 -1.62398905e-01  5.56516945e-02 -9.30362642e-02  1.06620891e-02  9.00874808e-02 -2.07660832e-02]
 [-2.40343198e-01 -4.84315641e-02 -5.53775251e-01 -2.96928138e-01 -2.79359370e-01  1.32154375e-01  1.56947866e-01  2.80751467e-01  1.63777769e-01 -3.74302894e-01  1.76377550e-01 -2.00994223e-01 -8.97957385e-02  1.82591081e-01  3.11236139e-02]
 [-2.12068409e-01 -4.71097091e-03 -1.74271420e-01 -1.88312754e-01 -8.39486867e-02  1.10220321e-01  6.42871559e-02  4.55767214e-02  1.15017444e-01 -1.23983316e-01  5.96633926e-03 -4.04888690e-02  1.11806858e-02  6.15751296e-02 -4.66929236e-03]
 [-1.82842359e-01 -1.07956547e-02 -1.44224495e-01 -1.68440759e-01 -7.29660690e-02  8.08218643e-02  3.99081372e-02  2.86979843e-02  9.65599045e-02 -9.58147794e-02 -1.16921552e-02 -2.08762027e-02  1.70435179e-02  5.53301834e-02 -9.12380288e-04]
 [-2.00699076e-01 -8.06376524e-03 -1.48680955e-01 -1.71978578e-01 -7.33124092e-02  1.06260017e-01  5.11578731e-02  2.05238052e-02  1.25502869e-01 -1.22640073e-01 -8.26076232e-03 -1.74783692e-02  5.44004142e-04  4.13266718e-02  1.12890871e-02]
 [-1.84472650e-01 -5.36727067e-03 -8.73377845e-02 -1.44779176e-01 -4.44134697e-02  9.39662755e-02  3.18339020e-02 -2.07787417e-02  1.16622537e-01 -8.40610638e-02 -3.74510363e-02  1.45051368e-02  1.00751780e-02  1.67597942e-02  1.38460677e-02]
 [-3.29210043e-01  3.32769118e-02 -1.07247919e-01 -2.87118286e-01 -7.87789226e-02  2.45526671e-01  1.72672987e-01  3.90375890e-02  1.74621135e-01 -1.03326015e-01 -1.20674688e-02 -1.20724663e-02  3.71056274e-02  2.16275379e-01 -8.70386139e-02]
 [-3.16319525e-01  1.58706233e-02 -1.76652461e-01 -2.90648371e-01 -1.16875403e-01  2.31572747e-01  1.71482638e-01  7.25937933e-02  1.73795462e-01 -1.38969079e-01  9.84348729e-03 -4.12983149e-02  2.12091878e-02  2.16515824e-01 -6.71362951e-02]
 [-2.40541965e-01  2.67414190e-03 -1.44807741e-01 -2.11791769e-01 -7.97795802e-02  1.48974776e-01  9.02646929e-02  3.37582752e-02  1.44410878e-01 -1.24569759e-01 -5.67589793e-03 -1.74168833e-02  7.10240705e-03  1.00615092e-01 -1.75818857e-02]
 [-2.05585286e-01 -9.84261744e-04 -1.06192641e-01 -1.34496078e-01 -4.95281480e-02  1.41639978e-01  5.00022434e-02 -4.96710688e-02  1.88428700e-01 -1.65358916e-01 -2.56704241e-02  2.54979320e-02 -4.45185341e-02 -2.26767510e-02  5.94940037e-02]
 [-1.98372647e-01  7.52292387e-03 -1.31710907e-02 -1.27128348e-01 -6.71710819e-03  1.21054098e-01  2.64388043e-02 -8.25290382e-02  1.37166232e-01 -6.03165850e-02 -7.05659091e-02  5.05395010e-02  1.48015562e-02 -1.63093079e-02  1.89828556e-02]
 [-2.06330657e-01  2.00192239e-02  7.91471526e-02 -9.46755111e-02  3.55665311e-02  1.52108580e-01  2.21945588e-02 -1.68705642e-01  1.78593650e-01 -4.91194390e-02 -1.09551676e-01  1.08461916e-01  2.90010590e-03 -5.94520606e-02  3.74173559e-02]
 [-2.08597824e-01 -7.33685959e-03 -1.77537307e-01 -1.88492537e-01 -8.75059515e-02  1.05939746e-01  6.36656284e-02  4.69025448e-02  1.16722666e-01 -1.28798991e-01  9.31445137e-03 -3.81366089e-02  7.94099271e-03  6.40373975e-02 -3.89851257e-03]
 [-1.94680721e-01 -1.23698451e-03 -7.60199577e-02 -1.37150109e-01 -3.70758809e-02  1.18197933e-01  3.74016762e-02 -4.47604395e-02  1.52096868e-01 -1.11020125e-01 -4.26275134e-02  2.98823789e-02 -1.28047392e-02 -3.01438523e-03  3.40554304e-02]]
R_hid(hidden representaion to predict r):
[[6.5015650e-01 0.0000000e+00 1.4456128e-01 1.3668547e+00 7.5832683e-01 6.4514190e-02 0.0000000e+00 8.2256925e-01 7.7592432e-02 7.7588981e-01 0.0000000e+00 1.7868187e-01 0.0000000e+00 4.2057358e-02 1.6791762e-01]
 [9.9730439e-02 6.5122381e-02 0.0000000e+00 2.1679813e-01 4.6136257e-01 0.0000000e+00 0.0000000e+00 3.8619369e-01 0.0000000e+00 2.6480094e-01 0.0000000e+00 0.0000000e+00 0.0000000e+00 5.0665420e-01 0.0000000e+00]
 [4.0644184e-01 1.4129588e-02 9.9226467e-02 1.7035300e+00 1.1363119e+00 4.3639058e-01 0.0000000e+00 9.8018622e-01 2.1669716e-01 1.1660067e+00 2.7843606e-02 0.0000000e+00 6.6467065e-01 1.1508237e-01 0.0000000e+00]
 [3.2684299e-01 0.0000000e+00 0.0000000e+00 0.0000000e+00 3.9927578e-01 0.0000000e+00 0.0000000e+00 3.2441255e-01 0.0000000e+00 0.0000000e+00 0.0000000e+00 0.0000000e+00 0.0000000e+00 3.2271695e-01 0.0000000e+00]
 [1.1218169e-01 8.1554368e-02 0.0000000e+00 2.0790212e-01 2.8897631e-01 0.0000000e+00 0.0000000e+00 0.0000000e+00 0.0000000e+00 0.0000000e+00 0.0000000e+00 4.1235026e-02 0.0000000e+00 3.4437615e-01 0.0000000e+00]
 [3.8982785e-01 0.0000000e+00 0.0000000e+00 5.3139282e-03 4.6918157e-01 1.4532410e-01 0.0000000e+00 2.7221918e-01 0.0000000e+00 0.0000000e+00 6.3731027e-04 1.3281058e-01 8.8791534e-02 4.1326496e-01 0.0000000e+00]
 [6.7464310e-01 4.5919219e-01 4.3269631e-02 8.3684713e-02 3.4049991e-01 0.0000000e+00 0.0000000e+00 0.0000000e+00 0.0000000e+00 0.0000000e+00 4.4632688e-01 0.0000000e+00 0.0000000e+00 7.4789673e-02 2.0833617e-01]
 [1.9566113e-01 7.5878447e-01 0.0000000e+00 8.3765274e-01 0.0000000e+00 1.7486878e-01 0.0000000e+00 1.4228080e-02 6.4230248e-02 2.4937840e-01 1.7694196e-02 7.8734797e-01 5.2375627e-01 8.9351362e-01 9.6721299e-02]
 [0.0000000e+00 6.6638207e-01 2.5560313e-01 4.2774379e-01 0.0000000e+00 0.0000000e+00 0.0000000e+00 4.0431684e-01 2.8226104e-01 5.3133780e-01 3.2942351e-03 4.7369629e-01 0.0000000e+00 0.0000000e+00 0.0000000e+00]
 [4.0101731e-01 1.2589262e-01 9.9590182e-02 9.0562385e-01 5.5549156e-02 0.0000000e+00 0.0000000e+00 2.6873410e-01 0.0000000e+00 2.7925804e-01 1.4872500e-01 4.1345844e-01 8.4946869e-04 4.6513391e-01 3.8996950e-02]
 [0.0000000e+00 1.2571405e-01 2.3630156e-01 9.4090426e-01 5.5158103e-01 1.6588046e-01 1.2570237e-01 7.6549701e-02 3.1815878e-01 2.3489152e-01 0.0000000e+00 7.7092238e-02 3.0271953e-01 0.0000000e+00 0.0000000e+00]
 [1.0735058e+00 2.3250306e-01 6.4965844e-02 0.0000000e+00 4.1157097e-01 0.0000000e+00 6.4188403e-01 0.0000000e+00 2.4576569e-01 0.0000000e+00 2.6965275e-01 0.0000000e+00 0.0000000e+00 1.5872905e-01 6.5795529e-01]
 [3.3117315e-01 0.0000000e+00 1.7504744e-01 0.0000000e+00 2.8365475e-01 0.0000000e+00 5.0393814e-01 0.0000000e+00 1.4974046e-01 0.0000000e+00 1.1833174e-01 1.9642122e-01 0.0000000e+00 0.0000000e+00 4.7703609e-01]
 [3.8840279e-01 5.2783078e-01 0.0000000e+00 0.0000000e+00 1.8998547e-01 0.0000000e+00 0.0000000e+00 2.7748296e-01 0.0000000e+00 0.0000000e+00 0.0000000e+00 6.5650214e-03 1.5868317e-01 3.1468311e-01 0.0000000e+00]
 [1.7159221e-01 1.7868090e-01 3.5420932e-02 3.4942174e-01 3.7095854e-01 1.3477136e-02 6.7094818e-02 0.0000000e+00 9.1728114e-02 0.0000000e+00 0.0000000e+00 4.6408128e-02 0.0000000e+00 4.2761635e-02 0.0000000e+00]]
topics:
[[-0.20865558  0.04487349  0.24848275  0.01738184  0.13278686  0.21647513 -0.01276406 -0.37756872  0.29321358 -0.08090787 -0.18284781  0.22303925 -0.06135145 -0.24933855  0.13577935]
 [-0.09250399  0.03642132  0.07498477 -0.05901589  0.15119983 -0.0648616  -0.10544457 -0.00711079  0.07740073 -0.06111528 -0.02854529  0.11846669 -0.03586443 -0.15454328  0.01804185]
 [-0.24096255 -0.05148247 -0.57885784 -0.30551466 -0.29216647  0.12988435  0.16187614  0.29983088  0.16113749 -0.38504383  0.18747297 -0.21369779 -0.09200701  0.19399698  0.02955962]
 [ 0.11224497 -0.06553234 -0.03551772  0.08582842 -0.13106233 -0.0582686   0.15849108  0.0678272   0.11476605 -0.04659552 -0.17507018  0.22623195 -0.22749768  0.2817737   0.15649718]
 [ 0.1751541  -0.01771301 -0.2713785  -0.00659564 -0.18405122 -0.00962328 -0.24946967 -0.09208066 -0.45209998  0.1353228  -0.14030533 -0.2021789   0.1100767   0.19271679  0.19155344]
 [-0.49252552  0.07574265  0.00195983 -0.40363407 -0.08818095  0.46248513  0.32506588 -0.02655924  0.2689245  -0.05449013 -0.07589605  0.03192297  0.08169815  0.41698262 -0.17492826]
 [-0.13710564  0.0659958   0.00272401 -0.02880054  0.10546306 -0.04441039 -0.07197227 -0.04652843 -0.1122566   0.11745643 -0.02704291 -0.08569954  0.1819972  -0.19848686 -0.07512733]
 [-0.13108131 -0.07181961  0.00867484 -0.18525225 -0.0719004  -0.25626868 -0.04286788 -0.07797698 -0.10081765  0.14239894  0.15500724  0.02138207  0.34061924  0.00759318 -0.34671694]
 [-0.04996032  0.03706487 -0.10714089  0.01151201  0.02234021 -0.03029653 -0.02873917 -0.01761761  0.20627971 -0.07249685 -0.18036744 -0.09494263  0.01048924  0.07279623  0.07531217]
 [-0.28886008 -0.25013307 -0.07607078 -0.47465733 -0.17014217  0.07341614 -0.11589606  0.15670559  0.10047222  0.10500354 -0.15573047  0.14326717  0.09101575  0.04005074  0.00288769]]
R:
[[1.76051229e-01 4.28501442e-02 6.38002694e-01 3.37518170e-03 4.83671436e-03 8.36940035e-02 3.21013369e-02 7.90567417e-03 4.96742409e-03 6.21554814e-03]
 [3.70164849e-02 7.46959373e-02 4.62087393e-01 1.10890185e-02 1.42410593e-02 1.22927547e-01 1.96341679e-01 3.16221081e-02 2.50118114e-02 2.49669887e-02]
 [2.40130238e-02 2.07874575e-03 9.67041790e-01 3.03705659e-04 2.22825838e-04 3.53457383e-03 1.73197163e-03 3.36261932e-04 1.78334274e-04 5.58715547e-04]
 [1.28459021e-01 7.07540736e-02 3.38737547e-01 2.57230680e-02 2.64974702e-02 1.25833660e-01 1.57747254e-01 3.44373733e-02 4.19162363e-02 4.98943031e-02]
 [1.21681198e-01 9.95996073e-02 2.70814508e-01 4.72736023e-02 4.90868054e-02 1.02873735e-01 1.23580694e-01 6.19597957e-02 6.03320822e-02 6.27979636e-02]
 [1.85431793e-01 8.29147771e-02 3.16078365e-01 3.18674073e-02 3.16670500e-02 9.73895118e-02 1.13262437e-01 3.97784784e-02 4.50515188e-02 5.65586239e-02]
 [2.19310075e-01 8.70584324e-02 2.18928695e-01 5.26669398e-02 3.91476154e-02 9.22518224e-02 1.25603274e-01 5.17726317e-02 4.80795503e-02 6.51809797e-02]
 [1.10390829e-02 1.49217337e-01 2.03068107e-01 5.94717450e-03 8.89553037e-03 5.06831288e-01 6.86613619e-02 2.01573465e-02 1.19268727e-02 1.42559102e-02]
 [2.44552139e-02 7.94522837e-02 3.15127850e-01 1.14446543e-02 1.00990366e-02 4.27799016e-01 6.32783845e-02 2.01433655e-02 2.07395125e-02 2.74607521e-02]
 [1.25188261e-01 1.15699217e-01 2.95061946e-01 2.26065237e-02 2.41141059e-02 2.21948117e-01 7.98843205e-02 3.36486995e-02 3.74253057e-02 4.44235355e-02]
 [4.08780456e-01 6.31862134e-02 3.51560533e-01 2.12092306e-02 1.56937148e-02 3.85070220e-02 3.52944694e-02 1.78060811e-02 2.14763172e-02 2.64859665e-02]
 [3.13222110e-01 7.72529989e-02 1.33703426e-01 3.86770368e-02 3.47695947e-02 1.21489093e-01 1.33513138e-01 3.97276469e-02 4.33614962e-02 6.42834827e-02]
 [4.74924564e-01 7.28234500e-02 4.95384187e-02 3.67369950e-02 2.90332455e-02 1.33537143e-01 7.93063790e-02 4.19187918e-02 3.39344330e-02 4.82465960e-02]
 [1.31186858e-01 8.09213221e-02 3.46221864e-01 2.80480944e-02 2.85196919e-02 1.18904822e-01 1.31729782e-01 4.55580726e-02 4.11146358e-02 4.77948524e-02]
 [3.09472263e-01 8.82346705e-02 2.46080205e-01 3.92051227e-02 2.88667046e-02 8.05701017e-02 7.86536634e-02 3.42038758e-02 4.27081324e-02 5.20052686e-02]]
cosine similarity of topic:
[[ 9.9999988e-01  7.1376091e-01 -3.2148077e-05 -1.5371194e-04  3.4734745e-05 -2.0815130e-05  1.6935679e-05  4.8097747e-05  4.8684637e-05 -3.8177917e-05]
 [ 7.1376091e-01  1.0000002e+00  2.1638132e-05 -8.9141089e-05  6.4675605e-06  7.5454700e-05  3.6895472e-05  3.1221291e-05 -5.2426036e-05  9.9393845e-05]
 [-3.2148077e-05  2.1638132e-05  9.9999988e-01  6.7023000e-05 -1.1550467e-04  3.1325359e-05 -8.2304970e-05  1.3289419e-05 -1.4186102e-04  3.0899775e-01]
 [-1.5371194e-04 -8.9141089e-05  6.7023000e-05  9.9999976e-01  8.6949550e-02  4.6832836e-05 -7.9335302e-01  1.4521294e-05 -8.2876923e-06 -3.2691525e-05]
 [ 3.4734745e-05  6.4675605e-06 -1.1550467e-04  8.6949550e-02  1.0000000e+00  5.6342891e-05  6.7398272e-05 -4.4015749e-05 -7.6914552e-07  7.0353628e-05]
 [-2.0815130e-05  7.5454700e-05  3.1325359e-05  4.6832836e-05  5.6342891e-05  1.0000001e+00 -1.1415914e-04  2.0599373e-08 -4.1699113e-05 -1.1323180e-04]
 [ 1.6935679e-05  3.6895472e-05 -8.2304970e-05 -7.9335302e-01  6.7398272e-05 -1.1415914e-04  9.9999994e-01 -5.8137364e-05  2.6801587e-05 -4.9326154e-05]
 [ 4.8097747e-05  3.1221291e-05  1.3289419e-05  1.4521294e-05 -4.4015749e-05  2.0599373e-08 -5.8137364e-05  1.0000005e+00 -5.3221884e-05  4.2684998e-05]
 [ 4.8684637e-05 -5.2426036e-05 -1.4186102e-04 -8.2876923e-06 -7.6914552e-07 -4.1699113e-05  2.6801587e-05 -5.3221884e-05  1.0000001e+00 -8.3072438e-05]
 [-3.8177917e-05  9.9393845e-05  3.0899775e-01 -3.2691525e-05  7.0353628e-05 -1.1323180e-04 -4.9326154e-05  4.2684998e-05 -8.3072438e-05  1.0000000e+00]]
