hidden representaion(r*topic):
[[-0.02490197  0.00664765 -0.02348113 -0.05534587 -0.0478163   0.0465277   0.0788466  -0.01244964  0.08157307 -0.0004985  -0.09882782  0.0668236  -0.07046501  0.16802801  0.0375758 ]
 [-0.15758164 -0.00529803 -0.0085442  -0.1675964  -0.05057147  0.11585098  0.04716711  0.02005517  0.06762879  0.02430768 -0.05169218  0.02729169  0.0562711   0.11074925 -0.03963598]
 [-0.20245624  0.04277705  0.01070418 -0.15737154 -0.03133894  0.17626783  0.13715166 -0.02119141  0.11231443  0.02072506 -0.05137525  0.02217784  0.05159922  0.18587497 -0.07384547]
 [-0.12072304 -0.04595185 -0.024075   -0.17770162 -0.06732701  0.06532877 -0.02548191  0.05610628  0.03503802  0.02582651 -0.05244675  0.03452858  0.05783538  0.05049372 -0.01165093]
 [-0.11628814 -0.00647127 -0.02347584 -0.13071695 -0.04892235  0.0838434   0.03078325  0.00916962  0.04105464  0.02112865 -0.04763579  0.01504868  0.04343198  0.09601259 -0.02052721]
 [-0.07109262  0.00128208 -0.03724446 -0.08699974 -0.04568105  0.06162162  0.01036828 -0.0070853   0.00276738  0.02037298 -0.05114231 -0.00341647  0.03080239  0.09355751  0.00519811]
 [-0.080112   -0.0443541  -0.03713266 -0.14057781 -0.06613039  0.04046873 -0.0376398   0.04474802  0.01258712  0.02227078 -0.05600877  0.02488247  0.03998664  0.04633442  0.01105239]
 [-0.04273555  0.00898159 -0.02925848 -0.06299395 -0.0468695   0.05789481  0.05520403 -0.01737338  0.04429099  0.01104014 -0.08223322  0.03355993 -0.02841232  0.1472116   0.02477998]
 [-0.07593685  0.0178172  -0.03171006 -0.06861799 -0.03254924  0.07189063  0.02895484 -0.01306781  0.03136532  0.00618798 -0.06154466 -0.01512559  0.02536128  0.1093546   0.00086551]
 [-0.01544243  0.0021146  -0.04642529 -0.04199528 -0.04818432  0.03363112  0.01187716 -0.0156952   0.00324541  0.01127232 -0.07666329  0.00523232 -0.01502801  0.11576899  0.04030294]
 [-0.02617887 -0.00249665 -0.04996959 -0.05360233 -0.04458359  0.02760095  0.01032313 -0.00491393  0.01223545  0.00249705 -0.05734897  0.01031965 -0.0130325   0.08913945  0.03433138]
 [-0.07594236 -0.05588964 -0.03752391 -0.15114129 -0.0726776   0.03333547 -0.05043195  0.05795363  0.01414023  0.02240065 -0.06125817  0.03551466  0.03595615  0.0391877   0.0177995 ]
 [-0.0650459  -0.0515055  -0.03138217 -0.14031489 -0.06960327  0.02941483 -0.03276306  0.05186682  0.03075009  0.01865438 -0.07016665  0.0509174   0.01379979  0.05460015  0.02295917]
 [-0.0374291  -0.00830279 -0.03207633 -0.0731969  -0.04732849  0.0349376   0.02370477  0.00133017  0.03808064  0.00767341 -0.07213073  0.03729541 -0.02143838  0.10321607  0.02848632]
 [-0.00322365 -0.00556641 -0.05370003 -0.03838649 -0.04741941  0.01438227 -0.00192174 -0.01071614 -0.00516258  0.0057896  -0.06305126  0.00911846 -0.02042075  0.08799975  0.04757167]]
R_hid(hidden representaion to predict r):
[[0.         0.9421965  0.50792235 0.         0.09446333 0.         0.5655302  0.         0.         0.         0.9428497  0.5507069  1.228659   0.         0.        ]
 [0.         0.3408159  0.24569574 1.8010145  0.5674072  0.         0.         1.2447063  0.6408163  1.62948    0.         0.         0.         0.         0.20667881]
 [0.         0.         0.         0.6639081  0.         0.         0.17089064 0.         0.8612412  0.26942813 0.         0.20728546 0.         0.         0.        ]
 [0.18762292 0.         0.         0.09820725 0.5109556  0.         0.         0.10142659 0.4589826  1.3483028  0.         0.67464536 0.         0.         0.03025827]
 [0.         0.         0.         2.142002   0.28197324 0.         0.39426923 0.23642626 1.439906   1.4526122  0.         0.         0.         0.03741741 0.9389501 ]
 [0.         0.5176421  0.         0.         0.02567768 0.         0.         0.         1.3931831  1.4424419  0.         0.36313644 0.         0.         0.        ]
 [0.33551672 0.         0.         0.34950736 0.         0.         0.706468   0.06129144 0.63889116 1.6845902  0.         0.94062614 0.         0.8570115  0.26582482]
 [0.         1.3434439  0.4492671  0.7831819  0.         1.1070162  0.97896826 0.         0.17071228 0.1469726  0.11782873 0.75649    2.3654006  0.         0.        ]
 [0.         1.0308832  0.         0.         0.         0.05159391 1.110698   0.         0.         0.         0.18004626 1.3349595  1.989333   0.         0.2939394 ]
 [0.         1.1660006  0.         0.33799827 0.         0.         0.7231971  0.         0.         0.         0.3698801  2.2239504  2.5387444  0.         0.05368212]
 [0.         0.01563094 0.3445053  0.14069623 0.09975298 0.         0.21444277 0.         0.7854074  1.019288   1.6834767  1.035712   0.         0.         0.11406702]
 [0.04262104 0.         0.         0.02705213 0.27522063 0.         0.23514561 0.39599723 0.3905988  1.5208402  0.         1.0602039  0.         1.9064567  0.        ]
 [0.9952584  0.         0.         0.0642337  0.         0.         0.40955105 0.467028   0.228196   0.         0.         0.         0.17218448 0.9201071  0.2438435 ]
 [0.39234987 0.6083882  1.2843837  0.37416652 0.         0.14768142 0.6337327  0.         0.         0.         0.33951625 1.0917729  0.         1.0197968  0.        ]
 [0.         0.1502157  0.         0.         0.         0.         0.9827169  0.         0.52464473 1.680068   1.3038701  0.21439137 0.         0.         0.4541074 ]]
topics:
[[-8.72349590e-02 -9.12528671e-03  9.81362760e-02  4.78786696e-03  5.88666052e-02  7.79931098e-02  3.78693752e-02 -1.57916158e-01  9.90237370e-02 -6.14530593e-03 -7.06782565e-02  6.54918253e-02 -1.52377374e-02 -1.15691051e-01  2.95557305e-02]
 [-2.33711191e-02  6.87556788e-02  3.70739289e-02 -1.79474559e-02  7.09962621e-02 -7.58448616e-03 -5.72822280e-02 -2.05336534e-03  2.71699745e-02 -4.49507795e-02 -1.16629293e-03  3.02665904e-02 -2.67919339e-03 -5.81842698e-02  1.51188318e-02]
 [-9.52130184e-02 -3.61981057e-02 -2.61385858e-01 -5.69346659e-02 -1.03986293e-01  4.05676886e-02  1.32177845e-01  5.92894070e-02  1.15846634e-01 -1.22831166e-01  6.79257363e-02 -9.46025625e-02 -4.69524451e-02  7.83372745e-02  3.32586765e-02]
 [ 6.37171194e-02 -1.10577177e-02 -3.48414890e-02 -8.31259415e-03 -5.81378043e-02 -1.50896125e-02  6.55951649e-02 -8.35162308e-03  8.12161937e-02 -1.09115066e-02 -1.29644677e-01  1.06039427e-01 -1.45797148e-01  1.75679937e-01  9.39463079e-02]
 [ 6.94484711e-02 -2.04271488e-02 -1.04553930e-01  1.00189727e-02 -7.58466795e-02 -1.83545351e-02 -1.23885989e-01 -3.62021029e-02 -1.90648466e-01  5.41152544e-02 -6.22360148e-02 -8.75154361e-02  4.63149250e-02  5.74240126e-02  8.95160511e-02]
 [-2.08750114e-01  4.43840623e-02  1.29098836e-02 -1.61335707e-01 -3.09621543e-02  1.81588501e-01  1.42039433e-01 -2.18240730e-02  1.15867868e-01  2.14693155e-02 -5.09228110e-02  2.31907833e-02  5.35416678e-02  1.89502999e-01 -7.76888877e-02]
 [-5.29290102e-02  2.10744385e-02 -1.09032663e-02 -1.34703927e-02  4.20817882e-02 -7.00997422e-03 -1.27433988e-04 -5.82037419e-02 -4.48146909e-02  6.01849146e-02 -2.35340521e-02 -4.46038172e-02  6.13903664e-02 -7.43261129e-02 -1.04116667e-02]
 [-3.46544497e-02 -2.18471773e-02 -1.33113761e-03 -8.60188454e-02 -3.15995067e-02 -1.01036668e-01 -8.73775221e-03 -3.24606448e-02 -4.04061489e-02  5.79265952e-02  7.88551643e-02  5.56969782e-03  1.15693860e-01  6.61779940e-03 -1.26591295e-01]
 [-1.65565051e-02  1.47489300e-02 -4.15970162e-02  2.28797179e-03  7.65781850e-03 -8.53609107e-03 -3.92812677e-02  2.05891039e-02  6.70697093e-02 -5.37068211e-02 -6.54115081e-02 -5.18766940e-02  8.81736819e-03  9.11017321e-03  2.99576540e-02]
 [-1.14536174e-01 -7.34222904e-02 -2.87126210e-02 -2.01148674e-01 -7.95237049e-02  4.76089567e-02 -7.05937073e-02  8.59609619e-02  2.26198696e-02  2.82392967e-02 -5.65108396e-02  4.34270129e-02  6.50853366e-02  1.40989982e-02  1.70443417e-03]]
R:
[[2.22286070e-03 3.86420637e-03 5.89002017e-03 6.09373868e-01 3.58620733e-02 3.09669971e-01 6.85690378e-04 4.21414530e-04 3.04735098e-02 1.53642590e-03]
 [1.55945995e-03 2.28754175e-03 5.13517763e-03 7.28435256e-03 2.59354636e-02 5.43243229e-01 9.09529533e-03 1.06972447e-02 3.06413579e-03 3.91698033e-01]
 [4.23531310e-04 8.86359194e-04 1.70458318e-03 6.92941807e-03 8.16710573e-03 9.71431673e-01 4.93350148e-04 3.76391661e-04 6.92758476e-03 2.66003283e-03]
 [1.42477802e-03 2.24911585e-03 9.21664387e-03 2.03471128e-02 2.48203576e-02 1.85888499e-01 7.02983094e-03 2.36948952e-02 3.92958522e-03 7.21399248e-01]
 [1.25894314e-02 1.52250985e-02 3.18814442e-02 5.05949743e-02 1.08485989e-01 4.12170053e-01 2.50833016e-02 4.07846682e-02 9.70318913e-03 2.93481857e-01]
 [9.02060419e-03 6.00423068e-02 3.21271978e-02 8.09298083e-02 2.73285419e-01 3.42448860e-01 2.06378810e-02 2.36460343e-02 1.53044201e-02 1.42557487e-01]
 [7.73063954e-03 1.17858285e-02 2.27834992e-02 8.55206177e-02 1.14324227e-01 8.78516585e-02 1.44592021e-02 2.39177104e-02 1.93472486e-02 6.12279236e-01]
 [4.70456341e-03 1.27696395e-02 6.94867456e-03 3.91939849e-01 1.73102587e-01 3.66738230e-01 9.21634305e-03 2.20852322e-03 2.51953080e-02 7.17628049e-03]
 [3.04617593e-03 8.28183442e-03 5.88049274e-03 7.08245113e-02 2.23825246e-01 4.33758765e-01 1.08804635e-03 4.14255395e-04 2.51158118e-01 1.72248599e-03]
 [4.63646045e-03 1.58620682e-02 1.37426807e-02 2.98919499e-01 3.04626584e-01 2.39108354e-01 4.23689652e-03 2.66738026e-03 1.01845503e-01 1.43545549e-02]
 [1.20229200e-02 1.02938876e-01 7.92190433e-02 2.60644138e-01 2.25699723e-01 1.66381568e-01 2.12545618e-02 1.97596680e-02 1.95501167e-02 9.25294384e-02]
 [3.48154549e-03 7.05500273e-03 1.55657288e-02 1.18723527e-01 8.39053243e-02 1.56240836e-02 3.91937653e-03 1.48617206e-02 1.01860184e-02 7.26677656e-01]
 [7.70649267e-03 4.36743489e-03 5.73477289e-03 2.34853342e-01 3.22976746e-02 1.69482566e-02 7.93049950e-03 1.88666675e-02 5.78020606e-03 6.65514708e-01]
 [1.52452923e-02 4.95250821e-02 2.75677759e-02 3.52908731e-01 1.15533799e-01 1.90806791e-01 2.62084100e-02 2.32375953e-02 2.02632528e-02 1.78703263e-01]
 [2.21495889e-02 9.45291743e-02 6.60181418e-02 3.02238107e-01 2.91390836e-01 1.09730281e-01 1.25876702e-02 2.33696736e-02 1.04493489e-02 6.75371960e-02]]
cosine similarity of topic:
[[ 1.00000024e+00  6.99900687e-01  2.05000862e-04  3.01936343e-02  1.02933496e-04 -2.39415094e-05  1.62992626e-04 -4.13500238e-04 -7.23514531e-05  8.93573742e-05]
 [ 6.99900687e-01  9.99999881e-01  7.45370053e-05  2.18512258e-04  4.30555840e-04  2.96009472e-04 -1.16715499e-04 -4.93428670e-04 -1.91232655e-04 -2.88777620e-01]
 [ 2.05000862e-04  7.45370053e-05  9.99999881e-01 -1.35962386e-04  1.13951974e-04  2.92100012e-05 -5.97541444e-02  3.40717845e-04  8.16598535e-02  1.45407185e-01]
 [ 3.01936343e-02  2.18512258e-04 -1.35962386e-04  1.00000024e+00  3.07258904e-01 -1.63360557e-04 -7.45720923e-01 -5.33121638e-05 -1.62211247e-04 -4.23358753e-04]
 [ 1.02933496e-04  4.30555840e-04  1.13951974e-04  3.07258904e-01  1.00000000e+00 -2.28253193e-03 -2.21487135e-05 -1.44550577e-05  6.73583709e-05 -6.28810376e-05]
 [-2.39415094e-05  2.96009472e-04  2.92100012e-05 -1.63360557e-04 -2.28253193e-03  9.99999940e-01  8.78883675e-02 -1.07862987e-04  3.10895965e-04 -1.23323873e-04]
 [ 1.62992626e-04 -1.16715499e-04 -5.97541444e-02 -7.45720923e-01 -2.21487135e-05  8.78883675e-02  1.00000024e+00 -1.70215266e-04  2.54249200e-04  1.36299990e-04]
 [-4.13500238e-04 -4.93428670e-04  3.40717845e-04 -5.33121638e-05 -1.44550577e-05 -1.07862987e-04 -1.70215266e-04  1.00000024e+00  2.22871080e-04 -9.15043056e-05]
 [-7.23514531e-05 -1.91232655e-04  8.16598535e-02 -1.62211247e-04  6.73583709e-05  3.10895965e-04  2.54249200e-04  2.22871080e-04  1.00000000e+00 -1.88341364e-04]
 [ 8.93573742e-05 -2.88777620e-01  1.45407185e-01 -4.23358753e-04 -6.28810376e-05 -1.23323873e-04  1.36299990e-04 -9.15043056e-05 -1.88341364e-04  1.00000000e+00]]
