hidden representaion(r*topic):
[[-0.25761196 -0.4164995  -0.1422667   0.0677505  -0.6746961   0.13575697 -0.32316014 -0.31796116 -0.1062171  -0.39233115  0.38277015  0.0587451   0.06895699 -0.18987346  0.43266842 -0.01615825]
 [-0.25750983 -0.41638124 -0.14226444  0.06776593 -0.67438084  0.13573134 -0.323114   -0.31793016 -0.10609854 -0.39222664  0.38262093  0.05875405  0.06899866 -0.18986431  0.43244818 -0.0161899 ]
 [-0.25728372 -0.41607788 -0.1422414   0.06777804 -0.67358077  0.13564755 -0.32291391 -0.3177325  -0.10582398 -0.39189982  0.38220337  0.05879157  0.06907029 -0.18977055  0.4319008  -0.0162291 ]
 [-0.2575367  -0.4163864  -0.14222768  0.06775543 -0.67442113  0.13572964 -0.3229926  -0.31780526 -0.10614358 -0.3921649   0.38256454  0.05872206  0.06890469 -0.18979426  0.43248805 -0.01613284]
 [-0.25602522 -0.4144108  -0.14210977  0.06788821 -0.66917956  0.13521218 -0.32184657 -0.3166895  -0.10430703 -0.39013058  0.37992564  0.05897932  0.06945606 -0.18930341  0.42889023 -0.01647087]
 [-0.25757256 -0.4164532  -0.1422652   0.06775602 -0.6745732   0.1357466  -0.3231401  -0.31794673 -0.10617156 -0.39228916  0.38271084  0.05874813  0.06897204 -0.18986861  0.4325827  -0.0161697 ]
 [-0.25744152 -0.41629636 -0.14226088  0.06777402 -0.67415726  0.13571072 -0.3230719  -0.31789503 -0.10601772 -0.3921447   0.38251048  0.05876203  0.06902399 -0.18985005  0.43229395 -0.01620652]
 [-0.2573009  -0.41613916 -0.14226055  0.06779812 -0.6737348   0.13567914 -0.32302108 -0.31786793 -0.10585508 -0.3920128   0.38231626  0.05877386  0.06908517 -0.18984619  0.43199724 -0.0162549 ]
 [-0.25608626 -0.41463813 -0.14218666  0.06793383 -0.6697501   0.13531528 -0.32222876 -0.31718555 -0.10441889 -0.3905405   0.3803317   0.05892718  0.0695188  -0.18955742  0.42924085 -0.01655599]
 [-0.23871158 -0.4002888  -0.12437253  0.06518512 -0.623434    0.13019106 -0.2907032  -0.27670252 -0.09997449 -0.375956    0.35240865  0.04942467  0.05807622 -0.17806868  0.38777006 -0.03586347]
 [-0.25750583 -0.4163604  -0.14224103  0.06774443 -0.6743487   0.13571817 -0.3230169  -0.31783873 -0.10610304 -0.39216295  0.38254848  0.05874392  0.06894997 -0.18980078  0.43242806 -0.0161546 ]
 [-0.00326965 -0.20734173  0.1101935   0.0315153   0.00889422  0.06140617  0.11068543  0.2512314  -0.03457271 -0.19102573 -0.01021469 -0.06990699 -0.0779161  -0.03691627 -0.17815644 -0.3085775 ]
 [-0.2538379  -0.41212276 -0.1421548   0.06832021 -0.66302896  0.13480763 -0.321396   -0.3167415  -0.10185299 -0.3884409   0.3772258   0.05906029  0.0704556  -0.1895084   0.42451677 -0.01732839]
 [-0.13188241 -0.31183288 -0.01895176  0.05011864 -0.3356356   0.09883726 -0.10860963 -0.03845098 -0.06920079 -0.29041857  0.18666375 -0.00428498 -0.00334699 -0.1137275   0.13134235 -0.15741847]
 [-0.2569343  -0.41571197 -0.14223342  0.06784455 -0.67260104  0.13558194 -0.32281327 -0.317707   -0.1054437  -0.39162168  0.38176048  0.05879376  0.06920739 -0.18979064  0.4312007  -0.01636735]
 [-0.24173543 -0.39841625 -0.14104997  0.06990516 -0.6261323   0.13175218 -0.31485268 -0.31146035 -0.08858579 -0.37628046  0.35950002  0.05957845  0.07449412 -0.187996    0.39829376 -0.02177444]]
R_hid(hidden representaion to predict r):
[[1.60612094e+00 2.56638622e+00 2.53469324e+00 0.00000000e+00 1.61286068e+00 1.81172776e+00 1.23942780e+00 4.32869673e-01 0.00000000e+00 3.52058911e+00 0.00000000e+00 0.00000000e+00 0.00000000e+00 0.00000000e+00 0.00000000e+00 3.95285398e-01]
 [0.00000000e+00 0.00000000e+00 0.00000000e+00 5.96460581e-01 0.00000000e+00 0.00000000e+00 0.00000000e+00 0.00000000e+00 0.00000000e+00 0.00000000e+00 1.07835926e-01 0.00000000e+00 1.80288947e+00 6.42188251e-01 1.04625177e+00 0.00000000e+00]
 [1.08068205e-01 4.52426553e-01 4.88006741e-01 1.50173858e-01 1.17430270e+00 5.99717438e-01 1.13198638e+00 9.43676353e-01 0.00000000e+00 0.00000000e+00 0.00000000e+00 7.32691288e-01 0.00000000e+00 0.00000000e+00 0.00000000e+00 0.00000000e+00]
 [1.54080415e+00 1.30810642e+00 1.02298260e+00 0.00000000e+00 1.33787155e+00 1.63265094e-01 1.64562428e+00 0.00000000e+00 3.63523304e-01 0.00000000e+00 3.67173135e-01 8.91590357e-01 0.00000000e+00 0.00000000e+00 0.00000000e+00 1.07024062e+00]
 [4.11542244e-02 0.00000000e+00 6.25752807e-01 8.57576072e-01 0.00000000e+00 3.28393131e-01 1.38754426e-02 3.23442459e-01 6.71870232e-01 0.00000000e+00 0.00000000e+00 0.00000000e+00 2.23352388e-01 0.00000000e+00 0.00000000e+00 8.97369862e-01]
 [0.00000000e+00 0.00000000e+00 0.00000000e+00 1.56885934e+00 0.00000000e+00 0.00000000e+00 0.00000000e+00 0.00000000e+00 0.00000000e+00 1.00610361e-01 0.00000000e+00 0.00000000e+00 9.40772772e-01 0.00000000e+00 4.19310555e-02 0.00000000e+00]
 [8.87111008e-01 0.00000000e+00 5.15239596e-01 1.87404707e-01 5.39657772e-01 0.00000000e+00 0.00000000e+00 1.66354215e+00 0.00000000e+00 0.00000000e+00 0.00000000e+00 1.21445501e+00 0.00000000e+00 0.00000000e+00 0.00000000e+00 0.00000000e+00]
 [0.00000000e+00 0.00000000e+00 0.00000000e+00 9.86249685e-01 0.00000000e+00 0.00000000e+00 7.45015979e-01 0.00000000e+00 0.00000000e+00 1.39282942e+00 0.00000000e+00 0.00000000e+00 1.87100446e+00 0.00000000e+00 0.00000000e+00 1.80565685e-01]
 [0.00000000e+00 0.00000000e+00 7.61374459e-02 5.10389268e-01 4.95558344e-02 5.87816954e-01 6.78608358e-01 4.74698722e-01 2.28023142e-01 5.25244534e-01 0.00000000e+00 2.83750027e-01 6.23171091e-01 7.68333003e-02 0.00000000e+00 5.27722180e-01]
 [9.54095721e-01 8.21687639e-01 4.94562060e-01 0.00000000e+00 6.01854086e-01 7.35308647e-01 8.96217227e-01 9.67699587e-02 5.05080938e-01 0.00000000e+00 1.07105005e+00 0.00000000e+00 0.00000000e+00 1.51545119e+00 9.68472183e-01 1.73367143e+00]
 [6.39366686e-01 6.41120553e-01 1.70998707e-01 0.00000000e+00 8.60646784e-01 0.00000000e+00 5.04151523e-01 6.83552027e-01 2.37177178e-01 0.00000000e+00 0.00000000e+00 1.59482884e+00 0.00000000e+00 3.06091696e-01 0.00000000e+00 1.19554269e+00]
 [8.10727239e-01 3.23574305e-01 5.04776120e-01 0.00000000e+00 3.22397351e-01 1.61864817e+00 2.65871614e-01 6.13127276e-02 1.95980811e+00 0.00000000e+00 2.09102535e+00 0.00000000e+00 0.00000000e+00 1.71072769e+00 1.31976426e+00 7.21094131e-01]
 [0.00000000e+00 0.00000000e+00 0.00000000e+00 1.75887382e+00 0.00000000e+00 0.00000000e+00 0.00000000e+00 0.00000000e+00 0.00000000e+00 8.10126066e-02 2.07971856e-01 0.00000000e+00 1.19442189e+00 0.00000000e+00 3.43801498e-01 0.00000000e+00]
 [8.04071128e-01 5.15365064e-01 8.94705772e-01 0.00000000e+00 6.70227110e-01 2.03210187e+00 7.22205400e-01 3.19624513e-01 1.01035798e+00 0.00000000e+00 9.24092114e-01 0.00000000e+00 0.00000000e+00 1.15122795e+00 9.27124143e-01 1.08173132e+00]
 [0.00000000e+00 0.00000000e+00 0.00000000e+00 4.82709318e-01 0.00000000e+00 0.00000000e+00 0.00000000e+00 1.00277364e+00 3.64823520e-01 2.18149670e-03 2.95174241e-01 1.26262844e+00 7.03779683e-02 6.25532806e-01 1.06316710e+00 0.00000000e+00]
 [0.00000000e+00 0.00000000e+00 0.00000000e+00 5.62262475e-01 0.00000000e+00 0.00000000e+00 0.00000000e+00 1.27384424e+00 1.12689114e+00 1.02070086e-01 9.57930923e-01 1.24025917e+00 3.61789852e-01 7.40345418e-01 1.06077039e+00 0.00000000e+00]]
topics:
[[-0.42581    -0.25787413 -0.22918426 -0.06783578  0.03701381 -0.03564381 -0.0578032   0.3336014   0.06284393  0.1448275   0.0728732   0.5954082   0.32218045  0.23106082  0.07205646  0.16539355]
 [-0.14374267  0.02195765  0.1737039  -0.03376389 -0.06782214 -0.0289578   0.0677561   0.00816367 -0.1128339  -0.04667617 -0.09772363  0.01558012 -0.07539104 -0.06787395 -0.001545    0.06501345]
 [ 0.01469514  0.039876   -0.059683    0.00735362 -0.04318704 -0.15187922 -0.002291    0.06489103  0.01569889  0.0971903  -0.00485311 -0.05086063 -0.06051609 -0.07266685  0.02475336  0.0110456 ]
 [-0.07417199 -0.09095822 -0.10928618  0.05911701 -0.03154977  0.06948011 -0.07748982  0.09516237  0.15733294 -0.06180808 -0.00609616 -0.05266394  0.13859053 -0.02615684 -0.00192894 -0.09244343]
 [ 0.27197662 -0.15589704  0.01700182 -0.1046501  -0.17834218  0.13513036  0.53985286 -0.01833438  0.20530497  0.00833407 -0.49996242 -0.23462763 -0.38955474  0.2900193  -0.0826419   0.09096112]
 [ 0.06047288 -0.04921933 -0.13608976  0.11695474  0.30466482  0.05692086 -0.18308765 -0.22575377  0.2631411  -0.06947799 -0.07897779  0.08700458  0.19982716 -0.16383815 -0.25151485 -0.11577681]
 [-0.00222738 -0.20661293  0.11139427  0.03133341  0.01157965  0.06111609  0.11250412  0.25380412 -0.03445154 -0.19041963 -0.01166328 -0.07049131 -0.07858261 -0.03631353 -0.1807241  -0.31009993]
 [-0.09316225 -0.12854049 -0.06757619 -0.0648801  -0.02832214 -0.01257255  0.06377571 -0.00769504  0.03569546 -0.01468881 -0.13940889 -0.12095943  0.01859414  0.01848328 -0.00685878  0.10828918]
 [-0.2576126  -0.41650042 -0.14226688  0.06775046 -0.6746984   0.13575721 -0.3231611  -0.31796205 -0.10621778 -0.39233235  0.38277155  0.05874513  0.06895711 -0.18987392  0.43266994 -0.01615833]
 [-0.13276812 -0.11930412  0.0029117   0.4228122   0.10385384  0.17564672 -0.02091615 -0.01347395  0.00344734  0.04783991 -0.06294364 -0.12338831 -0.20994683 -0.2888442   0.05979297  0.08019872]]
R:
[[4.21729482e-07 6.25970955e-08 1.50289253e-07 1.65307938e-07 3.33819457e-07 9.28100008e-07 5.58921656e-08 2.53453436e-07 9.99997020e-01 4.81960114e-07]
 [1.16626632e-06 1.64557690e-07 2.85893634e-07 2.78301002e-07 5.99022542e-07 3.20519495e-04 6.60111652e-07 1.68836345e-06 9.99673963e-01 6.80274582e-07]
 [1.01714511e-04 1.51126442e-05 2.39595574e-05 3.13973796e-05 3.33452263e-05 9.28775931e-04 2.90565822e-05 4.49895124e-05 9.98758793e-01 3.29228460e-05]
 [6.75369301e-05 1.61226344e-05 1.59168176e-05 3.91859830e-05 7.73404681e-05 1.85509707e-05 2.58515684e-05 4.60118863e-05 9.99590576e-01 1.02866084e-04]
 [5.99300722e-04 1.00740457e-04 1.28600295e-04 2.23293042e-04 2.05950215e-04 4.33758320e-03 1.87063255e-04 1.90941864e-04 9.93764162e-01 2.62309331e-04]
 [1.89802006e-06 4.05727462e-07 6.78364984e-07 4.33721539e-07 1.12661576e-06 1.20987592e-04 1.12500084e-06 2.95050177e-06 9.99868870e-01 1.61064440e-06]
 [1.29577375e-05 3.07207279e-06 4.28404155e-06 3.41771192e-06 4.23446591e-06 5.23353461e-04 1.59117496e-06 7.74152886e-06 9.99433696e-01 5.58397005e-06]
 [3.53921996e-06 2.22766360e-07 3.56832402e-07 5.08139067e-07 8.62043123e-07 9.78273922e-04 3.48339768e-07 1.23420295e-06 9.99013543e-01 1.06795062e-06]
 [2.60457105e-04 4.12771224e-05 5.71884266e-05 6.88114451e-05 1.01731450e-04 4.52743238e-03 7.67409292e-05 7.11679386e-05 9.94699597e-01 9.55443466e-05]
 [7.89462239e-04 2.12342929e-04 3.37672129e-04 5.83422079e-04 1.46812387e-03 7.82953401e-04 6.84927702e-02 8.87962524e-04 9.25275624e-01 1.16975443e-03]
 [5.81572458e-05 2.10076105e-05 1.55315029e-05 1.54352583e-05 6.30229188e-05 1.87531681e-04 1.34217444e-05 3.82598701e-05 9.99553025e-01 3.45462577e-05]
 [9.40529644e-05 4.32259912e-05 5.76382517e-05 8.04903539e-05 1.65526202e-04 2.80280656e-04 9.94963765e-01 1.67546546e-04 3.98751581e-03 1.59900708e-04]
 [5.05452481e-05 1.06294819e-05 1.18509215e-05 2.09698610e-05 2.96873641e-05 1.16989845e-02 9.30878523e-05 4.79258415e-05 9.87986267e-01 5.01387985e-05]
 [1.33679516e-03 5.09154634e-04 7.72982603e-04 7.81469163e-04 2.11682543e-03 2.10538390e-03 4.82704878e-01 1.43484841e-03 5.06308734e-01 1.92892703e-03]
 [1.99214992e-05 7.18872207e-06 1.03189959e-05 5.97002963e-06 1.66813170e-05 2.04318389e-03 5.14758940e-05 1.98006564e-05 9.97811258e-01 1.42011822e-05]
 [8.62737943e-05 4.12339468e-05 6.99785378e-05 4.83258918e-05 1.21403020e-04 4.67924885e-02 3.43664037e-03 1.25197417e-04 9.49178398e-01 1.00057492e-04]]
cosine similarity of topic:
[[ 9.99999821e-01 -2.94874826e-05  5.92389540e-07  5.19050154e-05 -1.84487199e-05 -9.30190363e-05  2.12831692e-05 -9.40149839e-05  3.22144956e-06  8.15415478e-06]
 [-2.94874826e-05  1.00000012e+00 -5.17912194e-05 -3.89451270e-05  5.06240503e-05  1.52721568e-05 -5.93566256e-06 -7.29319800e-05 -4.13012203e-05  6.23994056e-05]
 [ 5.92389540e-07 -5.17912194e-05  9.99999881e-01  4.30394903e-05 -5.23178605e-05  3.29891827e-06  1.37134746e-04  1.73520709e-06  3.47328205e-05 -9.20570747e-05]
 [ 5.19050154e-05 -3.89451270e-05  4.30394903e-05  9.99999821e-01 -5.07161785e-05 -9.91475986e-07  3.97140575e-05  1.53686251e-05  3.10605901e-05  7.66031517e-05]
 [-1.84487199e-05  5.06240503e-05 -5.23178605e-05 -5.07161785e-05  9.99999940e-01  1.80832103e-05  1.57620852e-05  4.98198642e-05 -3.98987504e-06 -1.49152065e-05]
 [-9.30190363e-05  1.52721568e-05  3.29891827e-06 -9.91475986e-07  1.80832103e-05  1.00000012e+00 -1.11218935e-04 -1.40815129e-04 -6.42348709e-07  9.84169401e-06]
 [ 2.12831692e-05 -5.93566256e-06  1.37134746e-04  3.97140575e-05  1.57620852e-05 -1.11218935e-04  9.99999642e-01 -4.35353541e-05 -1.34986331e-04  1.03069920e-04]
 [-9.40149839e-05 -7.29319800e-05  1.73520709e-06  1.53686251e-05  4.98198642e-05 -1.40815129e-04 -4.35353541e-05  1.00000012e+00  1.35453636e-04  1.03448212e-04]
 [ 3.22144956e-06 -4.13012203e-05  3.47328205e-05  3.10605901e-05 -3.98987504e-06 -6.42348709e-07 -1.34986331e-04  1.35453636e-04  1.00000000e+00  3.38524987e-05]
 [ 8.15415478e-06  6.23994056e-05 -9.20570747e-05  7.66031517e-05 -1.49152065e-05  9.84169401e-06  1.03069920e-04  1.03448212e-04  3.38524987e-05  1.00000024e+00]]
