hidden representaion(r*topic):
[[ 0.01608549 -0.15962283 -0.05065528  0.14518686 -0.04235429  0.05315869  0.25118348 -0.06280474  0.16464165 -0.06752452 -0.22457454 -0.23553087 -0.11449838  0.15078484 -0.04176996  0.13475072]
 [ 0.02747839 -0.14682592 -0.03814423  0.08569352 -0.09388825  0.02604173  0.12368942 -0.08305856  0.1079886  -0.04694393 -0.10381239 -0.12461697 -0.05019595  0.04876861 -0.02109553  0.0513111 ]
 [ 0.01609456 -0.15964277 -0.0506526   0.1452172  -0.04235444  0.05316165  0.25123456 -0.06282508  0.16464975 -0.06753734 -0.22461288 -0.23558235 -0.11453157  0.15082172 -0.0417782   0.1347822 ]
 [ 0.01616193 -0.15884048 -0.05039972  0.143697   -0.04274443  0.05277147  0.24854663 -0.06218114  0.16372833 -0.06687995 -0.22226243 -0.23289114 -0.11300645  0.14861886 -0.04153592  0.13282156]
 [ 0.01608885 -0.15963732 -0.05065616  0.14520876 -0.04235498  0.05316162  0.2512167  -0.06281968  0.16464862 -0.06753304 -0.22460008 -0.23556618 -0.11451974  0.15081002 -0.04177325  0.13477366]
 [ 0.01610388 -0.15963003 -0.0506401   0.1451799  -0.04237644  0.05314433  0.2511639  -0.06282742  0.16461377 -0.06751918 -0.22454572 -0.23551044 -0.11449706  0.15076159 -0.04177094  0.1347336 ]
 [ 0.01608046 -0.15960322 -0.05065527  0.14515382 -0.04236342  0.05315462  0.25111255 -0.0627888   0.16462405 -0.06751043 -0.22451594 -0.23547241 -0.11445935  0.15072682 -0.04175906  0.13470231]
 [ 0.01608941 -0.15962027 -0.05065183  0.14517769 -0.04236117  0.05315366  0.251164   -0.06280517  0.1646312  -0.0675212  -0.22455537 -0.23551728 -0.11448953  0.15076682 -0.04176871  0.13473503]
 [-0.02851903 -0.05969408 -0.07521574  0.00576916 -0.05709513  0.05615607 -0.02893918  0.02917999  0.13626987 -0.02522899 -0.01262357 -0.01876141  0.05730003 -0.0606636   0.00697398 -0.05517962]
 [-0.02901682 -0.0581056  -0.07548181  0.00287038 -0.05829459  0.05587556 -0.03519125  0.0300632   0.13506316 -0.0244232  -0.00747365 -0.01395641  0.06091335 -0.06544802  0.00809758 -0.05940614]
 [ 0.04190449 -0.1402036  -0.02419294  0.03199361 -0.15030496 -0.00230068  0.00350385 -0.11457295  0.04964041 -0.02896312  0.01286589 -0.02153962  0.00758078 -0.04793224 -0.00035435 -0.02573349]
 [-0.02903086 -0.05805861 -0.07548858  0.00289415 -0.05817048  0.05592639 -0.03505697  0.03021009  0.13515685 -0.02445064 -0.0076214  -0.01407843  0.06086543 -0.06535427  0.00804112 -0.05936996]
 [-0.02707846 -0.06092105 -0.0740774   0.00582997 -0.058705    0.05497651 -0.02886132  0.02714171  0.13442057 -0.02506264 -0.01161641 -0.01805433  0.05674736 -0.06096551  0.00668092 -0.05528488]
 [-0.02963383 -0.05746759 -0.07595832  0.00285606 -0.05738417  0.05647761 -0.03507552  0.03127237  0.13599187 -0.02450719 -0.0080644  -0.01436099  0.06111631 -0.06524844  0.0081066  -0.05941368]
 [ 0.00493548 -0.09666136 -0.04989227  0.01890979 -0.09545105  0.02924522 -0.00779786 -0.03090638  0.09677608 -0.02517648 -0.00546474 -0.01985497  0.03185698 -0.05117144  0.0003136  -0.03952122]
 [-0.02311475 -0.0648168  -0.07120977  0.00355485 -0.06795995  0.05013337 -0.03627033  0.01673025  0.12622121 -0.02421619 -0.00181995 -0.01123553  0.05867024 -0.06714764  0.00848758 -0.05888949]]
R_hid(hidden representaion to predict r):
[[0.0000000e+00 0.0000000e+00 1.9643728e-01 0.0000000e+00 0.0000000e+00 1.3770335e+00 0.0000000e+00 0.0000000e+00 0.0000000e+00 4.1864583e-01 0.0000000e+00 0.0000000e+00 0.0000000e+00 0.0000000e+00 0.0000000e+00 9.3708180e-02]
 [6.6496557e-01 1.2717144e-01 1.7213697e-02 1.6028787e-01 0.0000000e+00 0.0000000e+00 0.0000000e+00 9.7529548e-01 0.0000000e+00 0.0000000e+00 2.6559755e-01 0.0000000e+00 0.0000000e+00 0.0000000e+00 0.0000000e+00 0.0000000e+00]
 [0.0000000e+00 7.0716107e-01 0.0000000e+00 0.0000000e+00 0.0000000e+00 9.6139872e-01 0.0000000e+00 0.0000000e+00 0.0000000e+00 0.0000000e+00 0.0000000e+00 0.0000000e+00 0.0000000e+00 0.0000000e+00 0.0000000e+00 0.0000000e+00]
 [0.0000000e+00 0.0000000e+00 4.1889664e-02 0.0000000e+00 0.0000000e+00 5.7850152e-01 0.0000000e+00 0.0000000e+00 0.0000000e+00 0.0000000e+00 0.0000000e+00 0.0000000e+00 0.0000000e+00 0.0000000e+00 0.0000000e+00 0.0000000e+00]
 [0.0000000e+00 2.2222536e+00 1.1201273e-01 0.0000000e+00 0.0000000e+00 1.1549196e+00 0.0000000e+00 6.3867974e-01 1.1246946e+00 9.5331472e-01 0.0000000e+00 5.6427006e-02 7.0665711e-01 0.0000000e+00 0.0000000e+00 0.0000000e+00]
 [0.0000000e+00 1.6666588e-01 0.0000000e+00 0.0000000e+00 0.0000000e+00 0.0000000e+00 0.0000000e+00 4.7862467e-01 1.3731183e-01 0.0000000e+00 8.0512375e-01 0.0000000e+00 4.4018862e-01 0.0000000e+00 0.0000000e+00 0.0000000e+00]
 [0.0000000e+00 7.4489169e-02 0.0000000e+00 0.0000000e+00 0.0000000e+00 4.6684128e-01 0.0000000e+00 0.0000000e+00 3.0246425e-02 0.0000000e+00 5.3008389e-01 0.0000000e+00 0.0000000e+00 0.0000000e+00 0.0000000e+00 0.0000000e+00]
 [2.0131639e-01 1.3276982e+00 0.0000000e+00 0.0000000e+00 0.0000000e+00 8.3545136e-01 0.0000000e+00 1.0241635e+00 0.0000000e+00 0.0000000e+00 0.0000000e+00 0.0000000e+00 7.9504859e-01 0.0000000e+00 0.0000000e+00 1.3222285e-02]
 [2.0501218e+00 6.1406159e-01 1.9180315e-03 5.5194473e-01 1.2561252e+00 1.0729049e+00 0.0000000e+00 2.3328938e+00 0.0000000e+00 0.0000000e+00 9.0088703e-02 6.9882286e-01 1.1218675e+00 3.2086718e-01 5.1468700e-01 0.0000000e+00]
 [2.3009861e+00 0.0000000e+00 3.1664363e-01 1.9383152e+00 2.3132758e+00 0.0000000e+00 8.7824330e-02 1.6375753e+00 0.0000000e+00 2.9235333e-01 1.3490075e+00 0.0000000e+00 0.0000000e+00 4.7926256e-01 0.0000000e+00 0.0000000e+00]
 [1.2328900e+00 0.0000000e+00 0.0000000e+00 1.2502740e-01 7.3320425e-01 0.0000000e+00 0.0000000e+00 9.5753336e-01 0.0000000e+00 0.0000000e+00 1.0668391e+00 0.0000000e+00 0.0000000e+00 0.0000000e+00 4.0563941e-02 0.0000000e+00]
 [2.1033015e+00 0.0000000e+00 1.0733650e+00 1.3136865e+00 1.2831523e+00 0.0000000e+00 1.5272339e-03 1.6941646e+00 0.0000000e+00 0.0000000e+00 8.9473897e-01 5.3886628e-01 0.0000000e+00 4.5711687e-01 5.0823462e-01 3.0690162e-03]
 [1.7008213e+00 0.0000000e+00 1.1104759e+00 5.1543200e-01 0.0000000e+00 2.3317066e-01 0.0000000e+00 1.8818927e+00 1.1049002e-02 0.0000000e+00 6.1119139e-01 0.0000000e+00 2.3913141e-01 0.0000000e+00 0.0000000e+00 0.0000000e+00]
 [1.3863403e+00 0.0000000e+00 9.4270843e-01 1.0603570e+00 8.2208240e-01 0.0000000e+00 0.0000000e+00 1.4627380e+00 0.0000000e+00 1.2687907e-01 1.8637652e-02 4.4267347e-01 0.0000000e+00 0.0000000e+00 5.7568771e-01 4.4559544e-01]
 [1.1240896e+00 0.0000000e+00 0.0000000e+00 7.0084268e-01 4.8659918e-01 7.3988324e-01 0.0000000e+00 1.2917671e+00 0.0000000e+00 0.0000000e+00 0.0000000e+00 0.0000000e+00 0.0000000e+00 0.0000000e+00 0.0000000e+00 4.3930873e-02]
 [2.7265296e+00 0.0000000e+00 1.2247593e+00 2.0014012e+00 5.3840119e-01 0.0000000e+00 0.0000000e+00 1.8729811e+00 0.0000000e+00 2.8646407e-01 3.5787272e-01 0.0000000e+00 0.0000000e+00 0.0000000e+00 0.0000000e+00 2.1414116e-01]]
topics:
[[-0.10263588 -0.1546257  -0.10555732 -0.04103586 -0.04836442 -0.02613603 -0.03254758  0.13566874  0.08691455  0.12522861  0.04705505  0.34388497  0.1717101   0.02483426  0.02572158  0.04596645]
 [-0.02954971 -0.04879966  0.06488995 -0.03996915 -0.01065232  0.00587831  0.01714763 -0.01579071 -0.04900769 -0.00753221 -0.08159499  0.00213371 -0.04714047 -0.04748468 -0.00567946  0.01082047]
 [ 0.05407588  0.01537678 -0.02081676  0.01239879 -0.00579158 -0.05613883  0.02125343  0.004752    0.0229974   0.10853031 -0.02565383 -0.01407374 -0.02281002 -0.04564839 -0.03583059 -0.03248179]
 [-0.02976043 -0.05735494 -0.07606713  0.00284741 -0.0572627   0.05659725 -0.03512226  0.03144574  0.13616435 -0.02453947 -0.00811778 -0.01442426  0.06118668 -0.06525318  0.00814127 -0.05944667]
 [ 0.01609333 -0.15966305 -0.05066024  0.14525115 -0.0423492   0.05317156  0.2512925  -0.06283934  0.16467305 -0.0675544  -0.22466178 -0.23564078 -0.1145618   0.1508709  -0.04178329  0.13482258]
 [ 0.09924953  0.1001629   0.07085827 -0.08320276  0.02212117  0.00496218  0.04057215 -0.00214521  0.06639224  0.04216145 -0.09141356  0.10087106 -0.05344539 -0.06540967 -0.07692906 -0.04150392]
 [ 0.16356519 -0.08592594  0.09944271 -0.01494343 -0.05012993 -0.00631436  0.08920139  0.1060491   0.0150609  -0.02185357 -0.01475163  0.00345634 -0.02910735 -0.06651942 -0.14772584 -0.15310305]
 [ 0.02247601 -0.08344033 -0.0187307  -0.07906183 -0.06232285 -0.10553634  0.04473723 -0.03240097  0.01329787  0.00829575 -0.07698311 -0.06271041  0.0103988  -0.00075562 -0.02601289  0.06143805]
 [ 0.06230053 -0.18376136 -0.01920727  0.01117875 -0.26501578 -0.04426465 -0.10009202 -0.25058815 -0.02109907 -0.03448326  0.12709643  0.03126339  0.04329395 -0.11888184  0.04266651 -0.06244336]
 [-0.01684988 -0.05171549  0.00782921  0.16040638  0.01986688  0.10806748 -0.00915052 -0.02233616  0.02892358  0.10457177 -0.04664227 -0.03781268 -0.13950971 -0.22402567  0.01971767  0.02330374]]
R:
[[4.13822963e-05 1.71704487e-05 7.95789856e-06 2.21937706e-04 9.99589741e-01 3.53440737e-05 2.76457195e-05 2.49154455e-05 2.11942224e-05 1.26793257e-05]
 [1.73227396e-02 7.03638594e-04 3.70224891e-03 1.03549793e-01 5.80287158e-01 9.24240518e-03 4.74833362e-02 3.89582990e-03 2.27264479e-01 6.54836744e-03]
 [1.65298043e-05 1.16272322e-05 1.18358384e-05 7.97309694e-05 9.99775946e-01 1.71077354e-05 3.10594587e-05 1.51413433e-05 2.75890743e-05 1.34188112e-05]
 [8.66167364e-04 7.86265809e-05 2.46325275e-04 4.60601458e-03 9.89725113e-01 6.41909020e-04 1.71485532e-03 2.15115870e-04 1.66786020e-03 2.38078166e-04]
 [2.66283605e-05 1.23875770e-05 1.13418055e-05 1.35731534e-04 9.99718010e-01 1.80658099e-05 1.81721116e-05 1.71024058e-05 2.71178724e-05 1.53267702e-05]
 [3.98958000e-05 1.36729786e-05 1.96702658e-05 1.04403713e-04 9.99521852e-01 3.78714503e-05 7.74262880e-05 2.35721964e-05 1.33418667e-04 2.81931007e-05]
 [4.79953414e-05 1.79929848e-05 1.26328468e-05 3.94073490e-04 9.99338210e-01 2.79602664e-05 4.93830557e-05 2.80430249e-05 5.31637561e-05 3.04356836e-05]
 [3.48632457e-05 1.52561506e-05 1.66436766e-05 2.41111513e-04 9.99516368e-01 2.38071570e-05 5.07190962e-05 3.47441237e-05 4.85764176e-05 1.79688377e-05]
 [7.69250968e-04 2.37810833e-04 1.85576268e-04 9.74549890e-01 2.11491324e-02 3.66198976e-04 6.33121701e-04 7.26300641e-04 1.09478366e-03 2.87833478e-04]
 [6.82803045e-04 4.15555514e-05 1.34989183e-04 9.91695344e-01 2.22160437e-04 2.20821472e-04 1.25748897e-03 2.33671206e-04 5.26727596e-03 2.43849892e-04]
 [3.04448158e-02 1.08241208e-03 4.93396772e-03 1.59343451e-01 1.95820153e-01 1.97117012e-02 8.94779414e-02 4.46181512e-03 4.80465233e-01 1.42584527e-02]
 [5.93608245e-04 3.88454246e-05 1.02854421e-04 9.92020905e-01 4.92160732e-04 2.01063711e-04 1.38905528e-03 3.04958958e-04 4.65600193e-03 2.00515293e-04]
 [1.77096575e-03 2.08311074e-04 5.35598898e-04 9.60432649e-01 2.15937477e-02 5.59788605e-04 4.10692208e-03 8.32221354e-04 9.31994803e-03 6.39797945e-04]
 [1.59856092e-04 1.39732520e-05 4.05307692e-05 9.98498201e-01 1.29561377e-04 4.60851152e-05 2.89779069e-04 1.01487043e-04 6.61174301e-04 5.93805125e-05]
 [2.34301370e-02 8.83035187e-04 4.00289381e-03 5.78790367e-01 1.11732855e-01 8.81963037e-03 5.59026562e-02 3.73564544e-03 2.02876523e-01 9.82620474e-03]
 [3.75187187e-03 1.74296874e-04 7.12943263e-04 9.26255226e-01 3.75371333e-03 1.51831389e-03 7.69835943e-03 1.04472018e-03 5.35333008e-02 1.55737612e-03]]
cosine similarity of topic:
[[ 9.9999988e-01  4.4584489e-05  4.6392903e-05  4.0758256e-05  1.3429881e-04 -1.7733220e-04  1.2987235e-04 -1.3727695e-06  5.3271651e-07  7.9933554e-05]
 [ 4.4584489e-05  1.0000001e+00  1.0276213e-05  4.8939139e-05  5.5933371e-05 -9.1952272e-05 -3.1398609e-05 -7.3337927e-05 -4.3899752e-05  5.4856762e-05]
 [ 4.6392903e-05  1.0276213e-05  9.9999994e-01 -9.2194416e-05  3.3508986e-05  4.5128609e-04 -4.6519563e-04 -4.0845014e-05  1.7591380e-04  2.7483795e-05]
 [ 4.0758256e-05  4.8939139e-05 -9.2194416e-05  9.9999988e-01 -1.2002140e-04  2.6548281e-05  1.8045399e-04 -1.6464386e-05  7.8805722e-05  8.0690486e-05]
 [ 1.3429881e-04  5.5933371e-05  3.3508986e-05 -1.2002140e-04  1.0000000e+00  5.8348868e-03  3.3006072e-05  1.0352861e-04  1.8706545e-05 -1.2251805e-04]
 [-1.7733220e-04 -9.1952272e-05  4.5128609e-04  2.6548281e-05  5.8348868e-03  9.9999994e-01 -3.7420541e-05  3.2915967e-05  2.3920741e-04 -1.4437549e-04]
 [ 1.2987235e-04 -3.1398609e-05 -4.6519563e-04  1.8045399e-04  3.3006072e-05 -3.7420541e-05  1.0000000e+00 -7.1363524e-05 -1.2681307e-04  2.1540816e-04]
 [-1.3727695e-06 -7.3337927e-05 -4.0845014e-05 -1.6464386e-05  1.0352861e-04  3.2915967e-05 -7.1363524e-05  9.9999970e-01 -4.0668994e-05 -2.1501072e-04]
 [ 5.3271651e-07 -4.3899752e-05  1.7591380e-04  7.8805722e-05  1.8706545e-05  2.3920741e-04 -1.2681307e-04 -4.0668994e-05  9.9999976e-01 -1.4524907e-04]
 [ 7.9933554e-05  5.4856762e-05  2.7483795e-05  8.0690486e-05 -1.2251805e-04 -1.4437549e-04  2.1540816e-04 -2.1501072e-04 -1.4524907e-04  1.0000005e+00]]
