hidden representaion(r*topic):
[[ 0.05545941 -0.3252653   0.2509476   0.18337618 -0.05676199  0.42505762  0.6314215  -0.23045494  0.3117101  -0.06262039 -0.7679597  -0.2968749  -0.35304523  0.31834266 -0.34467918 -0.01242738]
 [ 0.01588117 -0.1883735   0.11690393  0.10713241 -0.07872868  0.22711502  0.34749755 -0.13556863  0.23153204 -0.03580162 -0.4364865  -0.12502776 -0.19221216  0.12368235 -0.2052175   0.00147349]
 [ 0.05545455 -0.3252566   0.25093678  0.18337041 -0.05676381  0.4250434   0.63139826 -0.23044646  0.31170148 -0.06261676 -0.76793295 -0.29686046 -0.3530318   0.31832755 -0.34466752 -0.01242512]
 [ 0.05545604 -0.32524806  0.2509325   0.1833658  -0.05676291  0.42503303  0.63139063 -0.23044324  0.31169993 -0.06261542 -0.7679233  -0.29685462 -0.35302746  0.31832168 -0.34466347 -0.01242373]
 [ 0.05543774 -0.32521665  0.25089002  0.18333732 -0.05677335  0.4249793   0.63130033 -0.23040822  0.311666   -0.0626059  -0.767819   -0.2967995  -0.35297024  0.3182662  -0.34462005 -0.01241659]
 [ 0.0554596  -0.32526535  0.25094768  0.1833753  -0.0567627   0.42505768  0.6314217  -0.23045534  0.3117101  -0.06262083 -0.7679596  -0.29687497 -0.35304472  0.31834316 -0.34467924 -0.01242768]
 [ 0.05545923 -0.32526168  0.25094476  0.1833738  -0.05676232  0.4250528   0.6314154  -0.23045279  0.31170812 -0.06262018 -0.76795256 -0.2968722  -0.35304165  0.31833833 -0.3446761  -0.01242735]
 [ 0.05542423 -0.32518554  0.2508537   0.18331753 -0.05677823  0.42492932  0.6312232  -0.2303823   0.3116393  -0.06259426 -0.767731   -0.29675242 -0.35292667  0.31821632 -0.34458008 -0.01240887]
 [-0.1410553  -0.1483067  -0.1937979   0.05387067 -0.06850885  0.06785838 -0.09599067  0.11116201  0.29885355 -0.12047388 -0.01640214 -0.0582727   0.18129712 -0.08793603 -0.00476778 -0.12786518]
 [-0.14103384 -0.1482752  -0.19371822  0.05379049 -0.06852766  0.06781064 -0.09589335  0.1111479   0.29869708 -0.1203165  -0.01643712 -0.05803647  0.18123195 -0.08786797 -0.0048028  -0.12767097]
 [ 0.00332093 -0.07545882  0.03612511  0.05247825 -0.09884309  0.08104555  0.16985764 -0.08856735  0.18514478 -0.01862903 -0.21867736  0.00601047 -0.09782465 -0.00860821 -0.11805316  0.01724127]
 [-0.1410564  -0.14830416 -0.19377911  0.05384554 -0.06851416  0.06784341 -0.09596216  0.11116597  0.29880756 -0.12041847 -0.01641056 -0.05817641  0.18128558 -0.08790877 -0.00477719 -0.1277979 ]
 [-0.13868728 -0.14515126 -0.18800904  0.04830042 -0.07127313  0.06505576 -0.09102337  0.10644926  0.287856   -0.1118041  -0.01785959 -0.04786687  0.17617953 -0.08497137 -0.00591742 -0.11675256]
 [-0.14105505 -0.14830714 -0.19379854  0.05387163 -0.06850784  0.06785938 -0.09599007  0.11116324  0.2988571  -0.12047672 -0.01640364 -0.05827742  0.18129767 -0.08793567 -0.00476883 -0.12786886]
 [-0.11998183 -0.12316962 -0.15631522  0.02853646 -0.07550734  0.04723734 -0.06224101  0.08827573  0.23751628 -0.07111441 -0.02899722 -0.00346443  0.14158848 -0.07728245 -0.01462181 -0.06575093]
 [-0.14087896 -0.14799592 -0.19318816  0.05321912 -0.06863852  0.06743076 -0.09524974  0.1110136   0.2975825  -0.11919382 -0.01666553 -0.05643736  0.18076783 -0.08743064 -0.00500215 -0.12627584]]
R_hid(hidden representaion to predict r):
[[0.0000000e+00 0.0000000e+00 1.3891205e+00 1.2453887e+00 1.5362171e+00 6.2744170e-01 0.0000000e+00 0.0000000e+00 1.1272924e-01 0.0000000e+00 0.0000000e+00 0.0000000e+00 7.4779630e-01 8.6790633e-01 0.0000000e+00 0.0000000e+00]
 [0.0000000e+00 0.0000000e+00 0.0000000e+00 6.1377430e-01 6.7266446e-01 0.0000000e+00 0.0000000e+00 0.0000000e+00 0.0000000e+00 6.3539438e-02 0.0000000e+00 3.8488743e-01 4.0333945e-01 1.2260246e-01 5.1705456e-01 8.6443283e-02]
 [0.0000000e+00 0.0000000e+00 1.1418190e+00 1.1095736e+00 1.8070949e+00 1.0407456e+00 0.0000000e+00 0.0000000e+00 0.0000000e+00 0.0000000e+00 0.0000000e+00 0.0000000e+00 9.2687172e-01 5.5206060e-01 0.0000000e+00 0.0000000e+00]
 [0.0000000e+00 0.0000000e+00 1.6366324e+00 1.4577266e+00 1.3368956e+00 5.4907000e-01 0.0000000e+00 0.0000000e+00 0.0000000e+00 0.0000000e+00 0.0000000e+00 0.0000000e+00 6.5893954e-01 6.4832669e-01 0.0000000e+00 0.0000000e+00]
 [0.0000000e+00 0.0000000e+00 1.0316383e+00 1.1989864e+00 1.7605426e+00 3.7776810e-01 0.0000000e+00 0.0000000e+00 0.0000000e+00 0.0000000e+00 5.1802978e-02 0.0000000e+00 9.0778708e-01 1.2676941e+00 0.0000000e+00 0.0000000e+00]
 [0.0000000e+00 0.0000000e+00 1.5584711e+00 1.2844253e+00 1.9614413e+00 5.4598564e-01 0.0000000e+00 0.0000000e+00 0.0000000e+00 0.0000000e+00 0.0000000e+00 0.0000000e+00 4.3501154e-01 9.3230331e-01 0.0000000e+00 0.0000000e+00]
 [0.0000000e+00 0.0000000e+00 1.7334810e+00 1.3990419e+00 1.8610005e+00 4.9471745e-01 0.0000000e+00 0.0000000e+00 0.0000000e+00 0.0000000e+00 5.9411597e-02 0.0000000e+00 6.6880810e-01 8.9489424e-01 0.0000000e+00 2.6119822e-03]
 [5.4528111e-01 0.0000000e+00 1.3437389e+00 1.5539925e+00 1.8908566e+00 6.9734967e-01 0.0000000e+00 0.0000000e+00 0.0000000e+00 0.0000000e+00 2.0673128e-02 0.0000000e+00 7.4167937e-01 6.4299768e-01 0.0000000e+00 0.0000000e+00]
 [0.0000000e+00 0.0000000e+00 0.0000000e+00 0.0000000e+00 0.0000000e+00 0.0000000e+00 6.2436581e-01 0.0000000e+00 2.5871158e+00 0.0000000e+00 5.4255566e-03 0.0000000e+00 0.0000000e+00 0.0000000e+00 0.0000000e+00 2.3730471e+00]
 [0.0000000e+00 0.0000000e+00 0.0000000e+00 0.0000000e+00 0.0000000e+00 0.0000000e+00 1.6762257e-01 0.0000000e+00 1.3849245e+00 0.0000000e+00 0.0000000e+00 1.7636642e-01 0.0000000e+00 0.0000000e+00 0.0000000e+00 2.6248026e+00]
 [0.0000000e+00 0.0000000e+00 0.0000000e+00 1.3494370e+00 7.4587590e-01 6.1959438e-02 0.0000000e+00 8.2541749e-02 0.0000000e+00 0.0000000e+00 0.0000000e+00 0.0000000e+00 5.2237326e-01 0.0000000e+00 0.0000000e+00 0.0000000e+00]
 [0.0000000e+00 0.0000000e+00 0.0000000e+00 0.0000000e+00 0.0000000e+00 0.0000000e+00 1.0550497e+00 0.0000000e+00 2.0625176e+00 0.0000000e+00 0.0000000e+00 3.1864691e-01 0.0000000e+00 0.0000000e+00 0.0000000e+00 2.1997645e+00]
 [0.0000000e+00 0.0000000e+00 0.0000000e+00 0.0000000e+00 0.0000000e+00 0.0000000e+00 4.3670174e-01 0.0000000e+00 5.7514387e-01 6.9607168e-01 4.5725983e-01 0.0000000e+00 0.0000000e+00 0.0000000e+00 2.9770994e-01 1.9242634e+00]
 [0.0000000e+00 0.0000000e+00 0.0000000e+00 0.0000000e+00 0.0000000e+00 0.0000000e+00 4.1371849e-01 0.0000000e+00 2.5851402e+00 0.0000000e+00 0.0000000e+00 7.3870615e-04 0.0000000e+00 0.0000000e+00 0.0000000e+00 2.4107063e+00]
 [0.0000000e+00 0.0000000e+00 0.0000000e+00 0.0000000e+00 0.0000000e+00 0.0000000e+00 5.9024090e-01 0.0000000e+00 0.0000000e+00 4.7478804e-01 0.0000000e+00 2.7294588e-01 0.0000000e+00 0.0000000e+00 4.0435055e-03 1.3761725e+00]
 [0.0000000e+00 0.0000000e+00 0.0000000e+00 0.0000000e+00 0.0000000e+00 9.3688831e-02 3.5774055e-01 0.0000000e+00 5.5013895e-01 0.0000000e+00 0.0000000e+00 7.5012103e-02 0.0000000e+00 0.0000000e+00 0.0000000e+00 2.3784597e+00]]
topics:
[[-3.44411492e-01 -2.90190399e-01 -3.17465186e-01 -5.80304600e-02 -7.94026628e-02  6.63563027e-04 -7.03141540e-02  3.45568836e-01  2.49043256e-01  1.76097155e-01  3.47742289e-02  7.78743088e-01  4.02500510e-01  1.34455115e-01  2.23806803e-03  2.40935892e-01]
 [ 2.52660781e-01 -8.40811208e-02  6.04675561e-02 -1.04742467e-01  3.37507501e-02 -8.53806660e-02  1.76543707e-03  3.36934365e-02 -1.44057572e-01 -3.54616530e-02 -8.68306905e-02 -4.80508618e-02 -8.23188946e-02 -1.05512708e-01  7.37427399e-02  8.23636726e-02]
 [-4.33940962e-02  1.43553261e-02 -2.64655873e-02  2.94705555e-02  1.39321974e-02 -7.92319328e-02 -2.21798439e-02  6.24537617e-02  3.76109034e-02  1.59020901e-01 -2.04122681e-02 -6.01052009e-02 -5.55237010e-02 -1.07819103e-01 -2.20800322e-02 -2.83091981e-02]
 [-1.41054988e-01 -1.48308605e-01 -1.93816274e-01  5.38898967e-02 -6.85032159e-02  6.78698123e-02 -9.60165337e-02  1.11162007e-01  2.98893362e-01 -1.20521769e-01 -1.63940061e-02 -5.83560355e-02  1.81310311e-01 -8.79587457e-02 -4.75926930e-03 -1.27923205e-01]
 [ 5.54832108e-02 -3.25316608e-01  2.51010776e-01  1.83413550e-01 -5.67549691e-02  4.25141066e-01  6.31550312e-01 -2.30507925e-01  3.11753660e-01 -6.26363382e-02 -7.68107116e-01 -2.96951234e-01 -3.53124052e-01  3.18424642e-01 -3.44742507e-01 -1.24376463e-02]
 [ 1.04626212e-02  1.92823902e-01 -6.89873546e-02  1.34091834e-02 -6.76442459e-02 -1.62441313e-01  9.69214886e-02 -4.25328687e-02  3.23973298e-01  4.34096809e-03 -8.59913006e-02  1.70345396e-01 -4.33109589e-02 -1.22181803e-01 -1.05221950e-01  3.66073772e-02]
 [ 2.64826398e-02 -6.49463758e-02  1.41423836e-01 -1.83211546e-02 -1.36205330e-01  8.51009116e-02  1.61686733e-01  2.58706242e-01  4.59193960e-02 -1.06500380e-01 -4.28367406e-02  3.12930569e-02 -4.12438847e-02 -1.12033889e-01 -3.17756236e-01 -1.90667734e-01]
 [-3.92165314e-03  5.00474870e-02 -3.76117714e-02 -2.25842863e-01 -1.03870802e-01 -5.22800460e-02  9.48434919e-02 -6.16187900e-02 -2.24506631e-02  7.25598559e-02 -1.65300429e-01 -1.14438601e-01  2.65346412e-02  3.18515003e-02 -5.17450795e-02  1.65096834e-01]
 [-8.35722908e-02 -1.81500614e-01  2.93809827e-02 -1.14761470e-02 -5.08333802e-01  1.72339648e-01 -2.85021633e-01 -4.49855655e-01 -1.03561766e-01 -1.23387791e-01  2.80930132e-01  9.85875055e-02  5.61027490e-02 -2.44602427e-01  1.48384050e-01 -5.28616086e-02]
 [-1.35042161e-01 -1.24946050e-01 -4.37196307e-02  4.50621068e-01  7.72755891e-02  1.68544754e-01 -5.26813194e-02 -2.62203328e-02  6.37029111e-02  5.53183071e-02 -8.52661207e-02 -9.50714126e-02 -2.41461650e-01 -4.04681385e-01  5.95415980e-02  1.22244686e-01]]
R:
[[2.59873941e-05 1.67055332e-05 2.05800843e-05 2.57647553e-05 9.99800265e-01 2.08509719e-05 1.91260642e-05 3.38380814e-05 1.82741824e-05 1.87276946e-05]
 [3.07755787e-02 4.15434837e-02 4.21296209e-02 4.56172712e-02 5.57694018e-01 1.36421740e-01 2.97145899e-02 2.88556144e-02 5.80023527e-02 2.92457324e-02]
 [3.16081932e-05 1.82389795e-05 2.65278431e-05 2.65680501e-05 9.99765098e-01 2.37697932e-05 2.23368752e-05 3.87461914e-05 2.35450589e-05 2.35055722e-05]
 [3.07302180e-05 2.36640699e-05 2.75902948e-05 2.54178540e-05 9.99749601e-01 3.80090823e-05 2.12604937e-05 4.06291983e-05 2.18550886e-05 2.12331797e-05]
 [5.24989955e-05 3.18695056e-05 3.40840052e-05 4.01536854e-05 9.99611795e-01 4.20813449e-05 4.13235794e-05 7.05194543e-05 4.28550993e-05 3.28398783e-05]
 [2.58080436e-05 1.67713188e-05 1.97918671e-05 2.64837381e-05 9.99800503e-01 2.08121983e-05 1.93180185e-05 3.44398286e-05 1.91390063e-05 1.69780633e-05]
 [2.53018497e-05 1.85335739e-05 2.08943893e-05 2.79832348e-05 9.99790013e-01 2.41097623e-05 2.00354425e-05 3.57435165e-05 1.89223992e-05 1.85548306e-05]
 [6.85028499e-05 4.31382468e-05 5.48522112e-05 4.50774496e-05 9.99495864e-01 6.04413872e-05 4.45240767e-05 8.29002311e-05 5.95679812e-05 4.50676926e-05]
 [9.70519541e-05 9.34375657e-06 2.16615390e-05 9.99761403e-01 1.21383509e-05 1.51652430e-05 1.73624794e-05 3.68733854e-05 1.57696122e-05 1.33114754e-05]
 [3.70717375e-04 4.61993113e-05 8.69246796e-05 9.98939216e-01 4.14524220e-05 6.86278654e-05 9.52363771e-05 2.29462676e-04 6.16122124e-05 6.05753703e-05]
 [4.65297475e-02 7.90833980e-02 4.78440039e-02 2.44881399e-02 2.65706211e-01 3.08867723e-01 4.71495353e-02 3.48801427e-02 1.05920754e-01 3.95302996e-02]
 [2.10284416e-04 2.07481535e-05 4.51318483e-05 9.99492764e-01 2.24662163e-05 2.85741826e-05 3.81446989e-05 8.57805717e-05 2.96297931e-05 2.64861192e-05]
 [1.16774766e-02 1.47886935e-03 4.36792290e-03 9.50884819e-01 1.41312892e-03 3.29473196e-03 2.76601082e-03 1.54231936e-02 6.33185403e-03 2.36196723e-03]
 [9.21493120e-05 8.75145815e-06 2.02840256e-05 9.99775469e-01 1.34562888e-05 1.47013598e-05 1.76998383e-05 3.38751488e-05 1.26413270e-05 1.09899756e-05]
 [5.65984510e-02 1.99898425e-02 2.67288312e-02 7.12091625e-01 6.74195355e-03 3.67080532e-02 2.19688155e-02 7.35888034e-02 2.27123033e-02 2.28712820e-02]
 [2.21914751e-03 2.94879545e-04 5.57285559e-04 9.93204236e-01 1.78185262e-04 4.83572658e-04 5.29842509e-04 1.72320171e-03 3.60207137e-04 4.49458836e-04]]
cosine similarity of topic:
[[ 9.9999994e-01 -1.1769811e-04 -7.5839348e-06  3.2323718e-05 -3.6172270e-05  8.2374747e-05 -4.4748417e-06  3.3245426e-05 -1.1790084e-04 -2.7580485e-05]
 [-1.1769811e-04  1.0000002e+00 -1.2293542e-04  5.7806894e-05 -7.1169547e-05 -1.2998391e-04  4.3647291e-05 -6.0935785e-05 -6.1486953e-06 -7.1548006e-05]
 [-7.5839348e-06 -1.2293542e-04  1.0000001e+00  7.5910983e-05  4.1044899e-05 -2.3799226e-05 -2.5361349e-05  4.8590678e-05 -4.1665971e-05 -5.3845321e-05]
 [ 3.2323718e-05  5.7806894e-05  7.5910983e-05  9.9999994e-01  5.2736275e-05  1.1113846e-04  4.8746017e-05  6.3980275e-05  2.5834603e-05 -1.1227146e-05]
 [-3.6172270e-05 -7.1169547e-05  4.1044899e-05  5.2736275e-05  1.0000001e+00 -1.0368967e-03 -1.4156776e-05  4.2095897e-05 -2.8069288e-05  3.5064451e-05]
 [ 8.2374747e-05 -1.2998391e-04 -2.3799226e-05  1.1113846e-04 -1.0368967e-03  1.0000001e+00  1.6585584e-06 -8.1931867e-05  3.0716851e-08 -6.1484781e-05]
 [-4.4748417e-06  4.3647291e-05 -2.5361349e-05  4.8746017e-05 -1.4156776e-05  1.6585584e-06  1.0000004e+00 -1.2724439e-05 -4.6661306e-05  1.4439260e-05]
 [ 3.3245426e-05 -6.0935785e-05  4.8590678e-05  6.3980275e-05  4.2095897e-05 -8.1931867e-05 -1.2724439e-05  9.9999982e-01 -2.8350780e-06  8.4678468e-05]
 [-1.1790084e-04 -6.1486953e-06 -4.1665971e-05  2.5834603e-05 -2.8069288e-05  3.0716851e-08 -4.6661306e-05 -2.8350780e-06  9.9999988e-01  3.7133625e-05]
 [-2.7580485e-05 -7.1548006e-05 -5.3845321e-05 -1.1227146e-05  3.5064451e-05 -6.1484781e-05  1.4439260e-05  8.4678468e-05  3.7133625e-05  9.9999970e-01]]
