hidden representaion(r*topic):
[[-0.30973592 -0.25935444 -0.18163037 -0.18660015  0.22493061 -0.26383722 -0.22938243  0.27352566  0.33643526  0.40575406  0.03009526  0.5463567   0.38633397  0.28502563  0.1334675   0.28721714]
 [-0.17183337 -0.1600501  -0.04697781  0.14039125  0.17119461 -0.03603869 -0.10213694  0.10640832  0.17184891  0.27341306 -0.04550299  0.15638769  0.02472003 -0.03070445  0.08215584  0.1535955 ]
 [-0.30973583 -0.25935438 -0.1816303  -0.18659994  0.2249306  -0.26383707 -0.22938235  0.27352557  0.33643517  0.405754    0.03009521  0.54635644  0.38633373  0.28502545  0.13346748  0.28721708]
 [-0.30653843 -0.25692564 -0.17857064 -0.17875226  0.22360371 -0.2584134  -0.22643897  0.26939142  0.3326059   0.40267423  0.02828734  0.5371881   0.37775546  0.27745086  0.1323878   0.28419003]
 [-0.30972353 -0.2593465  -0.18161908 -0.18658172  0.22492413 -0.26382288 -0.2293712   0.27351457  0.3364235   0.40574038  0.03009029  0.54633     0.38631007  0.2850051   0.13346045  0.28720403]
 [-0.30969992 -0.25932986 -0.18159707 -0.18653251  0.22491309 -0.26378742 -0.22934982  0.27348682  0.33639723  0.40571633  0.0300787   0.5462682   0.3862534   0.28495544  0.13345082  0.28718075]
 [-0.30973583 -0.25935438 -0.1816303  -0.18659997  0.22493058 -0.2638371  -0.22938235  0.27352557  0.33643517  0.40575397  0.03009521  0.54635644  0.38633376  0.28502545  0.13346748  0.28721708]
 [-0.30972466 -0.25934598 -0.18161978 -0.18657386  0.2249256  -0.2638189  -0.22937213  0.27351132  0.33642218  0.40574297  0.03008915  0.5463255   0.38630483  0.28499985  0.1334635   0.28720644]
 [ 0.06933907 -0.12296133  0.19404054 -0.01163772  0.04930681 -0.03806012  0.11319722  0.18426287  0.03705882 -0.03953777 -0.04330382 -0.03029028 -0.05190349 -0.02584003 -0.20321041 -0.18819457]
 [ 0.07742379 -0.1202118   0.20162074 -0.01004967  0.04500252 -0.03424781  0.12044183  0.1824761   0.03119637 -0.04941968 -0.04465795 -0.04132405 -0.05973579 -0.03099548 -0.21053433 -0.19820851]
 [-0.20733333 -0.18848926 -0.08515591  0.02971883  0.179712   -0.10798571 -0.13586208  0.1546741   0.22067793  0.3032493  -0.0217513   0.27439162  0.13755697  0.06926109  0.09179895  0.18715276]
 [ 0.08020846 -0.12078612  0.20468786 -0.01642916  0.04369012 -0.03693907  0.12290306  0.18630962  0.03059363 -0.05346979 -0.0436668  -0.04018667 -0.05698389 -0.0272802  -0.2153306  -0.2031045 ]
 [-0.2755609  -0.24231075 -0.14884683 -0.14924978  0.20875582 -0.23130934 -0.19847126  0.25237972  0.30513647  0.36763245  0.01935516  0.47960144  0.3301677   0.23984684  0.10977745  0.24828222]
 [ 0.0854157  -0.12087785  0.21010795 -0.0237707   0.04114083 -0.03930133  0.12754236  0.19049866  0.02851664 -0.06058259 -0.0428037  -0.04135549 -0.05547754 -0.02394447 -0.22276877 -0.21125422]
 [-0.00436169 -0.11343765  0.11772324  0.13970265  0.08764948  0.0216833   0.04792648  0.10137903  0.05566725  0.06659727 -0.06372887 -0.04655036 -0.10975671 -0.10947356 -0.0854437  -0.0663566 ]
 [ 0.04498406 -0.11677641  0.16880071  0.05496181  0.06297489 -0.00927028  0.09184257  0.14901043  0.03988364 -0.00239563 -0.0531585  -0.04678206 -0.0836235  -0.06601971 -0.16001752 -0.14558387]]
R_hid(hidden representaion to predict r):
[[5.34280825e+00 5.78098631e+00 0.00000000e+00 0.00000000e+00 5.75347948e+00 5.74434137e+00 0.00000000e+00 0.00000000e+00 3.98476911e+00 3.89139938e+00 0.00000000e+00 0.00000000e+00 5.22990131e+00 0.00000000e+00 0.00000000e+00 0.00000000e+00]
 [5.06565690e-01 6.70091450e-01 1.10470569e-02 3.30712676e-01 1.14039207e+00 4.30778474e-01 3.84264141e-01 0.00000000e+00 7.35777557e-01 0.00000000e+00 0.00000000e+00 0.00000000e+00 5.29976189e-01 0.00000000e+00 2.80017257e-01 6.30761564e-01]
 [2.34903097e+00 1.92060280e+00 0.00000000e+00 0.00000000e+00 2.74768662e+00 1.99283016e+00 0.00000000e+00 0.00000000e+00 2.01658940e+00 1.30068362e+00 2.34529328e+00 0.00000000e+00 2.19341707e+00 0.00000000e+00 0.00000000e+00 0.00000000e+00]
 [9.68574822e-01 7.59598196e-01 0.00000000e+00 9.54068229e-02 1.74114871e+00 7.60219455e-01 0.00000000e+00 0.00000000e+00 1.18953300e+00 3.24418753e-01 9.60985780e-01 0.00000000e+00 8.20334673e-01 0.00000000e+00 3.65484506e-02 3.71330887e-01]
 [1.91882050e+00 2.17175055e+00 0.00000000e+00 0.00000000e+00 1.71085858e+00 1.46074438e+00 0.00000000e+00 0.00000000e+00 1.46155107e+00 6.73790455e-01 1.71764863e+00 3.52762222e-01 1.43597615e+00 0.00000000e+00 0.00000000e+00 1.76565096e-01]
 [1.65273738e+00 1.78540981e+00 0.00000000e+00 0.00000000e+00 1.73390841e+00 1.24247909e+00 0.00000000e+00 0.00000000e+00 1.28995681e+00 0.00000000e+00 1.48540187e+00 2.11014569e-01 1.38119924e+00 0.00000000e+00 0.00000000e+00 7.47535424e-03]
 [2.53627467e+00 2.66854930e+00 0.00000000e+00 0.00000000e+00 2.65738368e+00 2.14116907e+00 0.00000000e+00 0.00000000e+00 1.69694197e+00 1.62874663e+00 2.54177189e+00 1.57830626e-01 2.11564612e+00 0.00000000e+00 0.00000000e+00 0.00000000e+00]
 [1.66852438e+00 1.91524291e+00 0.00000000e+00 0.00000000e+00 2.06990051e+00 1.15410304e+00 0.00000000e+00 0.00000000e+00 1.66303527e+00 9.81168330e-01 1.86807919e+00 2.18694843e-03 1.45119965e+00 0.00000000e+00 0.00000000e+00 0.00000000e+00]
 [7.94243693e-01 1.37665999e+00 8.18374634e-01 5.34949839e-01 4.90635753e-01 0.00000000e+00 1.10462987e+00 0.00000000e+00 2.83175766e-01 1.06953137e-01 3.44641984e-01 6.82066143e-01 2.50453174e-01 0.00000000e+00 0.00000000e+00 8.65366280e-01]
 [3.47612530e-01 7.18549967e-01 6.54978275e-01 5.51668167e-01 4.19112258e-02 1.12662815e-01 0.00000000e+00 0.00000000e+00 2.65306324e-01 0.00000000e+00 1.63391903e-02 5.73426127e-01 7.58465426e-03 0.00000000e+00 6.15371227e-01 9.87589538e-01]
 [0.00000000e+00 4.23906833e-01 0.00000000e+00 1.72333792e-01 7.58417666e-01 4.81999308e-01 3.17997158e-01 0.00000000e+00 6.41138971e-01 0.00000000e+00 4.29357708e-01 1.97900057e-01 3.30776721e-01 0.00000000e+00 7.74986893e-02 0.00000000e+00]
 [5.57080090e-01 9.28018868e-01 6.87147558e-01 5.64432144e-01 7.73746967e-02 2.30245769e-01 9.33438838e-01 0.00000000e+00 3.65101308e-01 0.00000000e+00 4.42085192e-02 5.65404534e-01 3.97679359e-02 0.00000000e+00 7.11294591e-01 1.05407393e+00]
 [7.98194885e-01 1.13545346e+00 7.10946769e-02 2.11457536e-01 6.34149611e-01 6.36657655e-01 4.22407448e-01 0.00000000e+00 5.96993089e-01 2.81598806e-01 6.93367302e-01 4.73067671e-01 7.10542023e-01 0.00000000e+00 1.01690672e-01 3.96552205e-01]
 [7.81085670e-01 1.16987586e+00 1.03061426e+00 5.23090959e-01 7.83788934e-02 4.32740629e-01 9.00766671e-01 0.00000000e+00 1.28485933e-01 0.00000000e+00 0.00000000e+00 8.24550986e-01 3.35697353e-01 0.00000000e+00 7.91310370e-01 0.00000000e+00]
 [2.69203871e-01 5.04183650e-01 3.93582702e-01 4.12457615e-01 4.16748285e-01 1.53852805e-01 6.27123833e-01 0.00000000e+00 1.77715495e-01 0.00000000e+00 0.00000000e+00 3.70984346e-01 0.00000000e+00 0.00000000e+00 3.38016927e-01 6.67885900e-01]
 [3.15862715e-01 7.15269685e-01 5.94321191e-01 5.17068267e-01 2.89361864e-01 1.33159697e-01 7.87910640e-01 0.00000000e+00 2.47710899e-01 0.00000000e+00 3.75633389e-02 5.75200021e-01 7.33053964e-03 0.00000000e+00 5.10503590e-01 9.43081975e-01]]
topics:
[[-3.09735924e-01 -2.59354442e-01 -1.81630373e-01 -1.86600149e-01  2.24930614e-01 -2.63837218e-01 -2.29382426e-01  2.73525655e-01  3.36435258e-01  4.05754060e-01  3.00952569e-02  5.46356678e-01  3.86333972e-01  2.85025626e-01  1.33467495e-01  2.87217140e-01]
 [-1.55289203e-01 -1.07933775e-01  1.02206573e-01 -2.37785839e-02 -9.92970914e-03 -2.58982778e-02  1.11149261e-02  1.83058809e-02 -8.53288919e-02  1.11086259e-03 -1.21753156e-01 -1.52507797e-02 -6.75843060e-02 -5.47058433e-02 -2.39797030e-03  9.82478335e-02]
 [-1.61283687e-02  5.56072183e-02 -4.07495946e-02  2.49643568e-02  2.68503521e-02 -1.10343555e-02  8.67795348e-02  2.28644125e-02  1.98912695e-02  1.66827917e-01 -2.78272685e-02 -4.03263792e-02 -6.46643713e-02 -7.69550428e-02 -2.54142191e-02 -2.80393194e-02]
 [-1.64827090e-02 -1.00549631e-01 -7.00483024e-02  5.17377593e-02 -5.26952266e-04  6.76804557e-02 -1.10330500e-01  6.72002882e-02  2.50163347e-01 -8.28360114e-03 -9.24623758e-03 -7.42713436e-02  1.27193928e-01 -2.30831206e-02  2.79904399e-02 -1.02423243e-01]
 [ 2.98839837e-01 -1.83819443e-01 -7.74988299e-03 -5.95777556e-02  4.77052405e-02  2.40008324e-01  3.84057641e-01 -1.87094599e-01  1.86343476e-01 -1.62974373e-02 -4.29311782e-01 -3.55300635e-01 -3.02525669e-01  2.61320770e-01 -6.21130466e-02  6.68133721e-02]
 [ 4.11604531e-02  1.21028095e-01  3.13409194e-02  1.60899367e-02 -1.16460621e-01 -1.10127017e-01  1.06685728e-01  1.34944252e-03  2.42146343e-01 -9.77326930e-02 -1.18493974e-01  2.45959491e-01  4.67782840e-03 -1.33046180e-01 -1.44400984e-01 -8.28337595e-02]
 [ 8.72190893e-02 -1.20902181e-01  2.11940691e-01 -2.64028795e-02  4.02042866e-02 -4.01467718e-02  1.29140571e-01  1.91897705e-01  2.78210659e-02 -6.30754530e-02 -4.25043888e-02 -4.17286903e-02 -5.48979603e-02 -2.27393955e-02 -2.25324214e-01 -2.14050516e-01]
 [-1.47674605e-02 -1.06633909e-01 -1.38570741e-02 -1.71338931e-01 -1.96234062e-02 -1.80309743e-01  6.09540418e-02 -5.01621068e-02  1.98714864e-02  5.06602116e-02 -1.52144134e-01 -1.39712185e-01  1.96849718e-03  1.72378905e-02 -4.40726019e-02  1.61651671e-01]
 [-8.56949240e-02 -2.67662972e-01  3.79628576e-02 -1.09217083e-02 -2.36371651e-01  2.29184777e-02 -2.08507419e-01 -4.43096876e-01 -6.82204068e-02 -5.76360673e-02  2.48906046e-01  5.01069017e-02  2.49020532e-02 -1.92237616e-01  1.51920915e-01  1.50536653e-02]
 [-1.04088172e-01 -9.18966010e-02  2.08988842e-02  4.09308493e-01  1.51351064e-01  1.34607196e-01 -3.81718092e-02 -2.58602221e-02  6.74776435e-02  2.21063375e-01 -1.02046683e-01 -1.08544081e-01 -2.35574439e-01 -2.68499881e-01  8.37038755e-02  1.01842381e-01]]
R:
[[1.00000000e+00 1.26700149e-21 5.46798955e-20 2.03168887e-20 1.10195862e-20 4.90666367e-17 6.71844431e-17 2.03926710e-20 1.47753555e-18 1.19467655e-15]
 [3.96522790e-01 7.86584162e-04 1.22449861e-03 1.16223434e-03 1.58367900e-03 2.20705359e-03 6.57555535e-02 6.50482893e-04 1.80963194e-03 5.28297484e-01]
 [9.99999642e-01 4.89514485e-10 2.64797673e-09 2.10444906e-09 1.88452431e-09 2.92153324e-08 4.65094319e-09 6.60123567e-10 1.15294334e-08 3.70041448e-07]
 [9.85694468e-01 2.74085487e-05 7.76924790e-05 5.94678531e-05 5.33561288e-05 3.54770629e-04 8.74132558e-04 2.66800125e-05 1.26206229e-04 1.27058858e-02]
 [9.99955297e-01 1.66271647e-07 5.13142311e-07 6.14487249e-07 3.43425597e-07 4.45604110e-06 1.18838525e-05 3.64166397e-07 9.77315835e-07 2.53425987e-05]
 [9.99857187e-01 4.11786658e-07 1.67144435e-06 1.60731577e-06 1.22933739e-06 8.60010641e-06 2.35931730e-05 6.50219249e-07 3.47448508e-06 1.01590187e-04]
 [9.99999642e-01 2.10684983e-10 1.46266654e-09 2.28945241e-09 1.34490663e-09 3.83381362e-08 3.73532991e-08 1.23537802e-09 7.94642663e-09 2.79204727e-07]
 [9.99950767e-01 7.34727550e-08 3.41495166e-07 2.68740877e-07 3.15079603e-07 2.07027870e-06 3.28272904e-06 1.26643357e-07 8.79333982e-07 4.19511416e-05]
 [2.42058560e-02 1.31452238e-04 8.99007646e-05 1.47686384e-04 9.98320684e-05 2.80387321e-04 9.32002723e-01 8.14513551e-05 2.11563485e-04 4.27491628e-02]
 [4.87783225e-03 5.47322037e-04 4.04405786e-04 5.40048408e-04 5.70297881e-04 1.13508175e-03 9.51363504e-01 5.49927587e-04 7.44599616e-04 3.92669961e-02]
 [5.73015988e-01 2.31575896e-03 4.33311891e-03 3.54215014e-03 4.53893747e-03 9.77641344e-03 5.44116497e-02 2.59469729e-03 7.14537734e-03 3.38325948e-01]
 [5.25841396e-03 2.65180774e-04 1.93542844e-04 3.03154869e-04 2.41662245e-04 6.08856557e-04 9.67721283e-01 2.60792818e-04 3.69201618e-04 2.47778706e-02]
 [8.90584052e-01 4.41674987e-04 9.96453571e-04 8.33011349e-04 7.78908667e-04 2.74146558e-03 5.60897700e-02 7.10774271e-04 1.62890193e-03 4.51949276e-02]
 [1.33881893e-03 2.85318638e-05 2.45112606e-05 2.56891253e-05 3.07963273e-05 1.02957674e-04 9.91833687e-01 3.20851395e-05 5.62954447e-05 6.52665040e-03]
 [3.51689197e-02 3.42104980e-03 2.77948542e-03 3.46277282e-03 2.88529438e-03 5.16756764e-03 5.45355976e-01 2.71745864e-03 5.42509370e-03 3.93616438e-01]
 [1.27184307e-02 8.10627069e-04 8.23857961e-04 1.15735328e-03 1.01770973e-03 1.79158512e-03 7.88202047e-01 7.70727522e-04 1.49523187e-03 1.91212475e-01]]
cosine similarity of topic:
[[ 1.00000000e+00  4.54585461e-06 -7.77627356e-05  7.91121784e-05 -1.46635120e-05  1.53195942e-05  1.35482142e-05 -6.06568829e-05 -2.11627703e-05 -3.85606763e-05]
 [ 4.54585461e-06  1.00000024e+00 -4.36827977e-05  1.16899246e-04 -3.11565818e-05  3.46294910e-05 -3.14916833e-05  7.87899335e-05 -4.98881600e-05 -2.88729170e-05]
 [-7.77627356e-05 -4.36827977e-05  9.99999940e-01 -2.33116989e-05  2.61657442e-06  1.10618552e-04 -7.54053472e-05 -2.84524111e-04  8.19100896e-05  9.50341127e-05]
 [ 7.91121784e-05  1.16899246e-04 -2.33116989e-05  1.00000012e+00 -3.44303990e-05  1.04199993e-04 -9.38039666e-05  1.10308556e-05  3.07629889e-05  3.54202966e-05]
 [-1.46635120e-05 -3.11565818e-05  2.61657442e-06 -3.44303990e-05  1.00000000e+00 -1.23957230e-03  1.21591847e-05 -2.54380266e-05 -2.65912186e-05 -5.67591960e-05]
 [ 1.53195942e-05  3.46294910e-05  1.10618552e-04  1.04199993e-04 -1.23957230e-03  1.00000024e+00  7.98673864e-06 -5.35649160e-05 -4.19269381e-05 -5.50150435e-06]
 [ 1.35482142e-05 -3.14916833e-05 -7.54053472e-05 -9.38039666e-05  1.21591847e-05  7.98673864e-06  9.99999642e-01  3.98378761e-05 -8.32363003e-05 -8.35566971e-05]
 [-6.06568829e-05  7.87899335e-05 -2.84524111e-04  1.10308556e-05 -2.54380266e-05 -5.35649160e-05  3.98378761e-05  1.00000000e+00  8.50881042e-05 -7.17124858e-05]
 [-2.11627703e-05 -4.98881600e-05  8.19100896e-05  3.07629889e-05 -2.65912186e-05 -4.19269381e-05 -8.32363003e-05  8.50881042e-05  1.00000012e+00  1.64570723e-04]
 [-3.85606763e-05 -2.88729170e-05  9.50341127e-05  3.54202966e-05 -5.67591960e-05 -5.50150435e-06 -8.35566971e-05 -7.17124858e-05  1.64570723e-04  1.00000000e+00]]
