hidden representaion(r*topic):
[[ 1.25544384e-01  1.23417094e-01  6.49052039e-02  4.70970869e-01  1.32286638e-01  7.68821165e-02 -5.32041229e-02 -2.95970347e-02 -1.98397130e-01 -6.87560439e-02 -1.89304724e-01 -2.80925315e-02 -3.38265747e-01 -2.98419327e-01 -1.43880397e-01  2.27978304e-01]
 [ 2.42632300e-01 -7.50215165e-03  1.44415393e-01 -5.97299300e-02 -3.65774594e-02 -3.44082862e-02  4.55362834e-02  9.43223909e-02 -6.64473101e-02 -8.67964998e-02 -9.15701613e-02  2.56286152e-02 -3.71409059e-02 -2.13405825e-02 -6.69607967e-02  3.30649614e-02]
 [ 1.25545040e-01  1.23417288e-01  6.49057329e-02  4.70975667e-01  1.32288441e-01  7.68833607e-02 -5.32051064e-02 -2.95971166e-02 -1.98399454e-01 -6.87565580e-02 -1.89305484e-01 -2.80929245e-02 -3.38268816e-01 -2.98421949e-01 -1.43881232e-01  2.27980226e-01]
 [ 1.25559643e-01  1.23427391e-01  6.49297088e-02  4.70902950e-01  1.32263541e-01  7.68661126e-02 -5.31858057e-02 -2.95613855e-02 -1.98371202e-01 -6.87701479e-02 -1.89292341e-01 -2.80899201e-02 -3.38232279e-01 -2.98369199e-01 -1.43896148e-01  2.27926418e-01]
 [ 1.25530750e-01  1.23406574e-01  6.48985580e-02  4.70888704e-01  1.32250875e-01  7.68640786e-02 -5.31913079e-02 -2.95995809e-02 -1.98351800e-01 -6.87498525e-02 -1.89288452e-01 -2.80936435e-02 -3.38217080e-01 -2.98369169e-01 -1.43868253e-01  2.27943912e-01]
 [ 1.26085013e-01  1.23805374e-01  6.58998862e-02  4.67394561e-01  1.30861059e-01  7.60596320e-02 -5.24319336e-02 -2.82658190e-02 -1.96947321e-01 -6.93439990e-02 -1.88524529e-01 -2.79171579e-02 -3.36401224e-01 -2.95948178e-01 -1.44361719e-01  2.25530684e-01]
 [ 1.25541508e-01  1.23418450e-01  6.49033114e-02  4.70951557e-01  1.32278726e-01  7.68782422e-02 -5.32015860e-02 -2.95984726e-02 -1.98388338e-01 -6.87537268e-02 -1.89301789e-01 -2.80930735e-02 -3.38255197e-01 -2.98409492e-01 -1.43876225e-01  2.27974728e-01]
 [ 1.25545070e-01  1.23417310e-01  6.49057850e-02  4.70975518e-01  1.32288396e-01  7.68833309e-02 -5.32050692e-02 -2.95970421e-02 -1.98399395e-01 -6.87565878e-02 -1.89305454e-01 -2.80929171e-02 -3.38268727e-01 -2.98421860e-01 -1.43881261e-01  2.27980107e-01]
 [ 7.71283079e-03  5.59668941e-03 -8.20784792e-02 -9.13208276e-02 -3.21322978e-02 -1.05118595e-01 -7.05240741e-02  2.47158989e-01  7.18770698e-02  4.91469242e-02  1.36979334e-02  5.25591195e-01  2.35046357e-01  2.15328440e-01 -3.51277180e-02  2.09430262e-01]
 [-6.40220791e-02 -4.98328125e-03 -1.59593627e-01 -9.50537249e-02 -2.55586170e-02 -1.25666946e-01 -1.09720260e-01  2.86602020e-01  1.06579855e-01  9.79394540e-02  4.45719771e-02  6.82756841e-01  3.18742216e-01  2.77977139e-01 -1.33159552e-02  2.80481368e-01]
 [ 2.64218718e-01  2.12639287e-01  2.81309396e-01 -1.53204799e-01 -8.27989653e-02 -6.04198314e-02  1.12431355e-01  2.83317566e-01  3.44716236e-02 -1.98971018e-01 -7.78650567e-02  4.67585819e-03 -2.60238387e-02  1.53412923e-01 -2.73403913e-01 -2.31807485e-01]
 [-7.13119507e-02 -2.78841285e-03 -1.65655673e-01 -9.67994258e-02 -2.57352982e-02 -1.28121451e-01 -1.12779178e-01  2.93027222e-01  1.11824445e-01  1.01354674e-01  4.79508415e-02  6.98364675e-01  3.27408999e-01  2.86935270e-01 -1.40439915e-02  2.83860624e-01]
 [ 2.57438719e-01  2.00099736e-01  2.67839789e-01 -1.48466989e-01 -8.07946548e-02 -6.02373630e-02  1.05303325e-01  2.74139166e-01  3.15179192e-02 -1.89406499e-01 -7.58630112e-02  1.71333421e-02 -2.03815605e-02  1.47719175e-01 -2.59692043e-01 -2.11715519e-01]
 [-7.09864497e-02 -3.18685104e-03 -1.65262043e-01 -9.63515416e-02 -2.57309265e-02 -1.27760574e-01 -1.12319931e-01  2.91564465e-01  1.11601643e-01  1.01115711e-01  4.73542027e-02  6.95529997e-01  3.26028496e-01  2.85665214e-01 -1.39591070e-02  2.83192217e-01]
 [ 8.66871029e-02  7.47577772e-02  3.94176506e-02 -8.10624510e-02 -3.65093984e-02 -1.28479451e-01  2.99448590e-03  2.01226950e-01  5.59410714e-02 -5.63910762e-05 -2.74742637e-02  2.25924909e-01  8.96114111e-02  1.29298955e-01 -1.16111413e-01  2.58750990e-02]
 [-6.12639338e-02 -3.67509061e-03 -1.56034753e-01 -9.50019881e-02 -2.58309431e-02 -1.25322655e-01 -1.07716590e-01  2.85348386e-01  1.05691135e-01  9.59278196e-02  4.32454348e-02  6.75345898e-01  3.14947546e-01  2.75727987e-01 -1.50866406e-02  2.76253372e-01]]
R_hid(hidden representaion to predict r):
[[ 1.3224721   2.2909594   3.307065    4.8030934   0.19550088  3.848259   -1.2970161  -1.2675096  -0.5260242   0.37664914  3.6508336   4.392016    3.6028852   3.8527088  -1.4305241  -0.8479316 ]
 [-1.4184244   1.481782   -1.3713568  -1.211413   -1.4577388  -1.4568095   2.4979024   1.0581936   1.6023897  -1.4577388  -0.49488634 -0.9323437  -0.6713563   0.50669503  3.9036303   1.9326693 ]
 [ 3.133397    1.1419045   4.913936    1.2410994  -1.4440141  -1.0843618   1.8830578  -1.3870435  -1.3720509   2.3503275   0.18539718  6.884927    1.4255797   1.1564718  -1.4577388  -1.2626405 ]
 [ 1.6888609   2.9780335   1.0333009   0.78598344 -1.4427384  -1.4496638   0.3296545  -1.2190605  -0.4018194   1.8743044  -0.75068665  7.314513   -1.4577388  -0.92610705  3.4855504   0.23661372]
 [ 2.373959    2.6464906   4.738676    0.95004696  1.308909    1.3530406  -0.8182172  -1.0441698  -1.4577388  -0.62743026 -0.6865624   3.600068   -1.4107704   1.8347542  -1.2822227  -0.397761  ]
 [-0.8290039   2.3714247   0.20492664  2.1493258   6.5708437  -1.3431697  -0.6189384   0.34611052 -0.17334136 -1.1077418   0.13042402 -1.4491745   1.0850362   3.2819152   1.2448033  -0.978284  ]
 [-0.67577326 -1.0354122   0.41099253  3.706561   -1.242498   -1.4577388  -0.42648995 -1.2804236  -0.6351451   1.0589027   3.4325566  -1.0410018   5.5689106   2.9559402   0.9448185  -1.3742366 ]
 [ 0.8858584   1.2591375   0.1524038  -1.4577388  -1.382742   -0.54210156  3.8875108  -1.327203   -1.4577388  -1.1566073  -1.388873    0.725136   -0.89477026  0.6143679   4.114026   -1.0827147 ]
 [ 1.202783   -1.4577388  -0.93330956 -0.89928496 -0.50541747  3.2547555   1.472573    2.3066692  -1.4577388  -1.1402565  -0.99408233  0.41234925 -1.3026633  -0.97568107 -0.11238578 -0.31143007]
 [-1.3112433  -1.3292228  -1.4540601  -1.4512577  -1.0953504  -1.3925265   0.57276785  4.187287    1.2123117   0.89706916 -1.028932   -0.89127326 -1.167626   -1.4006313  -0.8153133   3.1494527 ]
 [-1.2622052   0.31858116 -1.4552507  -1.2392877   0.35985056 -1.4522923   2.4826074  -0.33128044  0.9771195   0.9002828  -1.4577388  -1.3236634   2.0182676  -1.2873331   3.2239208   3.4404411 ]
 [-0.7657692  -0.8391353  -1.4474803  -1.445796   -1.2119393  -1.0672574  -0.42642838 -1.4577388   1.7113599   0.25028688 -1.349948    1.6414678  -1.0501043  -1.4110284  -1.3201199   3.4069366 ]
 [-1.0193081  -1.0089362  -1.4150666  -0.13660511  2.8769574  -0.36385262  0.7558374   1.9616333   1.8255697  -1.4577388  -1.2194538  -1.4522667  -0.31522623 -0.34973305  0.7579669   0.9963656 ]
 [ 1.5916526  -1.0852419  -1.2684579  -1.3483135  -1.1978557   3.669279   -0.12838021 -1.4577388   3.6875892  -0.15549123 -1.1760349   0.48542604 -0.9999019  -1.3082647  -1.4414839   2.0721064 ]
 [-0.9923446   1.2158145  -1.4577388  -1.1168052   1.7860034  -1.446178    1.395363    0.6141029  -0.08592317 -0.8152219   0.1256811  -1.4577388  -0.7096029  -1.2094814   1.4486295  -1.4577388 ]
 [-1.0176836  -0.05964758 -1.4285     -1.4371691   1.7430757  -1.431768    1.0291971   4.068204    1.0077782  -0.8134364  -1.3595188  -0.5179087  -1.2768307  -1.0668876  -0.3191715   2.1877556 ]]
topics:
[[-0.07432353 -0.00247091 -0.16853453 -0.0972954  -0.02569126 -0.12909581 -0.11431371  0.29527688  0.11363612  0.10306266  0.04939897  0.7051116   0.331088    0.29017943 -0.01373905  0.2860731 ]
 [ 0.25907037 -0.09562062  0.11448701 -0.02011173 -0.01904559 -0.01623276  0.03107715  0.00466097 -0.12074632 -0.05741147 -0.10778802 -0.01741393 -0.06946753 -0.11415951  0.01097962  0.11939238]
 [ 0.03984935  0.05226547 -0.00831942  0.01234019  0.00628646 -0.2684984   0.00478333  0.03419401  0.03983879  0.15010117 -0.03240044 -0.04322418 -0.03758628 -0.05615249 -0.07823209  0.00235253]
 [-0.01440325 -0.10273053 -0.11069128  0.07161344 -0.0106482   0.02635741 -0.10682796  0.05208046  0.04811921 -0.11282625 -0.02536998 -0.00198635  0.125806   -0.01743717 -0.06301634 -0.05417727]
 [-0.14716274 -0.20757408 -0.03866243 -0.03154291  0.02386484  0.1793785   0.32680434 -0.16268408  0.35869846  0.05016932 -0.43152884 -0.32410553 -0.30984402  0.23387912 -0.1386447   0.06563514]
 [ 0.13740942  0.11456022  0.0737655  -0.00377809 -0.08467407 -0.01668453  0.13946956 -0.00587518  0.00214174 -0.1176964  -0.13410199  0.20521438  0.01467367 -0.04648561 -0.08399179 -0.13327013]
 [ 0.26706243  0.2242601   0.28982106 -0.15829842 -0.08540594 -0.06136274  0.11608889  0.29327008  0.03858272 -0.20588739 -0.0771995   0.00269177 -0.02598489  0.1617022  -0.28420943 -0.24608794]
 [ 0.00854831  0.19234888 -0.02740941 -0.22362234 -0.07243029 -0.05833896  0.0716086  -0.01589789  0.1165563   0.05105353 -0.14757973 -0.10733195  0.01714637  0.07243931 -0.01260537  0.15149695]
 [ 0.04792694  0.07686426  0.06560069 -0.06442138 -0.43772167 -0.08842199 -0.2628958  -0.3818137   0.05727058 -0.09604627  0.24373455  0.08263758  0.05234787 -0.11535959  0.09139146  0.03856347]
 [ 0.12554504  0.12341729  0.06490573  0.47097567  0.13228844  0.07688336 -0.05320511 -0.02959712 -0.19839945 -0.06875656 -0.18930548 -0.02809292 -0.33826882 -0.29842195 -0.14388123  0.22798023]]
R:
[[3.56779356e-10 2.54160182e-09 1.37263851e-06 7.89527974e-07 2.48771727e-07 2.85620081e-06 7.05082390e-12 3.11435224e-06 4.17955732e-07 9.99991179e-01]
 [5.23196198e-02 6.84617996e-01 2.78831623e-03 2.20221060e-04 4.64256183e-04 1.14451465e-03 2.58183569e-01 1.06688734e-04 1.50934648e-04 3.81906375e-06]
 [4.42000221e-17 1.59651033e-13 5.45793337e-13 3.71585141e-13 9.49006672e-12 1.99287548e-12 5.61237124e-12 9.97356191e-12 1.65672760e-12 1.00000000e+00]
 [4.86577056e-10 1.77546433e-09 6.23046435e-06 7.42478335e-07 1.05011225e-06 6.73581226e-08 1.09686196e-04 1.36477762e-08 5.18171239e-09 9.99882221e-01]
 [3.13183250e-07 3.79251134e-07 2.07900684e-05 2.14962965e-05 2.10819489e-05 1.99181559e-05 1.56082988e-05 3.62222345e-05 2.51602069e-05 9.99839067e-01]
 [9.37256118e-07 1.94324934e-06 1.79763898e-04 8.62663073e-05 1.15654802e-04 9.73169299e-05 4.67373710e-03 1.93577129e-04 5.28497796e-04 9.94122446e-01]
 [2.48236343e-09 1.68601382e-08 8.49198727e-07 1.46412532e-07 5.62371554e-07 6.22799462e-06 4.15652401e-10 2.53494763e-05 5.23418430e-06 9.99961615e-01]
 [4.07315674e-12 1.01967021e-08 1.22070722e-11 1.70983661e-11 5.90390570e-10 4.14903889e-10 2.29002495e-07 5.82280446e-10 2.80265616e-10 9.99999762e-01]
 [7.48801351e-01 1.47699058e-01 2.57700973e-04 2.48230004e-04 1.41341798e-03 1.53368327e-03 9.30051133e-02 2.52337754e-03 4.30905959e-03 2.09008504e-04]
 [9.69028473e-01 2.97095031e-02 7.45763973e-05 4.32913657e-05 5.01194609e-06 1.60047966e-05 1.11891434e-03 3.89754541e-06 3.36800923e-07 8.57802124e-14]
 [4.26849397e-03 3.00054606e-02 2.17243633e-03 5.04658790e-04 1.11109624e-03 2.84607639e-04 9.61586118e-01 3.06469155e-05 1.04642540e-05 2.59725675e-05]
 [9.90665972e-01 7.26191141e-03 1.33112510e-04 6.04795823e-05 1.43487225e-04 4.89019258e-05 1.67073437e-03 1.21301218e-05 3.28869919e-06 1.10743587e-12]
 [2.21689399e-02 5.65749444e-02 6.81710721e-04 5.16168075e-04 5.81893721e-04 1.33606780e-03 9.14351106e-01 1.73121504e-03 1.93503965e-03 1.22971323e-04]
 [9.87006783e-01 8.49149376e-03 1.06321578e-03 1.01160991e-03 8.27042852e-04 2.40656111e-04 8.12869985e-04 2.77907937e-04 2.68363015e-04 6.45397380e-09]
 [3.37757200e-01 6.72333166e-02 2.44855151e-01 1.64333023e-02 7.32379127e-03 5.66950208e-03 3.18673313e-01 1.37538719e-03 6.73879986e-04 5.16691034e-06]
 [9.58766103e-01 3.10277957e-02 2.46267882e-03 1.90633742e-04 2.77655490e-04 1.54773952e-04 7.03649549e-03 6.19460479e-05 2.19759131e-05 3.59421132e-10]]
cosine similarity of topic:
[[ 9.99999940e-01 -1.23735244e-05  1.15739786e-04 -6.34621974e-05 -3.80495221e-05  4.02383303e-05 -1.43995912e-05 -6.65097687e-05 -5.49080869e-05 -5.16649270e-05]
 [-1.23735244e-05  9.99999940e-01 -2.53439066e-05 -5.29523459e-05 -6.22586958e-05  2.06932855e-05  5.84531081e-05 -1.53575693e-05  5.78999898e-05  4.29943475e-06]
 [ 1.15739786e-04 -2.53439066e-05  1.00000000e+00 -6.74175317e-05  6.82279133e-05  1.31997687e-04 -2.83610243e-05 -2.77035069e-05  1.68156726e-06 -3.93699338e-05]
 [-6.34621974e-05 -5.29523459e-05 -6.74175317e-05  9.99999821e-01 -6.14942983e-05  3.93981099e-06  2.76327391e-05  7.63093922e-05  1.15308489e-04 -2.67852811e-05]
 [-3.80495221e-05 -6.22586958e-05  6.82279133e-05 -6.14942983e-05  1.00000012e+00 -5.99287996e-05 -1.03219090e-05 -6.67632994e-05  3.94726230e-05  3.02415865e-05]
 [ 4.02383303e-05  2.06932855e-05  1.31997687e-04  3.93981099e-06 -5.99287996e-05  1.00000024e+00  4.73441105e-06  1.92320640e-05  1.21902258e-05  4.40091790e-05]
 [-1.43995912e-05  5.84531081e-05 -2.83610243e-05  2.76327391e-05 -1.03219090e-05  4.73441105e-06  9.99999821e-01 -8.19200577e-05 -2.60245520e-06  4.72780885e-05]
 [-6.65097687e-05 -1.53575693e-05 -2.77035069e-05  7.63093922e-05 -6.67632994e-05  1.92320640e-05 -8.19200577e-05  1.00000012e+00  3.87517503e-05 -2.14542652e-05]
 [-5.49080869e-05  5.78999898e-05  1.68156726e-06  1.15308489e-04  3.94726230e-05  1.21902258e-05 -2.60245520e-06  3.87517503e-05  1.00000012e+00  3.97436925e-05]
 [-5.16649270e-05  4.29943475e-06 -3.93699338e-05 -2.67852811e-05  3.02415865e-05  4.40091790e-05  4.72780885e-05 -2.14542652e-05  3.97436925e-05  9.99999762e-01]]
