hidden representaion(r*topic):
[[ 5.07618003e-02 -2.41901606e-01  2.56171077e-01 -2.21333474e-01  7.54696801e-02 -2.33468786e-01 -1.17378205e-01 -3.66879910e-01  1.72105148e-01 -3.62708978e-02  2.35193744e-01 -6.64288253e-02 -2.98957061e-02  2.22359166e-01  1.38940871e-01]
 [ 5.07597364e-02 -2.41892606e-01  2.56150812e-01 -2.21322134e-01  7.54710585e-02 -2.33457834e-01 -1.17377311e-01 -3.66863787e-01  1.72103867e-01 -3.62639353e-02  2.35182017e-01 -6.64242133e-02 -2.98956335e-02  2.22357303e-01  1.38939604e-01]
 [ 5.07620759e-02 -2.41902828e-01  2.56173819e-01 -2.21334994e-01  7.54694864e-02 -2.33470246e-01 -1.17378317e-01 -3.66882056e-01  1.72105312e-01 -3.62718441e-02  2.35195324e-01 -6.64294511e-02 -2.98957117e-02  2.22359389e-01  1.38941035e-01]
 [ 4.92817387e-02 -2.34640121e-01  2.39948809e-01 -2.12179095e-01  7.64695555e-02 -2.24751979e-01 -1.16543464e-01 -3.53947937e-01  1.70848593e-01 -3.07230335e-02  2.25669712e-01 -6.27547428e-02 -2.98360325e-02  2.20776767e-01  1.37825832e-01]
 [ 4.97735776e-02 -2.37318769e-01  2.45908707e-01 -2.15569496e-01  7.61469826e-02 -2.27927804e-01 -1.16890259e-01 -3.58713776e-01  1.71394274e-01 -3.27501707e-02  2.29179993e-01 -6.41032681e-02 -2.98707560e-02  2.21381694e-01  1.38269782e-01]
 [ 4.92797308e-02 -2.34911248e-01  2.40532979e-01 -2.12543532e-01  7.64928013e-02 -2.25028545e-01 -1.16619945e-01 -3.54437113e-01  1.70996368e-01 -3.09092067e-02  2.25998446e-01 -6.28908500e-02 -2.98641045e-02  2.20852762e-01  1.37905300e-01]
 [ 4.97422293e-02 -2.23767981e-01  2.17470929e-01 -1.98355749e-01  7.62231126e-02 -2.13406235e-01 -1.13299437e-01 -3.35390568e-01  1.65473267e-01 -2.35609412e-02  2.10585937e-01 -5.77580407e-02 -2.95893662e-02  2.16809019e-01  1.34644106e-01]
 [ 4.84875031e-02 -2.24536642e-01  2.18037352e-01 -1.99234828e-01  7.69108534e-02 -2.13481918e-01 -1.14487164e-01 -3.36185575e-01  1.67323455e-01 -2.34734491e-02  2.12241828e-01 -5.78486025e-02 -2.95801684e-02  2.17982829e-01  1.35547802e-01]
 [ 4.80260998e-02 -2.22199872e-01  2.13122323e-01 -1.96500152e-01  7.73999617e-02 -2.10609853e-01 -1.14113860e-01 -3.32241654e-01  1.67070523e-01 -2.18015350e-02  2.08864674e-01 -5.67176230e-02 -2.96961591e-02  2.17211410e-01  1.35198519e-01]
 [ 4.80858646e-02 -1.89367488e-01  1.44728094e-01 -1.54815063e-01  7.72986114e-02 -1.75744981e-01 -1.04951784e-01 -2.75686413e-01  1.52167216e-01  2.39421381e-04  1.64471075e-01 -4.10950668e-02 -2.85659321e-02  2.05900222e-01  1.26254350e-01]
 [ 5.21257520e-02 -1.97506025e-01  1.66590586e-01 -1.65286750e-01  7.45018944e-02 -1.87213466e-01 -1.02373980e-01 -2.90808290e-01  1.49847358e-01 -8.20825808e-03  1.74525276e-01 -4.53756042e-02 -2.82470919e-02  2.04432011e-01  1.26227021e-01]
 [ 5.02077602e-02 -1.93626627e-01  1.57921046e-01 -1.61274716e-01  7.64848217e-02 -1.81484446e-01 -1.02749363e-01 -2.84599572e-01  1.51482493e-01 -4.86379676e-03  1.68573916e-01 -4.35371511e-02 -2.87914518e-02  2.03694597e-01  1.26240715e-01]
 [ 7.19292015e-02 -9.71310213e-02 -4.03301418e-02 -2.02290863e-02  3.88134569e-02 -1.05945818e-01 -5.40389828e-02 -1.02482334e-01  5.28740510e-02  5.17233573e-02  7.77649283e-02  9.71992686e-03 -2.07475096e-04  1.71889096e-01  8.18449110e-02]
 [ 9.28156003e-02 -7.17621818e-02 -9.06822830e-02  3.29942033e-02  6.28224923e-04 -1.05205208e-01 -2.30443384e-02 -4.02499363e-02 -1.43780541e-02  5.98402992e-02  8.22262019e-02  2.86157336e-02  2.54438613e-02  1.63093820e-01  5.85233420e-02]
 [ 1.07079953e-01 -6.38551787e-02 -1.13757923e-01  5.69227934e-02 -2.07741689e-02 -1.11589052e-01 -1.35858441e-02 -1.70571394e-02 -4.91791591e-02  6.44710958e-02  8.91526788e-02  3.36028449e-02  3.68325226e-02  1.65853336e-01  4.62448969e-02]]
R_hid(hidden representaion to predict r):
[[3.7050114  3.9880948  0.         4.191202   0.         3.069976   0.         0.         0.         4.3305855  0.         3.8494806  4.100097   0.         0.        ]
 [4.260434   4.682847   0.         3.9873064  0.         3.5747511  0.         0.         0.         4.7676415  0.         0.         3.351627   0.         0.        ]
 [4.744273   5.097834   0.         4.715385   0.         4.342218   0.         0.         0.         4.4443183  0.         4.9159775  4.1914353  0.         0.        ]
 [1.2719096  1.3337579  0.         1.2263719  0.         1.0085821  0.         0.         0.         1.5529938  0.         0.         0.9973728  0.         0.        ]
 [1.6497886  1.4565724  0.         1.2302151  0.         1.4441329  0.         0.         0.         1.7071717  0.         1.3056198  1.244907   0.         0.        ]
 [1.7585518  1.4828287  0.         1.4276754  0.         1.3476212  0.         0.         0.         0.         0.         1.3202487  1.4732343  0.         0.        ]
 [0.8851244  0.9635527  0.         1.1350653  0.05435177 1.1221129  0.         0.         0.         0.810976   0.         1.0180032  0.6571447  0.         0.        ]
 [1.0331385  1.5519805  0.         1.0107993  0.         0.4601635  0.         0.         0.         0.86405116 0.         1.0608572  0.8538515  0.         0.        ]
 [1.0151398  0.975296   0.         0.94628185 0.         0.         0.         0.         0.         0.9359167  0.         0.81916755 0.78333205 0.         0.        ]
 [0.8548594  1.3233871  0.         0.48807618 0.         0.85506964 0.         0.         0.         0.4794291  0.         1.1043801  0.7785784  0.         0.        ]
 [0.         0.6674939  0.         0.6931674  0.         0.49196264 0.         0.         0.         0.59240484 0.         0.7329264  0.5737789  0.         0.        ]
 [0.75634575 0.7367291  0.         0.6514072  0.         0.5295422  0.         0.         0.         0.         0.         0.65042686 0.4482006  0.         0.        ]
 [0.3637042  0.8266864  0.         0.0747968  0.06003647 0.16195087 0.         0.         0.         0.40026748 0.         0.21219647 0.33569288 0.         0.        ]
 [0.39283085 0.9060485  0.         0.03446651 0.19124101 0.20948638 0.         0.         0.         0.         0.         0.4509698  0.10525832 0.         0.        ]
 [0.40538096 0.8291936  0.         0.12553973 0.21196909 0.32428554 0.         0.         0.         0.03299162 0.         0.25098172 0.         0.01570625 0.        ]]
topics:
[[-0.0905922  -0.11746348 -0.09556041  0.2076747   0.02045866  0.15362589  0.45717835  0.14341545  0.23491882  0.08663227 -0.15623488  0.04960699 -0.03069564 -0.1201821   0.26009408]
 [ 0.00407168 -0.03821433 -0.20185171  0.03507515  0.10679729  0.01419863 -0.09743428 -0.00256606  0.14340557  0.12127961 -0.03001261  0.03780657 -0.02829655  0.18072279  0.11049545]
 [-0.01089284  0.09899075 -0.13523327  0.07515783  0.02116652  0.08301584  0.14529452  0.0025699  -0.05169156  0.09007549  0.04160486  0.01080782  0.1957817  -0.00494724 -0.11091176]
 [-0.03873859  0.23649581 -0.0014085   0.18903859 -0.33268872  0.07591391  0.0155568   0.23726855 -0.368827   -0.31509927 -0.04504824 -0.238069    0.17181288  0.20901638  0.10580382]
 [ 0.05076235 -0.24190402  0.25617647 -0.2213365   0.07546931 -0.2334717  -0.11737844 -0.3668842   0.17210548 -0.03627276  0.23519687 -0.06643005 -0.02989572  0.22235964  0.1389412 ]
 [ 0.2969715  -0.01867119 -0.02898956  0.008978    0.01637095 -0.08872142  0.07744272 -0.15074562 -0.12440999  0.02351092 -0.35806844 -0.06745772 -0.12233021 -0.03500341 -0.02960315]
 [-0.05213426 -0.16161646  0.14518441  0.06306931  0.22884466 -0.08173356  0.0574623   0.01921998  0.11916316  0.04507639  0.0796951   0.10582463 -0.05803146  0.00564531  0.44002146]
 [ 0.00278262  0.22092165 -0.22187524 -0.07451267  0.24174786  0.18313889  0.118058    0.2537077   0.13143145  0.12994726 -0.09824248  0.53918827  0.15805316 -0.11433696 -0.04344181]
 [ 0.23915604 -0.01476671 -0.23844144  0.23851556 -0.22728601 -0.2036271   0.0993087   0.15583034 -0.37457243  0.0688148   0.20354414  0.07752577  0.1552375   0.17241874 -0.06669547]
 [-0.03393045 -0.03060306  0.02687617 -0.02172728  0.06192759 -0.02424753 -0.01022519  0.03874557  0.05797854 -0.1360025   0.03104899 -0.01628176 -0.04924528 -0.03002118  0.02861197]]
R:
[[1.20209847e-18 1.18354728e-05 3.75482790e-17 1.06686849e-22 9.99988198e-01 2.92598640e-10 1.01440322e-16 6.43818467e-16 1.09131888e-11 1.42044514e-16]
 [2.45589444e-17 5.60066728e-05 2.88643354e-15 1.97575058e-21 9.99943972e-01 2.50306664e-10 5.98605860e-16 9.89622156e-16 3.88538125e-11 3.37686016e-16]
 [1.30160126e-19 5.79533389e-06 7.80196009e-18 8.59749761e-24 9.99994159e-01 3.24947680e-10 9.25255365e-18 6.36367317e-17 3.89289349e-13 1.06130424e-17]
 [9.84595658e-07 3.48965973e-02 5.83887731e-06 4.08186054e-08 9.64418352e-01 4.37701412e-04 2.42917804e-06 7.54064877e-06 2.25578347e-04 4.87628540e-06]
 [3.39642554e-07 2.22641211e-02 1.61080072e-06 9.67927072e-09 9.77513671e-01 1.84639226e-04 1.00927139e-06 2.30078854e-06 3.07211885e-05 1.51946290e-06]
 [1.20848640e-07 3.38669196e-02 1.09051393e-06 3.89093202e-09 9.65713561e-01 3.60097358e-04 4.69267547e-07 2.14673196e-06 5.46751107e-05 8.41352346e-07]
 [1.10075838e-04 7.46675730e-02 2.48232274e-04 1.45427020e-05 9.12700176e-01 7.34377699e-03 1.63599339e-04 4.04156453e-04 4.00852645e-03 3.39350721e-04]
 [1.54016998e-05 7.79562145e-02 5.66620365e-05 1.31257480e-06 9.15522337e-01 3.58605571e-03 4.27364248e-05 9.84628859e-05 2.66362308e-03 5.71945311e-05]
 [9.10828239e-05 8.84358212e-02 1.92562860e-04 8.65124548e-06 9.04272139e-01 4.37032245e-03 1.20357014e-04 2.45538598e-04 2.04423186e-03 2.19227484e-04]
 [3.85182560e-04 2.12229431e-01 1.38190866e-03 8.95095072e-05 7.48150408e-01 2.13381723e-02 9.65247687e-04 1.73670112e-03 1.27123715e-02 1.01109478e-03]
 [1.67011586e-03 1.52386442e-01 2.35191197e-03 3.94095288e-04 7.90621519e-01 2.74051689e-02 2.72977003e-03 3.33045819e-03 1.54038453e-02 3.70671693e-03]
 [1.67572580e-03 1.75624773e-01 3.14045791e-03 3.50142509e-04 7.71744490e-01 2.72291992e-02 2.46516429e-03 3.38125485e-03 1.11236433e-02 3.26522347e-03]
 [3.91737605e-03 4.10340786e-01 9.89231095e-03 1.52529450e-03 3.34118336e-01 5.53369485e-02 5.91725856e-03 1.37235513e-02 1.58420846e-01 6.80731982e-03]
 [8.62973742e-03 3.74484211e-01 1.25768892e-02 3.41242226e-03 2.28996366e-01 4.63785753e-02 1.11093801e-02 1.86623540e-02 2.83816576e-01 1.19334739e-02]
 [5.52845281e-03 3.65632027e-01 9.46295913e-03 2.48223078e-03 1.90567151e-01 4.34021875e-02 8.91882274e-03 1.37171457e-02 3.52928519e-01 7.36055383e-03]]
cosine similarity of topic:
[[ 1.00000012e+00 -5.94704616e-05  2.32066605e-02 -5.51041703e-05  7.50311083e-05  3.31070532e-06  1.00701611e-04 -5.98090583e-06 -1.07119859e-05 -5.11594953e-05]
 [-5.94704616e-05  9.99999702e-01  4.33641762e-05  6.83934632e-05  1.21132842e-04  1.36031929e-04 -6.35151737e-05 -3.68008950e-05 -3.84730265e-05  2.20337242e-04]
 [ 2.32066605e-02  4.33641762e-05  1.00000024e+00  1.01168458e-04  5.38205495e-05 -8.23907430e-06  1.10449919e-05  3.43926672e-06  5.81167260e-05  3.45778026e-05]
 [-5.51041703e-05  6.83934632e-05  1.01168458e-04  1.00000012e+00  1.31533143e-05  4.46479207e-05 -8.66934897e-06 -2.34482013e-05  5.04578638e-05 -2.96416023e-04]
 [ 7.50311083e-05  1.21132842e-04  5.38205495e-05  1.31533143e-05  1.00000000e+00  5.22210394e-05 -2.12172072e-05 -4.01167601e-01  8.50970682e-05 -1.40281452e-04]
 [ 3.31070532e-06  1.36031929e-04 -8.23907430e-06  4.46479207e-05  5.22210394e-05  1.00000000e+00  6.31236471e-05 -4.09125132e-05 -2.66101451e-05  2.46264499e-05]
 [ 1.00701611e-04 -6.35151737e-05  1.10449919e-05 -8.66934897e-06 -2.12172072e-05  6.31236471e-05  1.00000012e+00 -1.04876053e-04 -2.81170446e-06  4.05553074e-05]
 [-5.98090583e-06 -3.68008950e-05  3.43926672e-06 -2.34482013e-05 -4.01167601e-01 -4.09125132e-05 -1.04876053e-04  9.99999940e-01 -6.39235368e-05 -1.50352309e-04]
 [-1.07119859e-05 -3.84730265e-05  5.81167260e-05  5.04578638e-05  8.50970682e-05 -2.66101451e-05 -2.81170446e-06 -6.39235368e-05  1.00000024e+00 -1.05699924e-04]
 [-5.11594953e-05  2.20337242e-04  3.45778026e-05 -2.96416023e-04 -1.40281452e-04  2.46264499e-05  4.05553074e-05 -1.50352309e-04 -1.05699924e-04  9.99999702e-01]]
