hidden representaion(r*topic):
[[-0.35569406 -0.07851718 -0.10500631  0.23703595 -0.00344119  0.2244709   0.47985038  0.17789729  0.20319755  0.05963874  0.04944989  0.09090606  0.14769037 -0.04865063  0.16776617]
 [-0.35569343 -0.07851661 -0.10500658  0.23703556 -0.00344095  0.22447085  0.4798497   0.17789747  0.20319726  0.05963881  0.04944952  0.09090651  0.14769031 -0.04865074  0.1677658 ]
 [-0.35569406 -0.07851718 -0.10500631  0.23703595 -0.00344119  0.22447088  0.47985038  0.17789729  0.20319755  0.05963874  0.04944989  0.09090606  0.14769037 -0.04865063  0.16776617]
 [-0.3556427  -0.0784803  -0.10501971  0.2370008  -0.00342159  0.22446078  0.47978982  0.17789978  0.20317703  0.05964141  0.04942481  0.09093209  0.14768097 -0.04865336  0.16774061]
 [-0.35568935 -0.07851342 -0.10500795  0.23703302 -0.00343941  0.22447033  0.47984546  0.17789796  0.20319545  0.05963916  0.04944737  0.09090877  0.1476897  -0.04865127  0.1677636 ]
 [-0.35538548 -0.07826161 -0.10511987  0.23686242 -0.00333658  0.22443809  0.47953647  0.17796811  0.20303959  0.05966147  0.04928142  0.09109408  0.14765705 -0.04869305  0.16759768]
 [-0.35271508 -0.07617407 -0.10593579  0.23560393 -0.00277556  0.22401461  0.47689512  0.17863934  0.20139319  0.05965418  0.04795732  0.09251346  0.14745244 -0.04893998  0.16614074]
 [-0.33910316 -0.07205874 -0.10533085  0.23070548 -0.0019366   0.21875608  0.4681852   0.17237906  0.19341931  0.05874694  0.04388464  0.08839861  0.14240605 -0.04819635  0.16186951]
 [-0.34499466 -0.080299   -0.09864873  0.22573525 -0.00069241  0.21530914  0.46243402  0.16502023  0.20284727  0.0569339   0.04973765  0.08469298  0.14116639 -0.04468429  0.16604966]
 [-0.3496471  -0.076418   -0.10509402  0.23473862 -0.00277442  0.22244324  0.4761615   0.17526427  0.1998767   0.05952792  0.04741055  0.08950864  0.14547887 -0.04863177  0.16564345]
 [-0.01451026 -0.21482645  0.17655051 -0.14400798  0.06465348 -0.12848811 -0.10799882 -0.33345073  0.21197216 -0.0604862   0.10684569 -0.20536089 -0.09597818  0.11450262  0.14527823]
 [-0.18310007 -0.01103449 -0.10897917  0.1614894   0.02195661  0.16534308  0.35108873  0.11621783  0.11140864  0.05364412 -0.00917962  0.06961141  0.0894445  -0.04666389  0.10738946]
 [-0.12661722 -0.00727341 -0.09321915  0.1528571   0.01110334  0.13612358  0.32481936  0.07973026  0.06710397  0.04193313 -0.02240127  0.03315928  0.06708712 -0.03575489  0.09266758]
 [-0.0042092   0.03839114 -0.10160466  0.10663966  0.02859091  0.10254981  0.2610334   0.02426887  0.00315735  0.04651741 -0.06927708  0.00794645  0.02133113 -0.0419172   0.04327553]
 [ 0.05563964  0.03537044 -0.05513572  0.08095343  0.00911288  0.05898473  0.17526424 -0.01243826 -0.05696006  0.0093419  -0.09004368 -0.01111461  0.01101577 -0.00609734  0.01769823]]
R_hid(hidden representaion to predict r):
[[-1.1467022   4.9071813   1.1296138  -1.1431848   2.728119    5.9786916  -1.4242741  -1.3056648  -1.4567919   0.2163802  -1.457629    2.5140333   2.479854   -1.387763   -1.3490821 ]
 [-1.4329829   5.2753615   1.0692317  -1.4450753  -1.4577388   4.508381   -1.4232697   1.303033   -1.4531081  -1.4577388  -1.4400043  -0.1666866   5.117632   -1.0514113  -1.3529603 ]
 [-1.234109    4.172952    0.6388048  -1.3298512   1.9160969   4.510711   -1.4164698  -1.2547376  -1.4553901  -1.0605067  -1.4553679   3.2213202   0.99598104 -1.3234388  -1.4577388 ]
 [-1.1084291   2.4080358  -1.2600081  -1.3060437  -1.0164764   2.2483978  -1.1184444  -0.28214025 -1.3493136  -0.6084771  -1.3221729   0.4337068  -1.4577388  -1.0704567  -1.0214884 ]
 [ 0.74404156  2.3795323   0.5021204  -1.3037187   1.3040794   0.5106733  -0.96694505 -1.2958653  -1.4577388  -0.3755257  -1.4492451   0.5828177  -0.37051314 -1.4000943  -1.0915724 ]
 [-0.7464524   1.2522876  -0.6230524  -0.4440472   2.902145    1.8022183  -0.8532475  -0.6494174  -1.1296942  -0.50181323 -1.3121623   0.93255216 -1.1670854  -1.3873427   0.480368  ]
 [-1.3579016   2.0812597  -1.1763408   1.1457856  -0.87276983 -1.4577388  -0.8718065   1.2510358  -1.2131977  -1.2307296  -1.155418   -0.08083731  1.4332012  -0.5738651  -1.1910987 ]
 [-1.4266759   1.3396914   0.68405706 -1.4577388   0.3013034   0.20059732  0.08135882 -1.2606986  -1.4577388   1.2605629  -1.3450848   0.12145193  1.7045511  -0.44644892  3.1433282 ]
 [ 1.217129   -1.4577388  -0.5633254  -0.30909747 -0.91582954  2.647564   -1.1676259  -0.2532099  -1.4577388  -1.1519517  -1.2510699  -0.71617705  2.7733574  -0.05889726 -1.2775676 ]
 [ 1.3925399   1.7731396  -0.37989283  1.3038137   0.7440713  -0.13028255  1.2933885  -1.2187464  -0.43353605  1.8629627  -1.4419891   1.0450908   0.51269585 -1.1067184   2.4182901 ]
 [-0.5477908   2.157741    0.67413104  0.2877632  -0.39763665 -0.75674933  0.16981031 -0.34555614  0.27354324  0.26749802 -1.4577388  -0.01659934  2.7434316   1.1040969  -0.59148175]
 [ 0.09797028 -0.12622926  0.311554   -0.9139371   0.445787   -0.67861015 -0.90642035 -1.4577388  -1.0908453   0.929391   -1.2435452   0.6080171   0.28761655 -1.1673605   0.30882555]
 [ 0.8399397   0.9814542  -0.06474225  2.6447825   0.8612391  -1.2131552   1.3121517  -1.2516198   0.47384655 -1.4577388  -1.2457943  -0.35814363 -0.30533412  0.233684    2.8166919 ]
 [ 0.5881899   0.96243083 -1.0308714   2.1567678   2.0232944  -0.90155685  1.1815554  -1.4577388  -0.5172306  -0.51720923 -0.9323925  -0.14781925 -1.1911275   0.8866478   1.6611124 ]
 [ 1.8089533  -1.1347523  -1.4577388   2.5643926   1.1324327  -1.1194038   2.737831    0.21037428  1.6479954   2.6201797   0.10546378 -1.4577388   0.04025175 -0.67414993  4.5474167 ]]
topics:
[[-0.35569406 -0.07851719 -0.10500631  0.23703595 -0.0034412   0.22447088  0.47985038  0.17789727  0.20319755  0.05963873  0.04944989  0.09090605  0.14769037 -0.04865063  0.16776617]
 [-0.04552375 -0.0484399  -0.02691056 -0.09818463  0.15520155  0.01573286 -0.12092008 -0.07612579  0.21678479  0.05372687 -0.0334773   0.02832453 -0.05986176  0.1686536   0.13149254]
 [ 0.0254585   0.05417504 -0.11527704  0.0938364   0.04288441  0.10168807  0.26145896  0.00587485 -0.00263383  0.0592895  -0.0821727  -0.00147389  0.00450086 -0.05311198  0.03410063]
 [ 0.0363846   0.20219164 -0.10237735  0.25713286 -0.35201773 -0.00439845  0.03259264  0.2594359  -0.41934252 -0.18318814  0.06617546 -0.20341273  0.22134764  0.27656862  0.10872413]
 [ 0.01317745 -0.26339096  0.23393224 -0.20146033  0.07108534 -0.18308027 -0.17815168 -0.4380643   0.2399108  -0.07725801  0.13166185 -0.27249047 -0.13387497  0.14253777  0.15338786]
 [ 0.19043837 -0.04381924  0.14488663  0.00083941 -0.04400907 -0.0474031  -0.06108394 -0.1642932  -0.19639023 -0.10117167 -0.20075622 -0.00290402 -0.00061544  0.09414419 -0.11661005]
 [ 0.00871133 -0.16014697  0.13023031  0.0355134   0.2601024  -0.11807487  0.0820105   0.01583901  0.13243793 -0.01268374 -0.01831456  0.07112486 -0.11973982 -0.05923301  0.45398492]
 [-0.02402031  0.27029154 -0.29949376 -0.01051355  0.19376563  0.24540761  0.10445092  0.30372715  0.08891805  0.13591956 -0.1792147   0.41098478  0.12276915 -0.13902023 -0.0421044 ]
 [ 0.20866364  0.08921687  0.00733909  0.28625512 -0.31556284 -0.08938076  0.09775576  0.20411904 -0.45780346 -0.19062798 -0.02802191 -0.06919072  0.11655951  0.0879631  -0.0634484 ]
 [-0.04401089 -0.04454047  0.04308759 -0.00239272  0.08003683 -0.01498298 -0.02316071  0.04106756  0.06279027 -0.10793579  0.08716075  0.00603054 -0.05539929 -0.02392216  0.09470815]]
R:
[[1.00000000e+00 1.16839411e-11 9.54558134e-12 3.79422920e-14 3.77005068e-13 6.53476703e-14 1.18333024e-12 3.15458486e-08 1.34542533e-09 4.64141800e-13]
 [9.99998212e-01 8.85316404e-11 8.09619756e-15 3.17137863e-13 4.61000543e-11 3.75390127e-12 4.01813721e-10 1.55811767e-06 1.81429655e-07 1.14126087e-11]
 [1.00000000e+00 8.38881156e-13 7.47736129e-13 1.54951667e-14 2.15701941e-13 1.20909633e-14 4.25281815e-12 3.05568619e-08 3.17536153e-09 4.30319910e-14]
 [9.99855399e-01 1.12598564e-05 3.03576570e-07 9.32110140e-08 1.29209684e-05 6.96825211e-08 1.04843195e-06 1.05240404e-04 1.33977310e-05 3.45173845e-07]
 [9.99986768e-01 1.09185457e-07 1.37851623e-06 7.18885307e-09 5.04339084e-07 1.72378523e-09 2.89459443e-08 1.00383104e-05 1.02029799e-06 4.00835134e-08]
 [9.99152064e-01 1.19966571e-05 5.55950646e-05 1.71785439e-06 8.23473385e-07 1.14888655e-06 9.80452387e-06 6.61637576e-04 1.03922612e-04 1.19541437e-06]
 [9.92219865e-01 2.58439850e-05 2.66692037e-08 1.49054267e-06 4.84896045e-05 7.66755329e-06 5.79471889e-05 5.93794417e-03 1.69232371e-03 8.31971829e-06]
 [9.57166612e-01 5.73603087e-04 3.15618217e-02 1.04540272e-03 5.27475320e-04 4.97240340e-04 6.97345939e-04 4.64730617e-03 2.72394158e-03 5.59216423e-04]
 [9.70496297e-01 1.14645425e-03 2.42863767e-04 1.56261856e-04 2.15115733e-02 3.95455208e-05 4.29974643e-05 5.74039482e-03 4.72411630e-04 1.51271292e-04]
 [9.84237134e-01 7.98280380e-05 1.47310831e-02 4.21481018e-05 1.59739313e-04 5.39575631e-05 3.02662957e-05 3.06789443e-04 3.07867391e-04 5.12146289e-05]
 [7.38280118e-02 2.07291041e-02 1.98917137e-03 6.01244578e-03 8.18514168e-01 3.32556618e-03 8.63825995e-03 2.85938643e-02 1.30808530e-02 2.52886098e-02]
 [5.44161797e-01 3.15503310e-03 3.22842985e-01 8.30060616e-03 1.81328319e-02 2.76485318e-03 9.42119677e-03 6.69471323e-02 1.54602546e-02 8.81334860e-03]
 [4.18942571e-01 7.46454298e-03 4.71632481e-01 1.46489786e-02 8.92762933e-03 2.55177189e-02 1.42757529e-02 4.42895433e-03 2.65409797e-02 7.62039423e-03]
 [9.83568951e-02 6.67987438e-03 8.16774189e-01 4.70587984e-03 3.25755891e-03 2.92991381e-02 3.82523099e-03 7.95199070e-03 2.34797914e-02 5.66937076e-03]
 [2.12298241e-03 5.09584509e-03 7.01934874e-01 4.63098101e-02 5.16077131e-03 1.85668901e-01 1.56759564e-02 1.34134199e-03 1.24883773e-02 2.42011100e-02]]
cosine similarity of topic:
[[ 9.9999976e-01  5.9261445e-05  6.9628268e-01 -4.4960201e-05 -2.4654661e-05 -4.9795318e-01  2.5466882e-04 -8.0057539e-02  6.1258557e-05  1.0000149e-04]
 [ 5.9261445e-05  1.0000002e+00 -4.6404508e-05 -3.1272499e-05  5.0181812e-01 -1.6511066e-04 -3.2051445e-05  1.5256113e-04 -5.6165475e-01  8.3900981e-05]
 [ 6.9628268e-01 -4.6404508e-05  1.0000000e+00 -2.7860020e-05  4.0040634e-04  5.3570078e-05  2.2651923e-06 -3.6335583e-05  2.7742033e-04  1.9603729e-04]
 [-4.4960201e-05 -3.1272499e-05 -2.7860020e-05  9.9999976e-01  9.2050632e-06  5.7099893e-05 -4.8901333e-05  1.3229644e-04  5.6057394e-01  2.8326873e-05]
 [-2.4654661e-05  5.0181812e-01  4.0040634e-04  9.2050632e-06  1.0000000e+00  3.6568097e-05  1.6542863e-04 -7.4765944e-01 -4.2380279e-01 -2.0353490e-04]
 [-4.9795318e-01 -1.6511066e-04  5.3570078e-05  5.7099893e-05  3.6568097e-05  9.9999964e-01  2.0523274e-01 -5.7505658e-05 -1.1097999e-04 -6.2264509e-05]
 [ 2.5466882e-04 -3.2051445e-05  2.2651923e-06 -4.8901333e-05  1.6542863e-04  2.0523274e-01  1.0000001e+00  2.6881389e-05 -1.8719153e-05  5.5200791e-01]
 [-8.0057539e-02  1.5256113e-04 -3.6335583e-05  1.3229644e-04 -7.4765944e-01 -5.7505658e-05  2.6881389e-05  1.0000004e+00 -1.4855593e-04  1.6942479e-04]
 [ 6.1258557e-05 -5.6165475e-01  2.7742033e-04  5.6057394e-01 -4.2380279e-01 -1.1097999e-04 -1.8719153e-05 -1.4855593e-04  1.0000004e+00  1.3241083e-04]
 [ 1.0000149e-04  8.3900981e-05  1.9603729e-04  2.8326873e-05 -2.0353490e-04 -6.2264509e-05  5.5200791e-01  1.6942479e-04  1.3241083e-04  9.9999958e-01]]
