hidden representaion(r*topic):
[[-3.00130830e-03  1.20652921e-01 -7.49650523e-02 -1.56745838e-03  8.83802623e-02  6.11239783e-02  7.89969116e-02  6.43504560e-02  6.10863604e-02  4.73232232e-02 -7.49185309e-02  3.25066179e-01  1.07374452e-01  2.20028199e-02 -1.97215956e-02]
 [-3.08478833e-03  1.20897122e-01 -7.51033276e-02 -1.58073136e-03  8.85147825e-02  6.12983331e-02  7.91934058e-02  6.45249933e-02  6.12000600e-02  4.74454947e-02 -7.49829188e-02  3.25807750e-01  1.07621901e-01  2.19919104e-02 -1.98463202e-02]
 [-2.97972909e-03  1.20763980e-01 -7.49698207e-02 -1.58971082e-03  8.84392038e-02  6.11410215e-02  7.90783018e-02  6.43728897e-02  6.10776879e-02  4.73831929e-02 -7.49978796e-02  3.25376928e-01  1.07456580e-01  2.19483748e-02 -1.98163372e-02]
 [-1.34063116e-03  1.18576817e-01 -7.29967281e-02 -1.02538278e-03  8.67684633e-02  5.89171052e-02  7.79499784e-02  6.19377308e-02  5.90788424e-02  4.67179753e-02 -7.53871799e-02  3.17178696e-01  1.04948677e-01  2.11019926e-02 -1.94151923e-02]
 [-1.35027012e-03  1.18674465e-01 -7.31456056e-02 -1.12222752e-03  8.68695453e-02  5.90063035e-02  7.78785273e-02  6.20401837e-02  5.91434799e-02  4.67102639e-02 -7.54032210e-02  3.17534357e-01  1.05015248e-01  2.11915504e-02 -1.93995349e-02]
 [-1.22074643e-03  1.18284613e-01 -7.27715045e-02 -9.80180921e-04  8.66449922e-02  5.86987361e-02  7.78229460e-02  6.17046356e-02  5.89328445e-02  4.66115996e-02 -7.53566474e-02  3.16376746e-01  1.04669757e-01  2.10528392e-02 -1.92548987e-02]
 [ 2.90452532e-04  1.15337141e-01 -7.05016926e-02 -1.22892467e-04  8.45448822e-02  5.62981777e-02  7.66070336e-02  5.89452051e-02  5.68018556e-02  4.57797498e-02 -7.53723532e-02  3.05812687e-01  1.01540983e-01  1.99824627e-02 -1.84652880e-02]
 [ 1.63982483e-03  1.12597927e-01 -6.85076639e-02  4.75690933e-04  8.29602033e-02  5.40851690e-02  7.51390457e-02  5.66765070e-02  5.51591739e-02  4.47815247e-02 -7.52676874e-02  2.96878487e-01  9.86720324e-02  1.93297863e-02 -1.73945576e-02]
 [ 2.05442868e-03  1.13665037e-01 -6.87898695e-02  1.12085094e-04  8.34014267e-02  5.42634390e-02  7.55766928e-02  5.65471761e-02  5.51406629e-02  4.54131588e-02 -7.61993304e-02  2.99332082e-01  9.94029790e-02  1.91786066e-02 -1.83553472e-02]
 [ 6.46524876e-03  1.02642797e-01 -6.06901906e-02  3.78836785e-03  7.62709156e-02  4.61879708e-02  7.19253197e-02  4.78167385e-02  4.84382994e-02  4.19768468e-02 -7.52255395e-02  2.62710184e-01  8.86092708e-02  1.57724656e-02 -1.43813724e-02]
 [ 6.69419300e-03  1.02612205e-01 -6.10212311e-02  3.44224437e-03  7.61372671e-02  4.61921617e-02  7.13895112e-02  4.74076606e-02  4.83490080e-02  4.20238115e-02 -7.54050240e-02  2.61787862e-01  8.83168578e-02  1.58680342e-02 -1.45868314e-02]
 [ 1.02769611e-02  9.92150381e-02 -5.75371161e-02  3.81262926e-03  7.32591450e-02  4.17801104e-02  6.88822046e-02  4.29713130e-02  4.40191701e-02  4.04964127e-02 -7.65326694e-02  2.48623401e-01  8.39652419e-02  1.44539783e-02 -1.45025849e-02]
 [ 7.18131568e-03  6.57427907e-02 -3.79358903e-02  2.06853133e-02  5.75604178e-02  3.04008871e-02  6.92625567e-02  2.87656374e-02  4.04690690e-02  3.41273919e-02 -6.33871853e-02  1.53490379e-01  5.87090366e-02  4.92548058e-03  5.54434024e-03]
 [-1.43623538e-03  5.27871698e-02 -2.90843882e-02  3.34363207e-02  5.48326187e-02  3.13893706e-02  7.89681524e-02  2.79409457e-02  4.80431020e-02  3.77993956e-02 -5.64357564e-02  1.19622804e-01  5.15281931e-02 -4.02947748e-03  1.62832718e-02]
 [-1.79297142e-02  4.10265401e-02 -1.87823605e-02  5.25098220e-02  5.55931553e-02  3.82249840e-02  9.90495756e-02  3.30546871e-02  6.41062558e-02  4.73371483e-02 -4.69993278e-02  9.42653418e-02  4.88510989e-02 -1.66837536e-02  3.07541881e-02]]
R_hid(hidden representaion to predict r):
[[0.         0.         0.         0.51821893 1.0100077  0.59390295 0.         0.         0.70976365 0.         0.4649825  0.         0.         0.3412338  0.1979802 ]
 [0.         0.         0.         1.180716   0.63792545 1.055504   0.         0.         0.1727262  0.         0.9989518  0.         0.         0.         0.06304606]
 [0.         0.         0.         1.1291213  1.8701245  1.0517731  0.         0.         0.45628738 0.         1.0503051  0.         0.         0.         0.        ]
 [0.         0.         0.         0.5601717  1.258168   0.5854945  0.         0.         0.6782097  0.         0.7813032  0.         0.         0.06969766 0.249055  ]
 [0.         0.00891638 0.         0.5807151  1.4194064  0.7407994  0.         0.         0.9619686  0.         0.73085356 0.         0.         0.17194624 0.19622104]
 [0.         0.         0.         0.5533956  1.1374098  0.8298874  0.06200088 0.         0.58744454 0.         0.89734024 0.         0.         0.19072534 0.        ]
 [0.         0.         0.         0.9946817  1.1214772  0.61315644 0.         0.         0.8067522  0.         0.46827698 0.         0.         0.24841285 0.04364997]
 [0.         0.00682669 0.         0.5757881  0.6705457  0.36744604 0.14019138 0.         0.65375656 0.         0.41162863 0.         0.         0.1861374  0.        ]
 [0.         0.07539522 0.         0.33401635 0.5848458  0.2672999  0.         0.         1.3488187  0.         0.89007866 0.         0.         0.3918269  0.39014688]
 [0.         0.         0.         0.4097561  0.8938837  0.64671874 0.21920542 0.         1.1045249  0.         0.3657404  0.         0.         0.2564677  0.46197808]
 [0.         0.18148208 0.         0.4749505  1.2999288  0.62113214 0.         0.         1.2847177  0.         0.6560297  0.         0.         0.474598   0.1803646 ]
 [0.         0.05139264 0.         0.5476674  0.7069316  0.44074076 0.14568843 0.         0.81732136 0.15134819 0.34599134 0.         0.         0.37927726 0.1705545 ]
 [0.         0.4105225  0.         0.52014786 0.54452306 0.3685498  0.08305098 0.         1.1539263  0.         0.0729456  0.         0.28456843 0.14175679 0.28235203]
 [0.         0.5235463  0.         0.4747457  0.4445008  0.47835514 0.12467693 0.         1.3116693  0.         0.3320396  0.         0.36277914 0.23307626 0.18403494]
 [0.         0.71350133 0.         0.41719237 0.02542457 0.36591247 0.22885346 0.         1.7281429  0.03990162 0.         0.         0.7275148  0.3107698  0.08067369]]
topics:
[[-0.08955382  0.03614905  0.01667152  0.13359787  0.09432387  0.08488948  0.20569572  0.08006013  0.16120557  0.12040558 -0.03581491  0.11408488  0.07165518 -0.07697611  0.079626  ]
 [ 0.01841562  0.01526868 -0.08218438 -0.01005934  0.06777032  0.02688119 -0.06070905  0.01009896  0.10201393  0.01183188 -0.05466368 -0.02038728 -0.01298769  0.06083234  0.06291909]
 [-0.00493241  0.00455387 -0.08036485  0.01274117 -0.01207601  0.04652573  0.0871876  -0.00677041 -0.02368373 -0.01955434 -0.01096027 -0.02609431  0.0316039   0.00862798 -0.01079183]
 [-0.02770614  0.08013912 -0.03923253  0.0931794  -0.15519106  0.03530999  0.01461967  0.12099484 -0.18512407 -0.03252592  0.06138893 -0.10445965  0.06073582  0.06015363  0.04427971]
 [-0.00257106 -0.07698107  0.14315803 -0.0656071   0.01319007 -0.11339721 -0.0242431  -0.20743313  0.07494219 -0.06568767  0.05601097  0.09648589  0.0309534   0.17691617  0.04921724]
 [ 0.12243156  0.04939878  0.02231674  0.00792012  0.02240497 -0.06290692  0.01842752 -0.0785524  -0.05537644  0.04074721 -0.15407346 -0.03044678 -0.01154615 -0.03832117 -0.03898413]
 [-0.01822466 -0.08204631  0.0625634   0.02354763  0.10691097 -0.00776969  0.05136421  0.01193094  0.05694227 -0.0264671   0.01896619  0.0518508  -0.03747687  0.00673847  0.21844745]
 [-0.00460824  0.12262792 -0.07677922 -0.00197044  0.08983643  0.06322087  0.08017967  0.06667216  0.06290498  0.04792058 -0.07446604  0.33247903  0.10971171  0.02271986 -0.02009923]
 [ 0.13162503  0.03113876 -0.00592856  0.09730858 -0.08953992 -0.09091372  0.02997069  0.03307673 -0.13832772 -0.12135108 -0.06754305  0.0051939   0.07015602  0.1288675  -0.01944002]
 [-0.02434559 -0.01480287  0.01395099 -0.01064261  0.02268096 -0.03393564 -0.03254856  0.01282637  0.02241426 -0.04729443  0.02897332 -0.01362661 -0.02356993 -0.0051828   0.01563613]]
R:
[[1.19313423e-03 1.70154637e-03 1.51725230e-03 6.72046212e-04 5.99419174e-04 1.28118880e-02 8.96839658e-04 9.78630900e-01 6.89285691e-04 1.28757465e-03]
 [1.23756635e-03 1.04438083e-03 1.40220858e-03 5.35844709e-04 5.03791089e-04 1.22867245e-02 6.61107246e-04 9.80758071e-01 6.11830503e-04 9.58491059e-04]
 [1.11014443e-03 1.04207057e-03 1.34116213e-03 5.49996272e-04 5.34855411e-04 1.31032290e-02 8.43048969e-04 9.79557157e-01 6.12791511e-04 1.30550819e-03]
 [3.08204838e-03 2.38670898e-03 3.64034111e-03 1.32814643e-03 1.05038879e-03 2.65294164e-02 1.57923112e-03 9.55752134e-01 1.58493675e-03 3.06672021e-03]
 [2.40328582e-03 2.83567701e-03 3.44431959e-03 1.29095186e-03 8.93454941e-04 2.59878039e-02 1.83192221e-03 9.57002342e-01 1.50331622e-03 2.80686934e-03]
 [3.19734332e-03 2.61908746e-03 3.83186457e-03 1.36114063e-03 1.15378748e-03 2.74885874e-02 2.12864019e-03 9.53316867e-01 1.68446719e-03 3.21821473e-03]
 [7.02127768e-03 5.31436643e-03 8.56958516e-03 2.60341866e-03 1.70397933e-03 4.13897634e-02 2.93218461e-03 9.22241569e-01 2.41259648e-03 5.81120374e-03]
 [9.09485202e-03 9.17566009e-03 1.07943658e-02 3.10322759e-03 1.92715030e-03 5.19625582e-02 5.29183773e-03 8.95866752e-01 3.87047627e-03 8.91312677e-03]
 [7.74746342e-03 6.32615481e-03 9.79803223e-03 2.33858894e-03 2.27483036e-03 5.52659445e-02 3.62650165e-03 9.03584957e-01 2.78556207e-03 6.25185668e-03]
 [2.41726134e-02 1.57210175e-02 2.64802985e-02 5.63289225e-03 3.69853806e-03 9.58128050e-02 9.84555576e-03 7.93381274e-01 8.69735610e-03 1.65576860e-02]
 [2.26234403e-02 1.88789647e-02 2.81292442e-02 5.98755898e-03 3.91457928e-03 9.73663181e-02 8.60070717e-03 7.91825593e-01 7.20776990e-03 1.54658547e-02]
 [2.10670307e-02 1.78769138e-02 3.02341226e-02 6.77427184e-03 4.13741730e-03 1.23658322e-01 1.08751040e-02 7.55288363e-01 9.31853801e-03 2.07699742e-02]
 [1.23407558e-01 5.90939038e-02 9.67116579e-02 1.53845455e-02 1.05707953e-02 1.52659461e-01 2.94649675e-02 4.43195373e-01 2.34430991e-02 4.60685827e-02]
 [2.16151789e-01 6.87522814e-02 1.21812351e-01 1.55270007e-02 1.10249128e-02 1.46025717e-01 2.92364191e-02 3.11795443e-01 2.40137633e-02 5.56603819e-02]
 [3.58722299e-01 6.55201823e-02 1.39209881e-01 1.70945525e-02 1.24491099e-02 1.14838347e-01 2.71316525e-02 1.85444593e-01 2.18487531e-02 5.77406250e-02]]
cosine similarity of topic:
[[ 9.9999994e-01  3.7063845e-05 -1.1261925e-04 -6.1448663e-05  3.7902500e-05  5.7050958e-05 -1.0923017e-04 -9.9955127e-05  2.9616058e-05 -1.0898523e-04]
 [ 3.7063845e-05  1.0000000e+00 -1.0631839e-04  4.9360096e-06 -6.4786524e-05 -4.3035951e-05  7.8923302e-05  1.4199037e-04 -4.0563149e-04 -6.5144710e-04]
 [-1.1261925e-04 -1.0631839e-04  1.0000006e+00  1.4305743e-04 -4.2364001e-05 -3.0789990e-05  1.2397231e-04 -1.9068364e-05 -1.7633196e-04 -1.8311525e-04]
 [-6.1448663e-05  4.9360096e-06  1.4305743e-04  1.0000001e+00 -4.4647604e-06 -2.0498130e-04 -7.8255311e-05  8.7521970e-05 -1.4074100e-04  7.3330477e-05]
 [ 3.7902500e-05 -6.4786524e-05 -4.2364001e-05 -4.4647604e-06  1.0000001e+00 -1.3152091e-04 -3.1640462e-05  8.0187246e-04  2.0779669e-04  1.1048536e-04]
 [ 5.7050958e-05 -4.3035951e-05 -3.0789990e-05 -2.0498130e-04 -1.3152091e-04  9.9999994e-01 -1.2253597e-04  4.1358173e-05 -1.9631535e-04 -1.2189336e-04]
 [-1.0923017e-04  7.8923302e-05  1.2397231e-04 -7.8255311e-05 -3.1640462e-05 -1.2253597e-04  9.9999988e-01  9.2504546e-05 -7.8592449e-05  1.2161629e-04]
 [-9.9955127e-05  1.4199037e-04 -1.9068364e-05  8.7521970e-05  8.0187246e-04  4.1358173e-05  9.2504546e-05  1.0000000e+00 -4.8466027e-06  2.6781112e-04]
 [ 2.9616058e-05 -4.0563149e-04 -1.7633196e-04 -1.4074100e-04  2.0779669e-04 -1.9631535e-04 -7.8592449e-05 -4.8466027e-06  9.9999976e-01  2.0931009e-05]
 [-1.0898523e-04 -6.5144710e-04 -1.8311525e-04  7.3330477e-05  1.1048536e-04 -1.2189336e-04  1.2161629e-04  2.6781112e-04  2.0931009e-05  9.9999988e-01]]
