hidden representaion(r*topic):
[[-2.09458657e-02 -1.50186867e-01  5.91994673e-02 -3.28143567e-01  6.20260127e-02 -2.56644607e-01 -7.71978647e-02 -2.23303348e-01  2.79821277e-01  1.61786359e-02  8.39136094e-02  1.58548415e-01  3.95239107e-02  1.63755327e-01  1.21594581e-03]
 [-2.03188621e-02 -1.50001302e-01  5.91959357e-02 -3.29012930e-01  6.12442903e-02 -2.57786334e-01 -7.76479244e-02 -2.23539248e-01  2.79719889e-01  1.56626925e-02  8.38677809e-02  1.58122480e-01  3.98133248e-02  1.63793400e-01  3.65157728e-04]
 [-2.03367174e-02 -1.49877653e-01  5.89177422e-02 -3.29742253e-01  6.09877445e-02 -2.57877976e-01 -7.79385716e-02 -2.24026531e-01  2.80121475e-01  1.56084178e-02  8.40573907e-02  1.58208981e-01  3.99734341e-02  1.64257199e-01 -5.37145766e-04]
 [-1.92870982e-02 -1.41359538e-01  5.24888858e-02 -3.11973095e-01  5.89303151e-02 -2.43947074e-01 -6.83533400e-02 -2.08970979e-01  2.69754648e-01  1.53109841e-02  7.72234574e-02  1.53008580e-01  4.00560498e-02  1.57031387e-01  4.19207057e-03]
 [-1.98340137e-02 -1.45720154e-01  5.53212687e-02 -3.23021710e-01  5.98237850e-02 -2.51389861e-01 -7.42271245e-02 -2.18332693e-01  2.76739895e-01  1.55111691e-02  8.08340535e-02  1.55452743e-01  4.00082022e-02  1.61733672e-01  2.37149303e-04]
 [-1.94665641e-02 -1.43419981e-01  5.37060574e-02 -3.19048345e-01  5.97956739e-02 -2.48665124e-01 -7.20181540e-02 -2.13778540e-01  2.73590922e-01  1.56059880e-02  7.93569759e-02  1.56289935e-01  4.06054743e-02  1.59625009e-01  1.19177054e-03]
 [ 1.16603011e-02 -7.61723518e-02  1.23516787e-02 -2.27382690e-01  1.93732269e-02 -2.05302715e-01 -2.39455979e-02 -1.08479731e-01  1.83265015e-01 -1.05237467e-02  3.81325409e-02  1.19789861e-01  6.06768578e-02  1.03769876e-01  1.06174999e-03]
 [ 1.22428136e-02 -3.17676738e-02 -2.67354324e-02 -1.61163315e-01  2.21325438e-02 -1.40499622e-01  1.68457422e-02 -3.24329697e-02  1.42391279e-01 -1.37399323e-03  9.39226896e-03  1.38635188e-01  6.89059421e-02  7.40631670e-02  9.71223414e-03]
 [-3.71191604e-03 -7.88742527e-02  9.66372993e-03 -1.95368171e-01  3.14426087e-02 -1.67760536e-01 -3.60218785e-03 -9.74127501e-02  1.85092807e-01  2.50672828e-03  3.46482508e-02  1.17979832e-01  5.04165329e-02  1.01687178e-01  2.52853222e-02]
 [ 1.27545493e-02 -3.00401729e-02 -2.22419333e-02 -1.31393999e-01  1.26922270e-02 -1.25669181e-01  2.44862959e-02 -2.56294403e-02  1.25571251e-01 -1.28853414e-02  7.13891536e-03  9.98418331e-02  5.99918440e-02  6.78406358e-02  2.39977986e-02]
 [ 8.04038867e-02  8.06314871e-02 -9.10832286e-02 -3.77694815e-02 -8.67650285e-02 -1.17670588e-01  8.57484713e-02  1.31691098e-01 -1.21296821e-02 -7.27641955e-02 -4.55116406e-02  4.66494411e-02  1.19985692e-01 -1.67982541e-02 -2.37875711e-02]
 [ 7.63913542e-02  8.24975595e-02 -9.50627103e-02 -3.88784707e-02 -6.71890303e-02 -1.01066053e-01  8.01572353e-02  1.25978276e-01 -5.21282014e-03 -6.28810525e-02 -5.15811257e-02  6.10857047e-02  1.12550147e-01 -1.36049585e-02 -2.12153383e-02]
 [ 1.13696955e-01  1.67711928e-01 -1.64263919e-01 -2.55067572e-02 -1.02459103e-01 -1.01494342e-01  1.01398364e-01  2.34145731e-01 -6.05572648e-02 -8.57819542e-02 -8.35179910e-02  1.03111610e-01  1.67359769e-01 -6.74554631e-02 -8.44737217e-02]
 [ 1.28701985e-01  1.95573524e-01 -1.89750940e-01 -3.30706723e-02 -1.13249816e-01 -1.09112047e-01  1.08811975e-01  2.65460193e-01 -7.17713237e-02 -8.79880562e-02 -9.68646929e-02  1.28184065e-01  1.90335006e-01 -8.50043073e-02 -1.11731388e-01]
 [ 1.34804904e-01  2.11370230e-01 -2.06879646e-01 -4.21224907e-02 -1.13806859e-01 -1.11874066e-01  1.12374425e-01  2.82339931e-01 -7.15988204e-02 -8.45618844e-02 -1.04694411e-01  1.52391881e-01  2.04571232e-01 -9.41286013e-02 -1.28279611e-01]]
R_hid(hidden representaion to predict r):
[[2.0756156  0.         0.         2.1699882  0.         0.         0.         0.         1.4379468  0.         0.         0.         0.05469407 0.93798226 0.        ]
 [1.8752365  0.         0.         0.34981358 0.90961224 0.         1.7363504  0.         1.5553956  0.         0.         0.         2.4215384  2.4272466  0.        ]
 [2.0236936  0.         0.         1.4697827  0.18410766 0.         0.         0.         0.64829385 0.         0.         1.5997374  1.3949344  1.5474087  0.20655309]
 [0.         0.8372721  0.         0.         1.5072049  0.         0.         0.         0.         0.         0.01928377 0.5426415  0.5273883  0.18965691 0.01281594]
 [0.         1.0517052  0.         1.3037697  1.269657   0.         0.         0.         0.         0.         0.         1.1139848  0.48743105 0.         0.        ]
 [0.         0.         0.         0.6289535  1.1570132  0.         0.         0.         0.         0.57914567 0.         1.6405319  0.23630688 0.10869401 0.18975505]
 [0.         0.81709343 0.5760974  0.         0.77242076 1.9633934  0.92730266 0.         0.31812653 0.6527339  0.40074036 0.4937042  0.8262647  0.8633941  1.335541  ]
 [0.         0.         0.5105358  0.         0.         0.         0.         0.4763506  0.         0.         1.2897627  0.         0.         0.22856687 0.18053482]
 [0.         1.1668683  0.35480016 0.         0.584607   0.03759978 0.         0.27873704 0.         0.593679   0.24542996 0.40021685 0.24524416 0.         0.        ]
 [0.         0.3887913  0.73183274 0.83932346 0.08287568 0.         0.         0.93275267 0.         0.         0.2988135  0.1613031  0.         0.         0.        ]
 [0.         1.4259337  0.682013   0.         0.         0.4945413  0.76209015 0.5144022  0.         1.116367   0.2884334  0.         0.09787372 0.         0.        ]
 [0.         0.5304976  0.54388255 0.         0.         1.0675231  0.11954719 0.7975828  0.         1.0944486  0.48110512 0.5054192  0.         0.         0.66909224]
 [0.         0.         0.8197413  0.         0.         0.40998685 0.35770747 0.9905696  0.44513634 0.49480882 0.68946457 0.         0.         0.         0.6090342 ]
 [0.         0.         0.96419924 0.         0.         1.0248804  0.8163018  1.0253748  0.7609687  0.6598463  1.148522   0.         0.         0.         1.0045043 ]
 [0.         0.         0.8339762  0.         0.         1.5063349  1.3956028  1.1576358  1.3106642  0.97192806 0.9599202  0.         0.         0.         0.96537566]]
topics:
[[-0.10906718 -0.10072818 -0.05695977  0.15895768  0.0062845   0.1845153   0.4537355   0.14419536  0.23168887  0.12393275 -0.0598736   0.05475149 -0.0199059  -0.09853245  0.19468446]
 [ 0.02930982  0.08669658 -0.11666486 -0.05165786  0.10863304  0.01139553 -0.09337548  0.02013063  0.18204643 -0.04055956 -0.11442325 -0.06645788  0.00578623  0.02477626  0.12315168]
 [ 0.01270076  0.1159369  -0.15601458  0.07455666  0.02235899  0.06280729  0.14440393  0.01513999 -0.04358837 -0.02468361 -0.0470977  -0.01613225  0.19442831 -0.04533207 -0.01483297]
 [-0.00779024  0.11953498 -0.04136464  0.3291087  -0.30917892  0.0576754   0.00974206  0.19758755 -0.42129275 -0.11055869  0.11140668 -0.15900771  0.1426188   0.39017904  0.13397552]
 [-0.02062079 -0.15174475  0.05960346 -0.33623913  0.06041454 -0.261463   -0.08064593 -0.22930762  0.2840482   0.01600139  0.08605456  0.15984432  0.04047833  0.16771689 -0.00430102]
 [ 0.27668926  0.03505452  0.02120042 -0.0580424   0.01302611 -0.04969713  0.07447438 -0.1536077  -0.10891169 -0.01930511 -0.30147702 -0.09243017 -0.11571733 -0.05269653 -0.04149687]
 [-0.06606767 -0.16715392  0.1304216   0.06654765  0.21706252 -0.0739541   0.06676773  0.02991843  0.11915626  0.04742038  0.00251806  0.10720937 -0.05283133 -0.04006439  0.40744293]
 [-0.03043236  0.18069117 -0.300882   -0.16051883  0.23615298  0.09778001  0.11121107  0.25433102  0.2029103   0.1851795  -0.11882503  0.66818845  0.18181214 -0.03489161 -0.08532559]
 [ 0.2280572   0.24430002 -0.17725885  0.00753704 -0.29567018 -0.22560295  0.11783055  0.3148394  -0.21185723 -0.21961743 -0.1072925  -0.08754834  0.23301421 -0.13634248 -0.16868083]
 [-0.02944396 -0.02727886  0.02604198 -0.01973759  0.06268356 -0.0221735  -0.0145722   0.03954099  0.05371908 -0.14316848  0.07521088 -0.01675718 -0.05179002 -0.01004131  0.04152948]]
R:
[[1.24445383e-03 6.15681405e-04 1.22060336e-03 9.10484872e-04 9.79233325e-01 6.24600914e-04 1.26768798e-02 1.38962781e-03 4.82891279e-04 1.60154211e-03]
 [6.30319002e-04 7.58128765e-04 4.19759890e-04 4.80753399e-04 9.81144369e-01 7.34860369e-04 1.17479516e-02 6.52998337e-04 2.53110914e-03 8.99593753e-04]
 [8.18979286e-04 1.13728689e-03 5.98617131e-04 5.62599045e-04 9.82857704e-01 6.28575450e-04 9.10744071e-03 7.82725983e-04 2.09006481e-03 1.41611020e-03]
 [1.21962959e-02 1.07470294e-02 3.03058722e-03 6.18879218e-03 9.37665403e-01 3.95388808e-03 1.23286117e-02 5.57143241e-03 4.69213771e-03 3.62579944e-03]
 [6.99930498e-03 9.06553119e-03 1.74253411e-03 2.86475313e-03 9.65091169e-01 2.20396696e-03 5.14836470e-03 2.62206490e-03 1.94335333e-03 2.31891405e-03]
 [7.37910671e-03 7.61114899e-03 1.94891787e-03 4.09130380e-03 9.53696549e-01 2.77436571e-03 8.83253198e-03 6.49356749e-03 3.93386511e-03 3.23863234e-03]
 [2.60699820e-02 1.85137503e-02 7.97792058e-03 2.20485721e-02 7.02085793e-01 1.88521035e-02 4.09489796e-02 2.85772644e-02 1.19769134e-01 1.51565149e-02]
 [5.91054074e-02 2.86523830e-02 9.92652494e-03 4.91199046e-02 5.06143451e-01 2.99349576e-02 4.94902730e-02 1.09469019e-01 1.22400850e-01 3.57572734e-02]
 [7.06526190e-02 3.65096293e-02 1.76987182e-02 3.87534983e-02 6.39934659e-01 1.90213099e-02 4.76909839e-02 3.56916487e-02 6.96698874e-02 2.43770722e-02]
 [7.83928558e-02 5.46714850e-02 2.18519531e-02 5.78137562e-02 4.52070862e-01 3.33859883e-02 5.24062924e-02 6.80209249e-02 1.19738095e-01 6.16477318e-02]
 [8.12392309e-02 3.02731339e-02 2.05735415e-02 6.02488816e-02 1.82372540e-01 2.78209019e-02 6.08383939e-02 8.57861564e-02 4.06029016e-01 4.48182784e-02]
 [7.09930882e-02 4.77576554e-02 2.49425154e-02 6.26850724e-02 1.61584705e-01 4.63812239e-02 5.31913862e-02 1.13743782e-01 3.60035181e-01 5.86854331e-02]
 [2.99320035e-02 2.41081584e-02 8.00354779e-03 3.76612246e-02 2.60931514e-02 1.78378616e-02 2.44851746e-02 2.27798805e-01 5.37418365e-01 6.66617304e-02]
 [1.51344715e-02 1.01151979e-02 2.98107788e-03 2.21040361e-02 6.81688683e-03 1.11191282e-02 1.28760226e-02 2.74877489e-01 6.03615105e-01 4.03605513e-02]
 [5.95640019e-03 3.91256437e-03 8.76516569e-04 1.06881531e-02 1.36822823e-03 4.72422689e-03 4.18117968e-03 3.13761294e-01 6.33899271e-01 2.06321739e-02]]
cosine similarity of topic:
[[ 9.9999976e-01  2.9675264e-05 -5.4501521e-05 -3.6108617e-05 -1.9318208e-05 -5.8705362e-05 -3.9996525e-05 -7.5237222e-06  7.5304430e-05  7.8748206e-05]
 [ 2.9675264e-05  1.0000004e+00 -7.2337338e-05 -4.1878935e-05  2.7530064e-05  1.3392336e-04 -1.2410025e-04  4.1349842e-05  1.4397549e-04 -3.4551933e-05]
 [-5.4501521e-05 -7.2337338e-05  9.9999946e-01 -4.4979130e-05 -5.3168878e-06 -7.9576239e-05 -3.7249660e-07  1.1605799e-05 -9.3900766e-05  6.0093218e-05]
 [-3.6108617e-05 -4.1878935e-05 -4.4979130e-05  9.9999994e-01 -3.6530826e-05 -9.9745002e-06  3.7674290e-05  2.6628546e-05 -1.1577107e-06  2.1661785e-05]
 [-1.9318208e-05  2.7530064e-05 -5.3168878e-06 -3.6530826e-05  9.9999982e-01 -7.9375357e-05 -2.8155384e-06 -3.2891225e-05 -9.4247669e-05 -2.1480128e-07]
 [-5.8705362e-05  1.3392336e-04 -7.9576239e-05 -9.9745002e-06 -7.9375357e-05  1.0000004e+00  2.7387896e-06  7.4379291e-06 -5.0196108e-05  2.2172315e-04]
 [-3.9996525e-05 -1.2410025e-04 -3.7249660e-07  3.7674290e-05 -2.8155384e-06  2.7387896e-06  9.9999988e-01  3.4914578e-05 -1.0625680e-04  2.2655696e-04]
 [-7.5237222e-06  4.1349842e-05  1.1605799e-05  2.6628546e-05 -3.2891225e-05  7.4379291e-06  3.4914578e-05  1.0000001e+00 -5.6445249e-05  1.7999622e-05]
 [ 7.5304430e-05  1.4397549e-04 -9.3900766e-05 -1.1577107e-06 -9.4247669e-05 -5.0196108e-05 -1.0625680e-04 -5.6445249e-05  1.0000002e+00  1.7232505e-05]
 [ 7.8748206e-05 -3.4551933e-05  6.0093218e-05  2.1661785e-05 -2.1480128e-07  2.2172315e-04  2.2655696e-04  1.7999622e-05  1.7232505e-05  9.9999994e-01]]
