hidden representaion(r*topic):
[[-5.37676923e-03  2.07307279e-01 -1.41200602e-01  1.57727316e-01 -3.09629977e-01  8.60579014e-02  5.50375655e-02  2.72420108e-01 -4.16726202e-01 -1.41502887e-01  1.50035575e-01 -1.86060324e-01  1.62823081e-01  1.86278015e-01  8.95726234e-02]
 [-5.37677296e-03  2.07307279e-01 -1.41200602e-01  1.57727316e-01 -3.09629977e-01  8.60579088e-02  5.50375767e-02  2.72420108e-01 -4.16726202e-01 -1.41502887e-01  1.50035575e-01 -1.86060324e-01  1.62823081e-01  1.86278015e-01  8.95726308e-02]
 [-5.37714362e-03  2.07306594e-01 -1.41200453e-01  1.57727435e-01 -3.09629172e-01  8.60581473e-02  5.50385676e-02  2.72419751e-01 -4.16724652e-01 -1.41502053e-01  1.50035024e-01 -1.86059818e-01  1.62822828e-01  1.86277196e-01  8.95729810e-02]
 [-1.78116001e-02  1.32805124e-01 -8.95865485e-02  1.26318350e-01 -2.43800700e-01  5.72674982e-02  6.59398362e-02  1.87128603e-01 -2.87723720e-01 -1.10086128e-01  1.23928659e-01 -1.93992868e-01  1.15429781e-01  1.38255164e-01  1.08654790e-01]
 [-1.56412739e-02  1.39471397e-01 -9.31261554e-02  1.27942160e-01 -2.49486953e-01  5.80708757e-02  6.19424433e-02  1.93572909e-01 -3.00615728e-01 -1.14866361e-01  1.26811102e-01 -1.93966284e-01  1.19028829e-01  1.43741429e-01  1.06354937e-01]
 [-2.31224839e-02  1.46448568e-01 -1.09226562e-01  1.43314406e-01 -2.47068852e-01  7.79861286e-02  9.02208686e-02  2.16030329e-01 -2.97945380e-01 -9.98062193e-02  1.19049728e-01 -1.71566322e-01  1.28934830e-01  1.34748369e-01  1.09312691e-01]
 [-2.69057713e-02  1.52249768e-01 -1.20682672e-01  1.52287394e-01 -2.43277058e-01  9.09041688e-02  1.06944486e-01  2.29749903e-01 -2.96663165e-01 -9.17442441e-02  1.13365494e-01 -1.54309213e-01  1.35154337e-01  1.28822714e-01  1.07852928e-01]
 [-4.29585874e-02  1.16677694e-01 -1.10378779e-01  1.53711230e-01 -1.99284315e-01  9.86512229e-02  1.49809241e-01  2.05581203e-01 -2.17157602e-01 -5.34989722e-02  8.50826949e-02 -1.29264176e-01  1.20115802e-01  8.96826908e-02  1.24040432e-01]
 [-3.27992029e-02  5.84540889e-02 -4.63556722e-02  9.97972935e-02 -1.51740402e-01  3.90771069e-02  9.15275216e-02  1.12953588e-01 -1.43664628e-01 -7.10139722e-02  8.50970298e-02 -1.62557364e-01  6.76476657e-02  7.61801004e-02  1.24076419e-01]
 [-3.13823074e-02  9.83965546e-02 -8.78566355e-02  1.21120125e-01 -1.56844944e-01  7.15222657e-02  1.10658951e-01  1.59566849e-01 -1.84859633e-01 -7.35857263e-02  8.01410452e-02 -1.19402774e-01  9.33793485e-02  8.12323987e-02  1.01953164e-01]
 [-2.91258208e-02  6.08410779e-03 -3.94555088e-03  6.79454580e-02 -7.72497207e-02  6.68777525e-03  7.56900385e-02  5.00921197e-02 -5.53324707e-02 -6.20221123e-02  5.67891300e-02 -1.38395950e-01  2.53255554e-02  4.32322510e-02  1.31331801e-01]
 [-3.32058780e-02  9.68906470e-03 -1.23259369e-02  7.79719427e-02 -8.70633721e-02  1.70893576e-02  9.40182060e-02  5.72130792e-02 -5.59251569e-02 -5.26241735e-02  5.42942658e-02 -1.40571028e-01  3.28360312e-02  4.10925038e-02  1.31727859e-01]
 [-2.66330242e-02  6.73253275e-03 -3.46960574e-02  7.60060921e-02  1.80079620e-02  4.25673425e-02  1.28375366e-01  5.58216758e-02  3.02613825e-02 -7.53575843e-03 -2.97204144e-02 -2.29929313e-02  1.46431224e-02 -1.93903185e-02  1.16363533e-01]
 [-2.24715564e-04  4.34642248e-02 -5.91629706e-02  5.90329841e-02  3.46712284e-02  5.24604060e-02  9.98630226e-02  7.59139806e-02  3.62916328e-02  9.64068249e-03 -7.61067867e-02  3.01715289e-03  1.75918452e-03 -4.12994884e-02  9.29958597e-02]
 [ 2.05183253e-02  1.25418305e-01 -1.22513227e-01  3.62189002e-02  4.82227765e-02  9.52274874e-02  6.54558539e-02  1.55454263e-01  5.01436591e-02  5.10792583e-02 -1.43053189e-01  4.27529067e-02 -1.42894723e-02 -9.57999974e-02  7.07047880e-02]]
R_hid(hidden representaion to predict r):
[[ 4.85367680e+00  1.47078209e+01 -9.18141842e-01 -2.48767815e+01 -5.99628538e-02  4.68921547e+01 -3.68019462e-01 -1.25592220e+00 -2.69665360e+00 -2.52916069e+01 -5.34555006e+00 -1.53554659e+01  2.26737671e+01  3.58362985e+00 -6.10327911e+00]
 [-9.15138054e+00  1.08069210e+01 -1.63793602e+01 -1.92859757e+00 -2.48151064e+00 -1.56012431e-01  5.91839933e+00  4.26229668e+01  4.85236079e-01 -2.11657211e-03 -1.04603519e+01 -3.46979737e-01  7.82012105e-01  2.96268392e+00  2.13305354e+00]
 [ 7.82243907e-01  1.26943827e-01 -1.92816496e-01 -6.19850445e+00 -5.12768555e+00  3.13612342e+00 -1.39494991e+00  6.71759129e+00  8.02865028e-02 -4.43038642e-01 -5.27995253e+00  4.75512600e+00  1.06109447e+01  3.03320479e+00 -3.20405841e-01]
 [ 1.60164088e-02  5.54271825e-02 -9.91446674e-01  1.41651869e-01  2.91251063e-01 -5.88366389e-03  1.65768349e+00 -7.19018757e-01  4.96395584e-03  1.61543548e-01 -5.36414325e-01  2.03646287e-01 -2.76619881e-01  4.92085218e-01 -2.39139080e-01]
 [-4.40079048e-02  4.76975292e-02  1.33611262e-01  2.50216901e-01 -1.23164043e-01  2.40297526e-01  6.92766726e-01 -8.36145699e-01  1.73476413e-02 -6.84910268e-02 -4.03785348e-01  9.42943618e-04 -1.65996611e-01 -9.88582194e-01 -7.03698397e-01]
 [ 4.27268445e-01 -6.37198687e-02 -2.61751699e+00  2.33123749e-02 -4.96298671e-02 -2.17499584e-01  6.31368637e-01  1.47899103e+00  1.47368267e-01  1.20087183e+00 -1.07768171e-01 -5.89663506e-01 -1.03318906e+00  1.30830556e-01  7.76875436e-01]
 [-1.36077762e+00  2.88926268e+00 -1.07870841e+00  1.48513865e+00  2.04543877e+00  9.10793006e-01  3.03897095e+00  3.50030422e+00  6.14144802e-02  8.35183144e-01  1.14997908e-01 -5.50220311e-02  2.75953341e+00 -1.08957112e+00  2.14800462e-01]
 [-2.72275150e-01  1.13017547e+00 -1.73746288e+00 -1.47118449e-01 -1.20516956e+00  5.71837711e+00 -1.14007211e+00  1.48825431e+00  2.06633878e+00 -1.08111310e+00  2.02509832e+00 -2.12189126e+00 -4.11891460e-01 -6.34907961e-01 -3.01250398e-01]
 [-1.16090775e-01  3.52244288e-01  5.11515439e-01 -1.29230946e-01  6.38915658e-01 -2.40895152e-02  8.20782125e-01 -8.71351421e-01  8.54816660e-02  3.74133885e-02 -1.13681602e+00 -4.22553003e-01 -2.01133460e-01 -7.88707733e-01 -6.82183325e-01]
 [-8.01448822e-02 -5.14583588e-01  3.05282116e-01  1.86443305e+00  1.71021402e-01  1.66857648e+00 -1.32779396e+00  1.59291768e+00  8.08610320e-02 -1.66753507e+00  2.26714209e-01 -1.71714172e-01  3.10800374e-01 -6.37247086e+00 -8.18746835e-02]
 [-3.03314775e-02  6.22814357e-01  8.90668035e-01 -3.22740018e-01  2.97806561e-01  5.93546331e-02  1.14343524e+00 -3.91842812e-01 -5.25132179e-01 -6.08623400e-03 -5.91441989e-01 -1.47486067e+00 -2.38027051e-03 -5.03716588e-01 -2.90574342e-01]
 [ 3.68854403e-01 -5.32527361e-03  4.12479311e-01 -4.33847681e-02  2.05972165e-01 -5.12399860e-02  7.79309273e-02 -1.48675546e-01 -4.83268172e-01  1.90658122e-01  2.62734681e-01  3.11189383e-01 -6.89184189e-01 -4.38511401e-01  1.56306452e-03]
 [ 1.05293727e+00 -9.41181004e-01  1.17424941e+00  2.72205257e+00 -1.45215899e-01 -8.05972278e-01 -1.76166391e+00  1.79731417e+00 -3.39612752e-01 -1.51913929e+00  9.25003409e-01  5.19593775e-01 -1.72773647e+00 -6.29430294e+00  2.48229682e-01]
 [ 1.50580645e+00 -1.41513991e+00  6.32343531e-01  3.06428719e+00  3.91088605e-01 -2.35275531e+00 -1.86510825e+00  1.92201400e+00 -5.17378867e-01 -1.50954902e+00  1.29109883e+00  6.93603694e-01 -4.31784248e+00 -5.53196716e+00  3.36683452e-01]
 [ 1.59465432e+00 -7.79598475e-01 -1.68994427e-01  3.61559653e+00  3.69593382e-01 -1.29438782e+00 -2.58694029e+00  2.61064291e+00 -1.01280725e+00 -1.59585583e+00  1.98525906e+00  1.44105601e+00 -3.22999787e+00 -5.57396317e+00  6.49027526e-03]]
topics:
[[-1.66607529e-01 -7.50616714e-02 -9.12992954e-02  2.15201423e-01  2.30713021e-02  2.01174289e-01  4.91242766e-01  1.36802256e-01  2.48666793e-01  2.20970646e-01 -8.51656124e-02  3.61878350e-02  6.62416816e-02 -1.57292441e-01  2.43834153e-01]
 [ 3.18729468e-02 -1.34488344e-02 -4.79959063e-02  1.95703059e-02  1.67061910e-01  5.04765240e-03 -1.18084036e-01 -5.20885624e-02  1.76327944e-01 -1.92950014e-03 -9.15557370e-02  1.40077651e-01  3.53862271e-02  2.59754777e-01  1.04072355e-01]
 [-3.10932919e-02  9.83853117e-02 -1.48288697e-01  8.60681236e-02  1.59884635e-02  1.21297210e-01  1.73529774e-01  1.70887392e-02 -1.94202792e-02 -4.89745326e-02 -2.79793162e-02  1.37372250e-02  7.68223181e-02 -6.28550537e-03 -5.09903617e-02]
 [-5.37676923e-03  2.07307279e-01 -1.41200602e-01  1.57727316e-01 -3.09629977e-01  8.60579014e-02  5.50375655e-02  2.72420108e-01 -4.16726202e-01 -1.41502887e-01  1.50035575e-01 -1.86060324e-01  1.62823081e-01  1.86278015e-01  8.95726234e-02]
 [-6.18900033e-03 -2.05460638e-01  2.39425465e-01 -1.18469864e-01 -6.01651557e-02 -2.15313226e-01 -1.20349176e-01 -3.33306521e-01  1.72500983e-01 -1.09517738e-01  1.03478387e-01 -4.67940480e-01 -1.40796170e-01  3.77953947e-02  1.53352574e-01]
 [ 2.45438606e-01  8.38219095e-03  3.62560637e-02 -7.97232147e-03  4.03721221e-02 -5.66489249e-02  7.22658560e-02 -1.85448632e-01 -1.08297274e-01  6.63482249e-02 -2.71158010e-01 -5.60742095e-02 -5.71714602e-02 -5.91496117e-02 -3.55482958e-02]
 [-6.96565136e-02 -1.84988573e-01  1.58834592e-01  5.46064824e-02  2.09157214e-01 -9.40515473e-02  6.14657551e-02  1.29294479e-02  1.19649388e-01 -1.24305291e-02 -3.98353785e-02  6.39728755e-02 -5.96159101e-02  3.99953173e-03  4.29731131e-01]
 [-6.89342292e-03  3.07256699e-01 -3.00006241e-01  3.96957919e-02  3.57494429e-02  2.38723338e-01  6.87591955e-02  3.64423096e-01  1.05962560e-01  1.49501920e-01 -2.44519234e-01  1.08796403e-01  2.22774979e-04 -1.94086194e-01  4.83185090e-02]
 [ 2.48280898e-01  4.26287502e-02  4.81905229e-02  2.65950441e-01 -2.12869495e-01 -1.86818212e-01  3.06193754e-02  8.76010358e-02 -2.97494501e-01 -2.08255380e-01 -1.48953408e-01 -4.58152108e-02  8.14714953e-02  2.12958038e-01 -5.14927544e-02]
 [-1.99658126e-02 -1.95209421e-02  1.72205810e-02 -1.68597028e-02  6.88182861e-02 -1.41400043e-02 -2.68783583e-03  4.06776555e-02  5.36954030e-02 -1.10938385e-01  8.48450512e-02 -3.01899924e-03 -5.46905398e-02 -3.89824957e-02  2.84028053e-02]]
R:
[[2.12103582e-13 3.87885365e-33 3.85575105e-18 1.00000000e+00 1.90333617e-11 2.12244147e-23 4.74600935e-23 1.65352456e-33 4.24112885e-27 3.66176562e-18]
 [2.21585186e-08 2.45401301e-29 1.62698223e-11 1.00000000e+00 8.98471835e-13 1.43243828e-24 7.24914553e-17 1.62264018e-30 1.44890329e-24 6.45536250e-13]
 [2.32300704e-06 3.96184406e-24 1.97010319e-09 9.99997616e-01 6.82040735e-08 4.25421702e-17 3.04176795e-09 1.68359602e-24 3.61683831e-15 1.20701127e-09]
 [6.98357224e-02 1.48786754e-07 7.07579777e-03 7.82768130e-01 1.10198244e-01 2.19210833e-05 1.02949757e-02 3.32481648e-07 1.54685506e-04 1.96500290e-02]
 [5.68717457e-02 1.10476356e-06 8.01209547e-03 8.02168250e-01 1.01566285e-01 5.20517315e-05 1.15704276e-02 3.13798046e-06 7.91679893e-04 1.89632252e-02]
 [1.04272939e-01 2.47955739e-07 6.01976318e-03 8.04719448e-01 5.56936935e-02 1.36574617e-05 6.85386313e-03 9.97738084e-07 1.14184259e-04 2.23112535e-02]
 [1.27205834e-01 2.80229642e-06 1.63217876e-02 8.00839663e-01 2.19797101e-02 1.66660058e-04 4.08341736e-03 1.80906034e-06 2.51846534e-04 2.91464515e-02]
 [2.23816991e-01 1.21739813e-05 3.12167276e-02 6.71906412e-01 2.86794621e-02 2.24852352e-03 1.33811804e-02 4.65485173e-05 1.67122445e-04 2.85248812e-02]
 [1.47908673e-01 8.51396107e-05 4.09858972e-02 5.16535282e-01 1.58990473e-01 1.58098899e-03 3.99511904e-02 1.71495863e-04 4.26871888e-03 8.95221680e-02]
 [1.30224377e-01 2.29823985e-04 1.13989621e-01 5.57374418e-01 5.08656614e-02 2.89196637e-03 3.63133810e-02 1.24208385e-03 4.19264939e-03 1.02675959e-01]
 [1.24245666e-01 2.61015375e-03 7.45485350e-02 3.20201904e-01 1.92234099e-01 1.25252008e-02 1.00021474e-01 6.39024563e-03 1.48981009e-02 1.52324632e-01]
 [1.62904724e-01 1.91077078e-03 7.33420476e-02 3.32727373e-01 1.91288084e-01 1.21492613e-02 7.89723843e-02 4.21024160e-03 1.68531295e-02 1.25642017e-01]
 [1.57673672e-01 1.20993955e-02 2.10816830e-01 8.76572654e-02 6.34544119e-02 5.00061810e-02 1.52175829e-01 7.22548515e-02 3.49128358e-02 1.58948764e-01]
 [9.43947285e-02 2.27798019e-02 1.68996856e-01 4.26843911e-02 4.20464501e-02 1.00300677e-01 1.34059817e-01 1.93494022e-01 3.94890197e-02 1.61754265e-01]
 [1.96322147e-02 1.11951651e-02 5.66183291e-02 1.38204992e-02 1.06014796e-02 1.35417774e-01 1.01983242e-01 4.58361119e-01 2.31141709e-02 1.69255972e-01]]
cosine similarity of topic:
[[ 9.9999994e-01  1.7032721e-04  3.2210973e-01  6.2141931e-05 -1.9465795e-05 -8.1311213e-05  7.5020216e-05  2.8045366e-05 -6.1544961e-06  1.4608754e-04]
 [ 1.7032721e-04  1.0000001e+00  8.7377673e-05  3.4967434e-05  4.1473148e-05  3.5084249e-05  7.8222525e-05 -5.9677466e-05  9.6280542e-05  1.4807086e-04]
 [ 3.2210973e-01  8.7377673e-05  1.0000000e+00  3.2439257e-05  2.4077655e-05  9.9438599e-05  9.1950198e-05 -7.6347984e-05  6.2290004e-05 -3.6834561e-05]
 [ 6.2141931e-05  3.4967434e-05  3.2439257e-05  9.9999982e-01 -2.7769751e-05  8.5683903e-05  1.6901809e-05  3.1827789e-05  1.9821922e-05  2.8420895e-04]
 [-1.9465795e-05  4.1473148e-05  2.4077655e-05 -2.7769751e-05  9.9999988e-01  9.5588325e-07 -4.0405484e-06 -5.3054982e-01  7.5584321e-05  8.4445448e-05]
 [-8.1311213e-05  3.5084249e-05  9.9438599e-05  8.5683903e-05  9.5588325e-07  1.0000001e+00 -4.4176559e-05  2.0376487e-05  1.0532537e-04 -1.5847465e-05]
 [ 7.5020216e-05  7.8222525e-05  9.1950198e-05  1.6901809e-05 -4.0405484e-06 -4.4176559e-05  1.0000001e+00  4.0300754e-05  9.6566976e-07 -4.5535518e-05]
 [ 2.8045366e-05 -5.9677466e-05 -7.6347984e-05  3.1827789e-05 -5.3054982e-01  2.0376487e-05  4.0300754e-05  1.0000000e+00  8.6959917e-06  4.1675259e-05]
 [-6.1544961e-06  9.6280542e-05  6.2290004e-05  1.9821922e-05  7.5584321e-05  1.0532537e-04  9.6566976e-07  8.6959917e-06  9.9999976e-01 -4.8824109e-05]
 [ 1.4608754e-04  1.4807086e-04 -3.6834561e-05  2.8420895e-04  8.4445448e-05 -1.5847465e-05 -4.5535518e-05  4.1675259e-05 -4.8824109e-05  1.0000000e+00]]
